0 0.0495253164556962 0.3206742857142857 0.029889240506329122 0.0520685714285715
0 0.0495253164556962 0.38417142857142855 0.029889240506329122 0.05206857142857137
0 0.0471782700421941 0.4540228571428571 0.02988924050632911 0.05206857142857137
0 0.04805379746835443 0.5187885714285714 0.04102320675105485 0.0520685714285715
0 0.04805379746835443 0.5797371428571428 0.046888185654008444 0.05206857142857137
0 0.05011075949367089 0.647062857142857 0.04395569620253165 0.04699428571428559
0 0.04835443037974684 0.7785028571428572 0.041613924050632904 0.05080000000000005
0 0.04747362869198313 0.9423314285714285 0.02578586497890296 0.04826285714285716
0 0.04864451476793249 0.9889485714285715 0.046888185654008444 0.02210285714285705
0 0.5055116033755275 0.04317714285714286 0.1693829113924051 0.08635428571428572
0 0.9694356540084388 0.12538285714285713 0.05711497890295357 0.06838857142857144
0 0.9699367088607594 0.21006857142857144 0.05611286919831217 0.06838857142857147
0 0.9706909282700422 0.30070857142857144 0.05861814345991555 0.07381714285714289
0 0.9716930379746835 0.38918857142857144 0.05661392405063299 0.07273142857142856
0 0.9716930379746835 0.47060571428571424 0.05661392405063299 0.07056000000000001
0 0.8544198312236287 0.9413600000000001 0.019467299578058993 0.04218285714285724