0 0.07323838080959519 0.26626373626373623 0.07496251874062967 0.05071428571428571
0 0.17068965517241377 0.26626373626373623 0.09457271364317839 0.045091575091575097
0 0.2894752623688156 0.26274725274725275 0.13377811094452777 0.049304029304029336
0 0.4117241379310345 0.26274725274725275 0.08764617691154424 0.040860805860805864
0 0.5270464767616192 0.2648717948717949 0.12686656671664168 0.047893772893772855
0 0.11416791604197903 0.18384615384615383 0.17068965517241377 0.05776556776556775
0 0.24103448275862072 0.18525641025641026 0.08302848575712143 0.04648351648351647
0 0.3523238380809595 0.18807692307692309 0.10725637181409294 0.052124542124542136
0 0.47457271364317843 0.18384615384615383 0.12340329835082467 0.054945054945054944
0 0.44805097451274367 0.5297252747252748 0.08188905547226387 0.050714285714285816
0 0.5887406296851574 0.5346520146520147 0.1326236881559221 0.05212454212454219
0 0.7236731634182908 0.6572344322344322 0.11187406296851575 0.057765567765567696
0 0.5183958020989505 0.9242124542124542 0.17875562218890556 0.05353479853479857
2 0.5183958020989505 0.6501831501831502 0.27793103448275863 0.054945054945054944
2 0.578935532233883 0.7375274725274725 0.4036431784107946 0.057765567765567696