0 0.07667056074766354 0.10787486515641856 0.10660046728971963 0.0296655879180151
0 0.29059579439252337 0.10787486515641856 0.06133177570093458 0.037756202804746494
0 0.4227570093457944 0.10585760517799352 0.07739485981308411 0.025620280474649405
0 0.5592873831775701 0.1045091693635383 0.0963785046728972 0.025620280474649405
0 0.7206542056074766 0.10248112189859762 0.10952102803738317 0.0296655879180151
0 0.8491588785046729 0.0586623516720604 0.05110981308411215 0.0256202804746494
0 0.9061098130841121 0.053268608414239485 0.039427570093457945 0.022923408845738943
0 0.9557593457943925 0.0586623516720604 0.03650700934579439 0.03371089536138079
0 0.9177920560747663 0.10720604099244875 0.11828271028037383 0.025620280474649405
0 0.9236331775700934 0.16181229773462782 0.06279205607476636 0.016181229773462782
0 0.9433411214953271 0.19687162891046386 0.04088785046728972 0.021574973031283712
0 0.6439836448598131 0.34183387270765914 0.3533878504672897 0.03910463861920173
0 0.6454439252336449 0.39307443365695793 0.36507009345794394 0.03640776699029126
0 0.6366822429906542 0.947950377562028 0.07885514018691589 0.024271844660194174
0 0.16574766355140186 0.06135922330097087 0.05987149532710281 0.022923408845738937
0 0.24898364485981309 0.05393743257820928 0.09199766355140188 0.016181229773462782
0 0.815572429906542 0.01686084142394822 0.03358644859813084 0.017529665587918016
0 0.8739836448598131 0.018878101402373247 0.027745327102803738 0.01348435814455232
1 0.9382359813084112 0.01551240560949299 0.0540303738317757 0.009439050701186625
2 0.5016121495327103 0.06067961165048544 0.34024532710280375 0.024271844660194174