0 0.0762012012012012 0.07814761215629522 0.054804804804804805 0.04341534008683068
0 0.14451951951951952 0.07814761215629522 0.04129129129129129 0.03762662807525326
0 0.2057057057057057 0.07452966714905933 0.04954954954954955 0.0361794500723589
0 0.24211711711711711 0.16931982633863965 0.02177177177177177 0.01447178002894356
0 0.8753753753753754 0.1772793053545586 0.1006006006006006 0.09117221418234443
0 0.6216216216216216 0.45224312590448623 0.009009009009009009 0.03328509406657019
0 0.9331831831831832 0.4507959479015919 0.015015015015015015 0.04486251808972504
0 0.9354354354354354 0.5607814761215629 0.012012012012012012 0.03907380607814761
0 0.6238738738738738 0.565123010130246 0.018018018018018018 0.03328509406657019
0 0.31456456456456455 0.4558610709117221 0.013513513513513514 0.03473227206946455
0 0.3126876876876877 0.5578871201157742 0.01126126126126126 0.0361794500723589
0 0.45570570570570573 0.9088277858176556 0.013513513513513514 0.02894356005788712
0 0.5247747747747747 0.9073806078147613 0.01951951951951952 0.023154848046309694
1 0.914039039039039 0.07091172214182344 0.0518018018018018 0.04341534008683068