1 0.0339943342776204 0.1528711790393013 0.049575070821529746 0.04959606986899564
1 0.05338526912181303 0.21439956331877727 0.08303824362606232 0.032925764192139766
1 0.06763456090651558 0.372674672489083 0.11685552407932011 0.04379912663755459
1 0.07233002832861189 0.4354475982532751 0.12446883852691218 0.03832969432314412
1 0.058604815864022664 0.49670305676855897 0.1023371104815864 0.03858078602620091
1 0.07711048158640227 0.6575764192139738 0.12871813031161472 0.03608078602620082
1 0.07365439093484419 0.7166484716157205 0.12889518413597734 0.03524017467248906
1 0.07365439093484419 0.7792794759825328 0.12181303116147309 0.038231441048034914
1 0.06453966005665722 0.8413646288209607 0.12305240793201133 0.04230349344978166
0 0.9836260623229462 0.11125545851528384 0.02531869688385269 0.031866812227074236
0 0.4447592067988669 0.11138646288209607 0.028328611898016998 0.03432314410480349
0 0.31524787535410764 0.030884279475982532 0.04125354107648725 0.037074235807860255
0 0.36455382436260625 0.03075327510917031 0.03647308781869688 0.023700873362445418
0 0.42130311614730875 0.03143013100436681 0.05223087818696884 0.02506550218340611
0 0.4747733711048159 0.032936681222707424 0.023194050991501416 0.019334061135371183
0 0.5239022662889519 0.03197598253275109 0.04355524079320113 0.02397379912663755
0 0.5923371104815864 0.03512008733624454 0.06427053824362607 0.025884279475982538
0 0.6532436260623229 0.03197598253275109 0.034525495750708214 0.02397379912663755
0 0.7018413597733711 0.03306768558951965 0.0453257790368272 0.021790393013100432
0 0.33720254957507084 0.8947052401746725 0.20980878186968838 0.04200873362445417
0 0.6107507082152974 0.8889847161572052 0.21157932011331446 0.048024017467248915
0 0.8776558073654391 0.8964847161572052 0.2071529745042493 0.05210698689956334