0 0.5094636015325671 0.8260496613995485 0.1424808429118774 0.06348758465011287
0 0.7728735632183908 0.14390519187358916 0.020354406130268198 0.019751693002257337
0 0.7902298850574713 0.506489841986456 0.035919540229885055 0.04232505643340858
0 0.21851532567049808 0.5114334085778781 0.02753831417624521 0.03809255079006772
0 0.05387931034482758 0.9424379232505643 0.06944444444444445 0.022573363431151242
0 0.04729885057471264 0.9741873589164786 0.046695402298850566 0.018340857787810385
0 0.2927490421455939 0.9360948081264109 0.0610632183908046 0.012697516930022574
0 0.30831417624521074 0.9720654627539503 0.09937739463601533 0.016930022573363433
0 0.5842911877394636 0.9389164785553047 0.15804597701149425 0.015519187358916478
0 0.553764367816092 0.9748871331828443 0.09937739463601533 0.019751693002257337
0 0.8135823754789272 0.9741873589164786 0.13769157088122605 0.018340857787810385
0 0.7896360153256705 0.9396162528216704 0.08740421455938698 0.016930022573363433
3 0.5028735632183908 0.4909706546275395 0.617816091954023 0.7957110609480813