0 0.96975 0.03166137566137566 0.0405 0.04572486772486773
0 0.90513 0.03125925925925926 0.04375 0.04916402116402116
0 0.84363 0.03258201058201058 0.05075 0.051809523809523805
0 0.78075 0.031396825396825395 0.0525 0.05154497354497355
0 0.638 0.029417989417989416 0.032 0.026423280423280418
0 0.8885 0.23203174603174603 0.023 0.02318518518518521
0 0.36575 0.09064550264550264 0.0425 0.028253968253968243
0 0.31138 0.08588359788359788 0.04125 0.027195767195767183
0 0.26263 0.089989417989418 0.03875 0.02693121693121692
0 0.2005 0.08138624338624338 0.027 0.04148148148148148
0 0.14687999999999998 0.0872063492063492 0.04225 0.029841269841269828
0 0.09537999999999999 0.08681481481481482 0.01925 0.03328042328042327
0 0.04488 0.09011640211640211 0.02825 0.0293121693121693
0 0.8435 0.33386243386243386 0.113 0.036380952380952375
0 0.6685 0.3386243386243386 0.033 0.026857142857142854
1 0.70563 0.38822222222222225 0.39475 0.051978835978835985
3 0.70063 0.5946772486772487 0.39475 0.08604232804232799
0 0.47013 0.6254920634920635 0.02375 0.03761904761904757
0 0.13425 0.6251005291005292 0.0195 0.03048677248677243
0 0.7005 0.8357777777777777 0.397 0.08782010582010583
0 0.8115 0.9751322751322752 0.165 0.04973544973544974
0 0.6415 0.9746031746031746 0.157 0.050793650793650794
0 0.5235 0.9693121693121693 0.051 0.061375661375661375
0 0.87888 0.5117566137566137 0.01625 0.021788359788359822
2 0.51475 0.030465608465608463 0.3005 0.04546031746031745