0 0.5255301455301455 0.05887780548628429 0.036964656964657026 0.015236907730673314
0 0.5728794178794179 0.05264339152119701 0.03464656964656957 0.01662094763092269
0 0.6283160083160084 0.05402743142144638 0.053128898128898025 0.01662094763092269
0 0.695883575883576 0.05749376558603491 0.045041580041579966 0.015236907730673314
0 0.7588357588357588 0.05472568578553616 0.04158004158004158 0.012468827930174564
0 0.215987525987526 0.346359102244389 0.018482328482328513 0.016620947630922745
0 0.46662162162162163 0.34497506234413966 0.011548856548856562 0.016620947630922745
0 0.7195634095634096 0.3470448877805486 0.011548856548856444 0.012468827930174564
0 0.9696257796257796 0.3491271820448878 0.015010395010395068 0.013852867830423957
0 0.9696257796257796 0.8180922693266833 0.01963617463617474 0.02632169576059838
0 0.7155197505197506 0.8180922693266833 0.017328482328482404 0.018004987531172138
0 0.46662162162162163 0.8160099750623442 0.0138565488565489 0.02216957605985034
0 0.2154054054054054 0.8180922693266833 0.015010395010395009 0.018004987531172138
1 0.8287110187110187 0.05195760598503741 0.06583160083160075 0.015236907730673314
1 0.924002079002079 0.05472568578553616 0.07391891891891882 0.015236907730673314