0 0.09203074433656958 0.16780434782608694 0.08495145631067962 0.025815217391304348
0 0.0773705501618123 0.2595108695652174 0.05764563106796117 0.01358695652173913
0 0.1663673139158576 0.26155434782608694 0.10012135922330097 0.014945652173913044
0 0.2366504854368932 0.25679347826086957 0.024271844660194174 0.019021739130434784
0 0.2675 0.26222826086956524 0.013147249190938511 0.01358695652173913
0 0.3059304207119741 0.2608695652173913 0.061690938511326864 0.01358695652173913
0 0.3473948220064725 0.2574782608695652 0.013147249190938511 0.014945652173913044
0 0.3817799352750809 0.26155434782608694 0.05157766990291262 0.02309782608695652
0 0.4242556634304207 0.26155434782608694 0.029328478964401293 0.012228260869565218
0 0.4641990291262136 0.26222826086956524 0.034385113268608415 0.010869565217391304
0 0.5046521035598706 0.26222826086956524 0.02831715210355987 0.010869565217391304
0 0.5501618122977346 0.2588369565217391 0.03843042071197411 0.012228260869565218
0 0.5946601941747572 0.26358695652173914 0.040453074433656956 0.01358695652173913
0 0.5567394822006473 0.21943478260869564 0.05764563106796117 0.02309782608695652
0 0.6336003236245955 0.2588369565217391 0.023260517799352752 0.009510869565217392
0 0.6826456310679612 0.2608695652173913 0.05663430420711974 0.01358695652173913
0 0.7382686084142395 0.2588369565217391 0.03640776699029126 0.014945652173913044
0 0.13147249190938512 0.2846521739130435 0.07483818770226537 0.014945652173913044
0 0.18709546925566342 0.28329347826086954 0.024271844660194174 0.014945652173913044
0 0.21844660194174756 0.28125 0.022249190938511326 0.010869565217391304
0 0.25991100323624594 0.28057608695652175 0.05461165048543689 0.017663043478260868
0 0.30339805825242716 0.2866847826086957 0.020226537216828478 0.010869565217391304
0 0.3327265372168285 0.2826086956521739 0.03843042071197411 0.016304347826086956
0 0.3655987055016181 0.2826086956521739 0.023260517799352752 0.01358695652173913
0 0.4116100323624595 0.28532608695652173 0.05663430420711974 0.021739130434782608
0 0.5162864077669903 0.2826086956521739 0.03944174757281554 0.016304347826086956
0 0.5638187702265373 0.28329347826086954 0.04146440129449838 0.014945652173913044
0 0.6219660194174758 0.2860108695652174 0.058656957928802586 0.009510869565217392
0 0.6907362459546925 0.27853260869565216 0.05461165048543689 0.016304347826086956
0 0.0692799352750809 0.30231521739130435 0.04146440129449838 0.012228260869565218
0 0.18406148867313915 0.30367391304347824 0.08495145631067962 0.017663043478260868
0 0.6275323624595469 0.3797608695652174 0.09000809061488674 0.03125
0 0.7094498381877022 0.37704347826086954 0.05966828478964401 0.020380434782608696
0 0.8166504854368933 0.2907608695652174 0.02528317152103569 0.059782608695652176
0 0.8606391585760518 0.2826086956521739 0.01820388349514563 0.04619565217391304
0 0.8955339805825243 0.28804347826086957 0.027305825242718445 0.051630434782608696
0 0.9476132686084142 0.2887282608695652 0.026294498381877023 0.06385869565217392
0 0.7923786407766991 0.561141304347826 0.04753236245954692 0.029891304347826088
0 0.8358656957928804 0.5604673913043479 0.031351132686084145 0.025815217391304348
0 0.8753074433656959 0.5584239130434783 0.03539644012944984 0.03260869565217391
0 0.90665857605178 0.5604673913043479 0.0252831715210356 0.028532608695652172
0 0.9476132686084142 0.5645434782608696 0.034385113268608415 0.033967391304347824
0 0.9410436893203884 0.8057065217391305 0.029328478964401293 0.024456521739130436
0 0.7989482200647249 0.8797608695652174 0.06877022653721683 0.08559782608695653
0 0.8672168284789645 0.8777173913043478 0.05360032362459547 0.07336956521739131
0 0.9243527508090615 0.876358695652174 0.05461165048543689 0.07608695652173914
0 0.11377831715210356 0.7255434782608695 0.029328478964401293 0.043478260869565216
0 0.14259708737864077 0.7282608695652174 0.026294498381877023 0.035326086956521736
0 0.1739482200647249 0.7255434782608695 0.032362459546925564 0.035326086956521736
0 0.20176375404530744 0.7214673913043478 0.0252831715210356 0.03260869565217391
0 0.2326051779935275 0.7235108695652174 0.034385113268608415 0.03940217391304348
0 0.1704126213592233 0.8104673913043479 0.23968446601941748 0.03940217391304348
0 0.7094498381877022 0.5523152173913043 0.023260517799352752 0.014945652173913044
0 0.9506472491909385 0.37771739130434784 0.024271844660194174 0.021739130434782608
1 0.24525080906148866 0.16847826086956522 0.12034789644012946 0.024456521739130436
1 0.38531553398058255 0.16916304347826086 0.12135922330097088 0.020380434782608696
1 0.5233656957928803 0.16847826086956522 0.12034789644012946 0.024456521739130436
1 0.6629288025889968 0.16847826086956522 0.1223705501618123 0.021739130434782608
3 0.5112297734627833 0.07201086956521739 0.9132281553398058 0.10869565217391304