0 0.0448334756618275 0.11101499423298732 0.059777967549103334 0.02883506343713956
0 0.10034158838599487 0.1131833910034602 0.040563620836891544 0.02162629757785467
0 0.1627924850555081 0.11966551326412918 0.048035866780529464 0.031718569780853516
0 0.21669513236549956 0.11678200692041522 0.0448334756618275 0.020184544405997693
0 0.28234842015371475 0.11245674740484429 0.05230572160546541 0.02306805074971165
0 0.3560034158838599 0.1182237600922722 0.05230572160546541 0.025951557093425604
0 0.4077711357813834 0.11966551326412918 0.04696840307429547 0.02306805074971165
0 0.47449188727583264 0.11534025374855825 0.06725021349274125 0.02306805074971165
0 0.5385397096498719 0.11389850057670127 0.04376601195559351 0.01730103806228374
0 0.5935098206660974 0.11101499423298732 0.04696840307429547 0.01730103806228374
0 0.14624252775405636 0.03965397923875433 0.06831767719897523 0.03316032295271049
0 0.21989752348420152 0.03965397923875433 0.036293766011955594 0.027393310265282585
0 0.27967549103330486 0.03677047289504037 0.08112724167378309 0.03892733564013841
0 0.70933390264731 0.03748558246828143 0.03736122971818958 0.03460207612456748
0 0.7578992314261315 0.03892733564013841 0.036293766011955594 0.02883506343713956
0 0.8144748078565329 0.03748558246828143 0.057643040136635355 0.020184544405997693
0 0.8726558497011102 0.03821222606689735 0.05444064901793349 0.027393310265282585
0 0.9399060631938515 0.28042675893886965 0.028821520068317678 0.04469434832756632
0 0.9807856532877882 0.2768166089965398 0.03842869342442357 0.04152249134948097
0 0.6511528608027327 0.6740253748558247 0.0533731853116994 0.027393310265282585
0 0.9564474807856533 0.6870011534025375 0.040563620836891544 0.04469434832756632
0 0.6874466268146883 0.9734717416378316 0.18445772843723313 0.0530565167243368
0 0.8998719043552519 0.9728950403690888 0.19854824935952178 0.05420991926182238
0 0.041631084543125536 0.26528258362168394 0.05123825789923143 0.06632064590542099
0 0.04430401366353544 0.3517877739331027 0.06084543125533732 0.07208765859284891
0 0.04269854824935952 0.4231603229527105 0.05123825789923143 0.06776239907727798
0 0.03789923142613151 0.4995732410611303 0.05871050384286934 0.07064590542099193
0 0.03949615713065756 0.5803114186851211 0.07258753202391119 0.061995386389850055
0 0.04216908625106746 0.658881199538639 0.04803586678052946 0.06632064590542099
0 0.040563620836891544 0.7360207612456747 0.04696840307429547 0.056228373702422146
0 0.040563620836891544 0.8073817762399077 0.05550811272416738 0.05767012687427912
2 0.5593509820666097 0.03532871972318338 0.24551665243381726 0.04181084198385236
1 0.9473783091374894 0.03892733564013841 0.0715200683176772 0.040369088811995385
1 0.7877882152006832 0.7936908881199538 0.3928266438941076 0.06776239907727798