0 0.18001122334455666 0.051476137624861265 0.3247250280583613 0.05183129855715871
0 0.5084960718294051 0.051553829078801336 0.314702581369248 0.048812430632630396
0 0.6815712682379349 0.1160488346281909 0.0355667789001123 0.03509433962264152
0 0.16161616161616163 0.11309655937846838 0.029595959595959603 0.03134295227524973
0 0.16634118967452302 0.2506437291897891 0.030505050505050514 0.032974472807991095
0 0.1290347923681257 0.38498335183129856 0.030000000000000006 0.028190899001109854
0 0.180662177328844 0.5258490566037736 0.027777777777777776 0.0308435072142064
0 0.19349046015712684 0.6606326304106549 0.030617283950617316 0.03542730299667045
0 0.16991021324354655 0.7997114317425082 0.025959595959595953 0.021165371809100927
0 0.21460157126823795 0.9346281908990012 0.02725028058361395 0.02804661487236402
0 0.506307519640853 0.24986681465038846 0.03194163860830532 0.037069922308546034
0 0.5267789001122335 0.39074361820199777 0.027272727272727223 0.03972253052164258
0 0.6645566778900113 0.5245061043285238 0.026318742985409704 0.030976692563817944
0 0.5022895622895623 0.6613984461709211 0.029618406285072937 0.03132075471698116
0 0.5055218855218856 0.7983018867924528 0.03609427609427606 0.03167591564927854
0 0.5063636363636363 0.9365482796892343 0.029225589225589186 0.03188679245283021
0 0.9168013468013468 0.11758046614872364 0.09179573512906843 0.040310765815760256
0 0.9180359147025814 0.2571698113207547 0.09710437710437708 0.040399556048834606
0 0.9180920314253648 0.39342952275249726 0.09438832772166095 0.03946725860155377
0 0.9185521885521885 0.5296337402885682 0.10383838383838381 0.04122086570477246
0 0.9199775533108867 0.6678690344062154 0.10098765432098768 0.04144284128745829
0 0.92003367003367 0.9423085460599334 0.09827160493827154 0.04341842397336281