0 0.027969018932874356 0.08724100327153762 0.04087779690189329 0.04089422028353326
0 0.08014629948364888 0.08996728462377317 0.03765060240963856 0.03271537622682661
0 0.1414629948364888 0.08520174482006543 0.04625645438898451 0.02317339149400218
0 0.20708261617900173 0.0865648854961832 0.03980206540447504 0.01772082878953108
0 0.28453528399311534 0.09269356597600872 0.06346815834767643 0.024536532170119956
0 0.34907917383820997 0.09065430752453653 0.03549913941480207 0.02317339149400218
0 0.40770223752151463 0.0865648854961832 0.03657487091222031 0.02589967284623773
0 0.4663339070567986 0.09065430752453653 0.04410499139414802 0.02589967284623773
0 0.5088209982788297 0.0865648854961832 0.03657487091222031 0.02044711014176663
0 0.582512908777969 0.08724100327153762 0.057013769363166954 0.029989094874591057
0 0.1264027538726334 0.017044711014176667 0.04625645438898451 0.02589967284623773
0 0.16888984509466437 0.02589967284623773 0.032271944922547334 0.021810250817884406
0 0.20546471600688468 0.02589967284623773 0.032271944922547334 0.016357688113413305
0 0.9219018932874354 0.024536532170119956 0.032271944922547334 0.027262813522355506
0 0.9584767641996558 0.027262813522355506 0.025817555938037865 0.027262813522355506
0 0.7777538726333907 0.2528680479825518 0.11187607573149742 0.04225736095965103
0 0.8864027538726333 0.25423118865866956 0.09466437177280551 0.03680479825517993
0 0.032271944922547334 0.1444929116684842 0.04948364888123924 0.04089422028353326
0 0.09628227194492255 0.15199563794983642 0.05055938037865749 0.03953107960741548
0 0.15544750430292598 0.14926935659760088 0.05055938037865749 0.03680479825517993
0 0.21461273666092942 0.14858233369683752 0.05486230636833046 0.04089422028353326
0 0.28345955249569704 0.15063249727371864 0.07637693631669536 0.04498364231188658
0 0.3770481927710843 0.15063249727371864 0.09143717728055077 0.02862595419847328
0 0.23343373493975902 0.24605234460196293 0.058089500860585196 0.01772082878953108
0 0.05163511187607573 0.2896728462377317 0.015060240963855422 0.02044711014176663
0 0.2587177280550774 0.29785169029443836 0.02689328743545611 0.02862595419847328
0 0.25118760757314973 0.35101417666303164 0.03980206540447504 0.02589967284623773
0 0.25172117039586916 0.41917121046892036 0.0387263339070568 0.03135223555070883
0 0.2501118760757315 0.4893675027262814 0.03765060240963856 0.027262813522355506
0 0.2501118760757315 0.5568484187568157 0.03549913941480207 0.02589967284623773
0 0.10058519793459553 0.6147764449291166 0.011833046471600689 0.024536532170119956
0 0.2033132530120482 0.61886586695747 0.015060240963855422 0.024536532170119956
0 0.9434165232358004 0.6952017448200655 0.045180722891566265 0.016357688113413305
0 0.5314113597246127 0.9644274809160305 0.01721170395869191 0.02589967284623773
0 0.4491222030981067 0.9623773173391494 0.016135972461273667 0.013631406761177753