0 0.10232049947970863 0.06944852941176471 0.08209157127991677 0.019068627450980397
0 0.17979188345473465 0.07080882352941177 0.06590010405827261 0.02995098039215686
0 0.036420395421436005 0.15318627450980393 0.04046826222684703 0.04765931372549018
0 0.03411030176899064 0.20561274509803923 0.0427783558792924 0.046299019607843175
0 0.037003121748178984 0.2553063725490196 0.0485639958376691 0.0449387254901961
0 0.03468262226847034 0.31045343137254905 0.04393340270551509 0.04357843137254902
0 0.036420395421436005 0.3587990196078431 0.04046826222684703 0.03948529411764709
0 0.037575442247658686 0.4118995098039216 0.04046826222684703 0.042205882352941246
0 0.038158168574401664 0.46637254901960784 0.03237252861602497 0.04765931372549018
0 0.03583766909469303 0.5147058823529411 0.04162330905306972 0.046299019607843106
0 0.037003121748178984 0.5678063725490196 0.03931321540062435 0.046299019607843106
0 0.03526534859521332 0.6161519607843137 0.038158168574401664 0.042205882352941246
0 0.566534859521332 0.4425367647058824 0.06012486992715918 0.10348039215686282
0 0.6312903225806451 0.43845588235294114 0.06012486992715918 0.10348039215686282
0 0.9388345473465141 0.13957107843137254 0.02081165452653486 0.025870098039215667
0 0.9018418314255983 0.06808823529411764 0.055494276795005126 0.024509803921568627
0 0.9486680541103018 0.07284313725490196 0.031217481789802288 0.028590686274509794
0 0.8457648283038501 0.0714828431372549 0.061279916753382 0.020428921568627443
0 0.6318626430801249 0.20628676470588236 0.05433922996878255 0.014975490196078465
0 0.23702393340270553 0.07080882352941177 0.02775234131113425 0.02178921568627451
2 0.5081477627471385 0.06944852941176471 0.3827055150884496 0.03812499999999999
0 0.8977939646201872 0.01838235294117647 0.1306555671175858 0.02314950980392157
0 0.7012382934443289 0.5657720588235294 0.3318314255983352 0.03676470588235294
1 0.5931321540062435 0.5133455882352941 0.057814776274713785 0.024509803921568627
0 0.6156815816857439 0.6202328431372549 0.11677419354838713 0.014975490196078465
0 0.6318626430801249 0.7060171568627451 0.15608740894901144 0.014975490196078465
0 0.6127887617065556 0.8360539215686275 0.12255983350676376 0.021789215686274475
0 0.6717585848074922 0.8666911764705882 0.24742976066597291 0.012254901960784314
1 0.27806451612903227 0.07080882352941177 0.05664932362122792 0.024509803921568627