0 0.20607993197278915 0.04559571619812584 0.051232993197278934 0.046198125836680044
0 0.2664540816326531 0.04140562248995984 0.0472619047619048 0.04377510040160643
0 0.32502551020408166 0.04626506024096386 0.04346938775510204 0.047550200803212865
0 0.3865136054421769 0.04552878179384203 0.057874149659863997 0.04903614457831327
0 0.453843537414966 0.04194109772423025 0.05545068027210887 0.05080321285140563
0 0.5282142857142856 0.05289156626506024 0.06812925170068038 0.06674698795180722
0 0.7907057823129252 0.04431057563587684 0.020552721088435436 0.04065595716198126
1 0.8383673469387755 0.043975903614457836 0.05918367346938768 0.05485943775100402
1 0.9287500000000001 0.04275769745649263 0.09823129251700678 0.04647925033467202
3 0.5 0.12251673360107095 1 0.08701472556894244
0 0.9251020408163266 0.20350736278447124 0.10038265306122464 0.04670682730923693
0 0.04845238095238094 0.21088353413654617 0.059098639455782316 0.06440428380187418
0 0.12158163265306121 0.20534136546184736 0.067406462585034 0.059277108433734904
2 0.36043367346938776 0.20384203480589025 0.27489795918367343 0.06224899598393574
0 0.1190391156462585 0.3039625167336011 0.1738095238095238 0.08101740294511377
0 0.12199829931972789 0.493186077643909 0.18162414965986393 0.04594377510040167