0 0.9648145161290321 0.0652109464082098 0.06304838709677406 0.08831242873432153
0 0.897 0.0652109464082098 0.059387096774193446 0.07794754846066136
0 0.8350483870967742 0.06469783352337515 0.05279032258064519 0.07898517673888256
0 0.9768145161290323 0.42965792474344355 0.02291129032258053 0.035610034207525676
0 0.9495967741935484 0.5631014823261117 0.08028225806451628 0.032976054732041
1 0.7698870967741935 0.7019726339794755 0.4411693548387096 0.05573546180159648
1 0.766040322580645 0.7710376282782213 0.42980645161290315 0.05906499429874567
0 0.8919596774193548 0.9324515393386545 0.19409677419354834 0.06888255416191572
0 0.6942822580645162 0.9357012542759408 0.19208064516129036 0.06500570125427593
0 0.574967741935484 0.9350513112884834 0.042153225806451596 0.06370581527936134
0 0.4998225806451613 0.15849486887115166 0.06781451612903219 0.03646522234891677
0 0.4349354838709678 0.16108323831242874 0.0406935483870968 0.031277080957810725
0 0.38068548387096773 0.16160775370581526 0.03482258064516125 0.03023945267958949
0 0.3173629032258064 0.15395667046750286 0.06762903225806453 0.048118586088939555
0 0.2571532258064516 0.16238312428734322 0.029693548387096813 0.02350057012542761
0 0.21233870967741936 0.165096921322691 0.037209677419354825 0.031014823261117434
0 0.16248387096774192 0.16095781071835805 0.054806451612903206 0.03931584948688712
2 0.3163548387096774 0.06236031927023945 0.3717016129032259 0.07846066134549601
0 0.05058870967741935 0.3178449258836944 0.07478225806451613 0.09600912200684153
1 0.31909677419354837 0.23363740022805018 0.13892741935483868 0.03125427594070698
1 0.16239516129032258 0.2346750285062714 0.13709677419354838 0.02917901938426451