0 0.8846704871060171 0.2666242774566474 0.08595988538681948 0.059248554913294796
0 0.5005444126074499 0.9342543352601156 0.9437679083094556 0.059248554913294796
2 0.6142550143266475 0.11633526011560694 0.6232091690544412 0.059248554913294796
2 0.6124641833810889 0.1936416184971098 0.6232091690544412 0.06069364161849711
2 0.5632234957020057 0.26734104046242774 0.5282951289398281 0.05202312138728324
2 0.6088825214899714 0.32947976878612717 0.6232091690544412 0.046242774566473986
0 0.6151575931232092 0.4031791907514451 0.6214183381088825 0.046242774566473986
1 0.18087392550143266 0.6040462427745664 0.20057306590257878 0.023121387283236993
1 0.19520057306590258 0.6669132947976879 0.2328080229226361 0.02167630057803468
1 0.23191977077363896 0.7117109826589595 0.29906876790830944 0.02745664739884393
1 0.22296561604584528 0.7579537572254336 0.27757879656160456 0.02745664739884393
1 0.1504297994269341 0.796971098265896 0.07163323782234957 0.02167630057803468
1 0.24713467048710602 0.7955260115606937 0.08237822349570201 0.01878612716763006