2 0.6380642115203022 0.17516913319238903 0.27249291784702545 0.05134249471458773
2 0.7014730878186969 0.24086680761099366 0.39660056657223797 0.058890063424947126
2 0.7007932011331445 0.3125898520084566 0.39525023607176574 0.05738900634249468
2 0.7014730878186969 0.3790380549682875 0.39120868744098203 0.04831923890063429
1 0.6987724268177526 0.4424630021141649 0.3804154863078377 0.054365750528541174
1 0.1652502360717658 0.7709196617336151 0.27114258734655333 0.022653276955602604
1 0.5773654390934844 0.7694080338266385 0.2994711992445704 0.025676532769555987
0 0.7014730878186969 0.5791331923890064 0.3938999055712938 0.06493657505285419
0 0.2704721435316336 0.5776215644820295 0.39525023607176585 0.06795983086680757
0 0.8168083097261567 0.17290697674418604 0.049915014164305854 0.052854122621564484
0 0.8727950897072709 0.17593023255813955 0.0539565627950898 0.05587737843551799