0 0.8803252032520326 0.07014689265536724 0.04276422764227635 0.02255367231638419
0 0.8217189314750291 0.07413559322033898 0.041707317073170824 0.022305084745762715
1 0.9513240418118467 0.07297175141242937 0.07391405342624867 0.032316384180790955
3 0.4994192799070848 0.014689265536723164 0.9988385598141696 0.02937853107344633
2 0.3683623693379791 0.0735593220338983 0.43105691056910567 0.043830508474576264
0 0.10492450638792103 0.12798870056497175 0.05358885017421601 0.027378531073446316
0 0.19282229965156797 0.130045197740113 0.07734030197444829 0.027378531073446316
0 0.27214866434378626 0.12825988700564972 0.06018583042973289 0.027378531073446316
0 0.36609756097560975 0.128045197740113 0.07411149825783979 0.027378531073446316
0 0.45931475029036006 0.12855367231638418 0.060185830429732926 0.027378531073446316
0 0.5323809523809524 0.13119774011299434 0.060185830429732926 0.027378531073446316
0 0.6105691056910569 0.13098305084745762 0.06018583042973286 0.027378531073446316
0 0.03422764227642276 0.1307683615819209 0.028873403019744483 0.025039548022598866
0 0.12766550522648085 0.2532316384180791 0.2289430894308943 0.09657627118644072
0 0.7273519163763066 0.3114802259887006 0.03444831591173064 0.032836158192090334
0 0.1621835075493612 0.3782824858757062 0.0109988385598142 0.015853107344632737
0 0.20372822299651566 0.40508474576271186 0.011149825783972151 0.013559322033898305
3 0.49859465737514524 0.4900790960451978 0.9799535423925668 0.049502824858757004
0 0.22318234610917537 0.5898305084745763 0.01795586527293842 0.02200000000000003
0 0.4489547038327526 0.7493559322033898 0.06292682926829263 0.02013559322033891
0 0.689965156794425 0.7499774011299435 0.07513356562137057 0.020282485875706267
0 0.9515098722415796 0.9671864406779661 0.05085946573751447 0.021977401129943553
0 0.705040650406504 0.9674011299435028 0.044970963995354274 0.020158192090395387
0 0.45010452961672476 0.9683841807909604 0.05947735191637635 0.020994350282485794