0 0.14847932725998597 0.07056451612903226 0.03766643307638402 0.043202764976958526
0 0.20234758234057462 0.07129032258064516 0.0350385423966363 0.047523041474654366
0 0.262354590049054 0.0748847926267281 0.07796075683251577 0.04608294930875576
0 0.3368114926419061 0.07129032258064516 0.027154870357393134 0.03600230414746543
0 0.3871758934828311 0.07344470046082949 0.0578135949544499 0.03168202764976959
0 0.4436790469516468 0.07129032258064516 0.05168185003503854 0.03312211981566819
0 0.5124386825508059 0.07776497695852534 0.04555010511562719 0.04032258064516129
0 0.574197617379117 0.0748847926267281 0.07796075683251577 0.03168202764976959
0 0.6521583742116328 0.07849078341013824 0.07270497547302032 0.04176267281105991
0 0.7607778556412054 0.02808755760368663 0.053433777154870354 0.02160138248847926
0 0.7980028030833918 0.015126728110599081 0.04029432375613175 0.03024193548387097
0 0.8558163980378416 0.015841013824884793 0.04905395935529082 0.03168202764976959
0 0.9175753328661529 0.01944700460829493 0.049929922915206724 0.03024193548387097
0 0.9679397337070778 0.018006912442396317 0.06131744919411353 0.033122119815668205
0 0.9622494744218641 0.06985023041474654 0.02890679747722495 0.04464285714285714
0 0.9915907498248073 0.07891705069124424 0.016818500350385426 0.04953917050691244
0 0.9232655921513665 0.3038594470046083 0.026278906797477224 0.04608294930875576
0 0.9569936930623687 0.3096198156682028 0.032410651716888575 0.06048387096774194
0 0.9289628591450596 0.48171658986175114 0.056937631394533984 0.027361751152073732
0 0.9399088997897688 0.4471543778801843 0.03854239663629993 0.015841013824884793
0 0.7988787666433076 0.48243087557603687 0.022775052557813594 0.03168202764976959
0 0.6972669936930623 0.5933179723502304 0.015767344078486335 0.02304147465437788
0 0.7270497547302032 0.5990783410138248 0.022775052557813594 0.025921658986175114
0 0.7634057463209531 0.7128456221198156 0.13402242466713385 0.04608294930875576
0 0.8969866853538893 0.7027649769585254 0.1296426068675543 0.06048387096774194
0 0.8921723896285916 0.7927764976958526 0.03766643307638402 0.044642857142857144
0 0.9578696566222846 0.8086175115207374 0.03416257883672039 0.05040322580645161
1 0.8304134548002803 0.9065437788018433 0.25402943237561315 0.06768433179723503
2 0.8737771548703575 0.07056451612903226 0.11650315346881569 0.04608294930875576
0 0.3490749824807288 0.9756682027649769 0.027154870357393134 0.03888248847926267
0 0.37798177995795373 0.9735023041474654 0.035914505956552205 0.03744239631336405
0 0.7033987386124737 0.5961981566820277 0.02452697967764541 0.04032258064516129