0 0.10829853862212943 0.05582788671023965 0.09133611691022965 0.024509803921568627
0 0.18919624217118997 0.05991285403050109 0.05741127348643006 0.010893246187363835
0 0.04305845511482255 0.13616557734204793 0.03914405010438413 0.03812636165577342
0 0.0437160751565762 0.18314814814814814 0.040448851774530274 0.042211328976034856
0 0.0437160751565762 0.22672113289760348 0.045668058455114825 0.03404139433551198
0 0.04241127348643006 0.2716557734204793 0.045668058455114825 0.03676470588235294
0 0.04632567849686848 0.32067538126361655 0.037839248434238 0.042211328976034856
0 0.037839248434238 0.3690087145969499 0.03914405010438413 0.03812636165577342
0 0.040448851774530274 0.4084967320261438 0.04175365344467641 0.03540305010893246
0 0.040448851774530274 0.45956427015250545 0.03392484342379958 0.028594771241830064
0 0.04305845511482255 0.5010893246187363 0.04175365344467641 0.04084967320261438
0 0.04175365344467641 0.5473856209150327 0.03914405010438413 0.04084967320261438
0 0.7098121085594989 0.3982897603485839 0.32620041753653445 0.03404139433551198
0 0.8415970772442589 0.06332244008714596 0.06784968684759916 0.017701525054466222
0 0.909446764091858 0.05991285403050109 0.05219206680584551 0.016339869281045753
0 0.956419624217119 0.061960784313725495 0.02348643006263048 0.014978213507625272
0 0.903580375782881 0.014978213507625272 0.1343945720250522 0.029956427015250545
0 0.240741127348643 0.061960784313725495 0.03522964509394572 0.014978213507625272
1 0.29032359081419623 0.05855119825708061 0.050887265135699376 0.013616557734204794
2 0.5173590814196242 0.05718954248366013 0.3770876826722338 0.029956427015250545
1 0.6073903966597077 0.3540305010893246 0.06393528183716075 0.024509803921568627
0 0.619133611691023 0.6386165577342048 0.11090814196242171 0.016339869281045753
0 0.6895929018789144 0.6651742919389978 0.24660751565762004 0.023148148148148147
0 0.6354384133611691 0.525599128540305 0.1487473903966597 0.02178649237472767
0 0.615866388308977 0.45139433551198255 0.12265135699373696 0.023148148148148147