2 0.4847852028639618 0.04204035874439462 0.36992840095465396 0.0476457399103139
0 0.8420405727923628 0.041345291479820634 0.046241050119331745 0.03503363228699551
0 0.8964797136038186 0.03923766816143498 0.041766109785202864 0.03923766816143498
0 0.9524224343675418 0.03994394618834081 0.028341288782816228 0.03503363228699551
0 0.9136396181384249 0.0882847533632287 0.10590692124105013 0.02242152466367713
0 0.686909307875895 0.08758968609865471 0.0880071599045346 0.03223094170403588
0 0.5571360381861575 0.09669282511210762 0.09695704057279236 0.030829596412556053
0 0.4102028639618138 0.09599775784753363 0.0805489260143198 0.03503363228699551
0 0.2752147971360382 0.0952914798206278 0.09099045346062053 0.03923766816143498
0 0.1431980906921241 0.037836322869955155 0.07756563245823389 0.03923766816143498
0 0.2133054892601432 0.03503363228699551 0.06563245823389022 0.028026905829596414
0 0.6928758949880668 0.2977914798206278 0.02535799522673031 0.02382286995515695
0 0.9427207637231504 0.20739910313901344 0.02386634844868735 0.02522421524663677
0 0.9210978520286396 0.15345291479820627 0.08204057279236276 0.02382286995515695
0 0.6421599045346063 0.3685538116591928 0.3714200477326969 0.05605381165919283
0 0.7681980906921241 0.9010650224215246 0.3818615751789976 0.03643497757847534
0 0.5287947494033413 0.14644618834080717 0.13275656324582338 0.02102017937219731
0 0.061909307875894985 0.09739910313901345 0.07607398568019093 0.029428251121076235