0 0.13764353041988003 0.044101433296582136 0.03320479862896315 0.027563395810363836
0 0.20029991431019709 0.04203969128996693 0.05998286203941731 0.03721058434399118
0 0.25332476435304196 0.04341786108048512 0.026778063410454155 0.028941565600882027
0 0.3058097686375321 0.042723263506063945 0.05462724935732648 0.024807056229327454
0 0.3615081405312768 0.03996692392502756 0.018209083119108824 0.016538037486218304
0 0.4027420736932305 0.03858875413450937 0.032133676092544985 0.024807056229327454
0 0.43862896315338473 0.042723263506063945 0.03106255355612682 0.027563395810363836
0 0.4991431019708655 0.03996692392502756 0.05355612682090831 0.027563395810363836
0 0.556452442159383 0.044101433296582136 0.026778063410454155 0.022050716648291068
0 0.6523136246786633 0.03996692392502756 0.032133676092544985 0.016538037486218304
3 0.8547557840616966 0.15091510474090408 0.2377892030848329 0.301819184123484
0 0.7637103684661525 0.37555678059536934 0.055698371893744644 0.028941565600882027
0 0.6560668380462725 0.7352590959206174 0.05034275921165381 0.020672546857772877
3 0.3540102827763496 0.5774531422271224 0.5623393316195373 0.12954796030871002