0 0.09353055286129972 0.0235531914893617 0.03463627546071776 0.025840425531914887
0 0.14687681862269641 0.022797872340425532 0.04988360814742969 0.015202127659574467
0 0.20161008729388943 0.024319148936170213 0.03741028128031037 0.01823404255319149
0 0.2521823472356935 0.01975531914893617 0.03602327837051405 0.01823404255319149
0 0.3006789524733269 0.022031914893617024 0.033258971871968926 0.013680851063829786
0 0.3602618816682832 0.0235531914893617 0.041571290009699335 0.013680851063829786
0 0.3145392822502425 0.07371276595744682 0.3713482056256062 0.05014893617021277
0 0.6872647914645975 0.07674468085106383 0.3685741998060136 0.05014893617021277
0 0.8140543161978662 0.02127659574468085 0.029097963142580018 0.01823404255319149
0 0.8549272550921435 0.022797872340425532 0.02493695441319111 0.015202127659574467
0 0.8978758486905917 0.028117021276595745 0.030484966052376397 0.019755319148936173
0 0.942909796314258 0.022031914893617024 0.015237633365664438 0.01671276595744681
0 0.8583899127061105 0.2006063829787234 0.01801163918525697 0.018234042553191474
0 0.8618525703200777 0.2667127659574468 0.016624636275460816 0.016712765957446786
0 0.8632395732298739 0.33130851063829786 0.016624636275460816 0.024319148936170227
0 0.8618525703200777 0.4050106382978723 0.008312318137730297 0.025840425531914856
0 0.844529582929195 0.5015212765957446 0.0512706110572259 0.018234042553191474
0 0.8431522793404461 0.8700638297872341 0.05403491755577113 0.019755319148936103