0 0.9673889739663094 0.15491011235955057 0.024019908116385828 0.029303370786516836
0 0.9400689127105666 0.36031460674157306 0.07587289433384391 0.02949438202247191
0 0.9466845329249617 0.6716853932584269 0.0696094946401224 0.02711235955056192
0 0.9566003062787136 0.8471011235955056 0.01636294027565076 0.02859550561797758
0 0.9490275650842267 0.9593033707865168 0.04820826952526802 0.08139325842696635
0 0.8949081163859112 0.9618539325842697 0.04959418070444103 0.07629213483146077
0 0.7656967840735069 0.9623595505617978 0.19142419601837674 0.07528089887640449
0 0.5643185298621746 0.9623595505617978 0.19601837672281777 0.07528089887640449
0 0.6160413476263399 0.8500337078651685 0.04872894333843805 0.03038202247191007
0 0.5690505359877488 0.8490112359550562 0.017404287901990827 0.03242696629213472
1 0.7685681470137825 0.7203258426966292 0.40773353751914243 0.04471910112359546
0 0.5967228177641655 0.6750112359550562 0.062304747320061346 0.025573033707865157
0 0.6582388973966309 0.5302359550561798 0.0687366003062787 0.0240898876404495
0 0.7312404287901991 0.48721348314606744 0.06334609494640124 0.02588764044943816
0 0.5809724349157733 0.41151685393258425 0.025581929555895926 0.02157303370786522
0 0.04890505359877488 0.9098988764044943 0.04559724349157733 0.0867865168539326
0 0.10771822358346095 0.9092696629213484 0.044900459418070436 0.08551685393258415
0 0.16601837672281775 0.9104157303370787 0.03967840735068912 0.08576404494382014
0 0.22579632465543645 0.9113033707865168 0.04263399693721283 0.09164044943820218
0 0.28426493108728945 0.9084943820224719 0.04820826952526802 0.0921573033707865