0 0.9428327645051194 0.04242130750605327 0.07964163822525609 0.04789346246973366
0 0.8661348122866893 0.04393462469733656 0.04533276450511945 0.024685230024213075
0 0.8086262798634812 0.04531476997578692 0.04941979522184307 0.029479418886198552
0 0.7569880546075086 0.044939467312348665 0.040349829351535804 0.03276029055690073
0 0.7079266211604096 0.043680387409200966 0.03466723549488064 0.04032687651331719
2 0.5521245733788396 0.04468523002421307 0.25810580204778155 0.04838983050847458
0 0.2863737201365188 0.04594430992736078 0.09989761092150175 0.04082324455205811
0 0.20566552901023888 0.04645278450363196 0.030930034129692807 0.03981840193704601
0 0.13901023890784983 0.04544794188861986 0.0647013651877133 0.04184019370460049
0 0.5898976109215017 0.1229903147699758 0.040349829351535804 0.03550847457627117
0 0.5353242320819113 0.12223970944309927 0.055639931740614365 0.03197336561743341
0 0.4628839590443686 0.12475786924939467 0.07963310580204777 0.026937046004842615
0 0.39196245733788393 0.12424939467312349 0.04088737201365184 0.027941888619854704
0 0.3366808873720136 0.12753026634382567 0.04763651877133109 0.02642857142857141
0 0.2789078498293515 0.12173123486682809 0.05652730375426621 0.032990314769975784
0 0.21304607508532422 0.12223970944309927 0.05457337883959045 0.03197336561743341
0 0.1514505119453925 0.12438256658595641 0.04692832764505119 0.030205811138014516
0 0.09003412969283277 0.12349878934624697 0.05030716723549489 0.03450363196125908
0 0.035554607508532426 0.12475786924939467 0.04976962457337884 0.026937046004842615
0 0.9721672354948806 0.29271186440677965 0.02808873720136525 0.054116222760290544
0 0.93759385665529 0.30317191283292977 0.031817406143344676 0.06093220338983049
0 0.9392832764505119 0.43898305084745765 0.08674914675767924 0.04399515738498793
0 0.9558105802047782 0.8530629539951574 0.023822525597269686 0.04286924939467322
1 0.7824061433447099 0.943595641646489 0.4004948805460752 0.058474576271186386
0 0.7074829351535836 0.6046610169491525 0.01422354948805467 0.02024213075060536
1 0.898037542662116 0.12424939467312349 0.17491467576791808 0.058208232445520564