1 0.1729788961038961 0.021675977653631284 0.13491071428571433 0.03677374301675977
1 0.3334090909090909 0.020265363128491618 0.14190746753246758 0.03395251396648045
1 0.7665422077922078 0.7537709497206705 0.43458603896103903 0.07325418994413414
0 0.018668831168831168 0.023240223463687152 0.033725649350649346 0.0336731843575419
0 0.04146103896103896 0.15941340782122906 0.06847402597402596 0.11671787709497208
0 0.04190746753246753 0.08593575418994413 0.03150162337662337 0.038030726256983234
0 0.04146103896103896 0.2871508379888268 0.06847402597402596 0.12078212290502796
0 0.04146103896103896 0.41579608938547485 0.06847402597402596 0.11736033519553069
0 0.041866883116883115 0.5382960893854749 0.06929383116883117 0.12339385474860338
0 0.0432224025974026 0.6632681564245809 0.0665909090909091 0.118840782122905
0 0.04108766233766233 0.7457262569832404 0.029862012987012992 0.03856145251396634
0 0.9729464285714287 0.2997765363128491 0.02668831168831178 0.05603351955307263
0 0.9474025974025975 0.375586592178771 0.08924512987012972 0.06800279329608934
0 0.9483035714285714 0.4579748603351956 0.08744318181818184 0.05273743016759775
0 0.5671672077922078 0.958659217877095 0.0448538961038961 0.08268156424581012
0 0.648538961038961 0.9574022346368715 0.11525974025974026 0.08519553072625698
0 0.7784496753246752 0.957108938547486 0.13373376623376612 0.08578212290502804
0 0.9163717532467532 0.957108938547486 0.1299999999999999 0.08578212290502804