2 0.4210332103321033 0.06070548712206047 0.5890036900369003 0.12141097424412094
0 0.8388745387453876 0.08727883538633818 0.22280442804428052 0.06537513997760358
2 0.4199630996309963 0.1913101903695409 0.5815867158671587 0.11027995520716688
0 0.8351660516605166 0.21596864501679733 0.22064575645756462 0.06679731243001118
2 0.5397232472324722 0.31847704367301227 0.8211254612546125 0.11184770436730122
0 0.8598523985239853 0.3461814109742441 0.1329520295202953 0.03608062709966409
1 0.5332472324723246 0.680996640537514 0.8292619926199263 0.049798432250839894
1 0.26068265682656827 0.7330459126539753 0.15758302583025832 0.03873460246360573
1 0.5282287822878229 0.7975363941769318 0.8297416974169742 0.04933930571108616
1 0.25204797047970484 0.8458902575587905 0.15088560885608854 0.03405375139977613
1 0.4190405904059041 0.8466853303471444 0.1474723247232473 0.03245240761478166
0 0.18306273062730627 0.9348040313549831 0.14994464944649444 0.04231802911534151