0 0.06097560975609756 0.027262813522355506 0.06097560975609756 0.03816793893129771
0 0.12369337979094076 0.02794983642311886 0.04006968641114982 0.03407851690294438
0 0.18597909407665505 0.029312977099236637 0.06358885017421603 0.03135223555070883
0 0.2312752613240418 0.02386041439476554 0.028745644599303136 0.02044711014176663
0 0.28310104529616725 0.026586695747001086 0.05226480836236934 0.025899672846237728
0 0.352787456445993 0.025223555070883315 0.033101045296167246 0.01772082878953108
0 0.39329616724738675 0.029312977099236637 0.02700348432055749 0.023173391494002177
0 0.43031358885017423 0.026586695747001086 0.03832752613240418 0.025899672846237728
0 0.4891149825783972 0.02862595419847328 0.06184668989547038 0.016357688113413305
0 0.716466898954704 0.029989094874591057 0.06358885017421603 0.03544165757906216
0 0.7804878048780488 0.027262813522355506 0.02613240418118467 0.021810250817884406
0 0.8253519163763067 0.02794983642311886 0.040940766550522645 0.03135223555070883
0 0.8636794425087109 0.02522355507088331 0.039198606271777 0.025899672846237728
0 0.9185574912891987 0.027262813522355506 0.05313588850174216 0.029989094874591057
0 0.975609756097561 0.03135223555070883 0.047038327526132406 0.03816793893129771
0 0.40200696864111496 0.6986150490730644 0.19773519163763068 0.03953107960741548
0 0.6014843205574912 0.6986150490730644 0.19425087108013936 0.04225736095965103
0 0.3993937282229965 0.9691930207197382 0.17857142857142858 0.04362050163576881
0 0.6023554006968641 0.9685169029443839 0.19425087108013936 0.05316248636859324
1 0.40418118466898956 0.9153544165757906 0.1986062717770035 0.03407851690294438
2 0.4991289198606272 0.21264994547437296 0.397212543554007 0.04634678298800436