2 0.4925775978407557 0.04569575471698113 0.354251012145749 0.03537735849056604
0 0.06072874493927125 0.09139150943396226 0.10121457489878542 0.0294811320754717
0 0.13663967611336034 0.03612028301886792 0.05735492577597841 0.03095518867924528
0 0.20496626180836708 0.039799528301886794 0.06241565452091768 0.01474056603773585
0 0.2783400809716599 0.09360849056603773 0.05060728744939271 0.030955188679245283
0 0.4234143049932524 0.09066037735849056 0.07422402159244265 0.019162735849056603
0 0.5490958164642376 0.09360849056603773 0.08265856950067477 0.022110849056603772
0 0.6865721997300944 0.09803066037735848 0.09784075573549257 0.016214622641509434
0 0.8443049932523616 0.04569575471698113 0.04554655870445344 0.0294811320754717
0 0.9008097165991903 0.041273584905660375 0.020242914979757085 0.020636792452830188
0 0.94889338731444 0.04791273584905661 0.042172739541160596 0.028007075471698114
0 0.9067206477732793 0.08696933962264151 0.10964912280701754 0.02653301886792453
0 0.9286504723346829 0.14225235849056603 0.06241565452091768 0.019162735849056603
0 0.9497300944669366 0.16951650943396226 0.020242914979757085 0.01768867924528302
0 0.6401889338731444 0.34787735849056606 0.3525641025641026 0.03537735849056604
0 0.6401889338731444 0.39579009433962264 0.3626855600539811 0.028007075471698114
0 0.47908232118758437 0.9301297169811321 0.05735492577597841 0.044221698113207544
0 0.5431848852901484 0.9316037735849056 0.043859649122807015 0.04716981132075472
0 0.7726045883940621 0.9352948113207548 0.37786774628879893 0.05159198113207547
1 0.7650202429149797 0.8063089622641509 0.38630229419703105 0.02358490566037736
1 0.9438326585695007 0.006639150943396226 0.05566801619433198 0.013266509433962265
0 0.8223751686909582 0.011061320754716983 0.04554655870445344 0.013266509433962265
0 0.8670715249662618 0.007370283018867925 0.043859649122807015 0.01474056603773585