0 0.01904121863799283 0.02035830618892508 0.0246415770609319 0.024429967426710098
0 0.9251792114695341 0.32505971769815417 0.08960573476702509 0.04478827361563518
0 0.9571057347670252 0.1737242128121607 0.02128136200716846 0.024429967426710098
0 0.9627060931899643 0.2273398479913138 0.02128136200716846 0.023072747014115092
0 0.7022849462365591 0.07940282301845819 0.11872759856630824 0.01764386536373507
0 0.8557347670250897 0.025114006514657977 0.035842293906810034 0.03393051031487513
0 0.9106182795698925 0.027828447339847986 0.04032258064516129 0.03393051031487513
0 0.9610215053763441 0.02714440825190011 0.035842293906810034 0.03257328990228013
0 0.13216845878136202 0.7145819761129207 0.05152329749103943 0.05564603691639522
0 0.19265232974910393 0.7152551574375678 0.03808243727598566 0.057003257328990226
0 0.2525806451612903 0.7145819761129207 0.05264336917562724 0.05836047774158523
0 0.3119444444444444 0.7132247557003257 0.043682795698924734 0.05836047774158523
0 0.36850358422939067 0.7084690553745928 0.04256272401433692 0.05971769815418024
2 0.3937096774193548 0.027828447339847986 0.44242831541218636 0.0502171552660152
0 0.9442204301075269 0.6039630836047775 0.04032258064516129 0.021715526601520086