0 0.045053003533568906 0.30055619930475086 0.053003533568904596 0.08256083429895712
0 0.04726501766784452 0.4026651216685979 0.05035335689045936 0.08111239860950174
0 0.04770318021201413 0.506234067207416 0.04946996466431095 0.08545770567786791
0 0.04638162544169611 0.5996523754345308 0.052120141342756186 0.08111239860950174
0 0.04814840989399293 0.7148088064889919 0.05565371024734982 0.07966396292004635
0 0.05256537102473498 0.7995365005793743 0.052120141342756186 0.06662804171494785
0 0.15724381625441697 0.07170336037079954 0.04063604240282685 0.03910776361529547
0 0.20848056537102475 0.07531865585168018 0.04240282685512368 0.03476245654692932
0 0.2707632508833922 0.06807647740440324 0.0627208480565371 0.02607184241019699
0 0.3286219081272085 0.06662804171494785 0.03356890459363958 0.011587485515643106
0 0.3829540636042403 0.07097334878331402 0.053886925795053005 0.020278099652375436
0 0.4386077738515901 0.06590961761297798 0.05565371024734982 0.030417149478563145
0 0.5048621908127209 0.06590961761297798 0.04328621908127209 0.021726535341830815
0 0.5622826855123675 0.06517960602549247 0.05565371024734982 0.014484356894553883
0 0.6492932862190812 0.06011587485515643 0.07420494699646643 0.018829663962920046
0 0.7610459363957598 0.005075318655851679 0.03445229681978799 0.010139049826187718
0 0.8091872791519434 0.010139049826187718 0.04946996466431095 0.020278099652375436
0 0.8652862190812721 0.005793742757821553 0.046819787985865724 0.011587485515643106
0 0.9204946996466431 0.012317497103128624 0.044169611307420496 0.0246234067207416
0 0.9721766784452298 0.00869061413673233 0.04858657243816254 0.01738122827346466
0 0.9633427561837457 0.06373117033603708 0.02561837455830389 0.03765932792584009
0 0.9932862190812721 0.0712630359212051 0.01342756183745583 0.04982618771726535
0 0.9324240282685513 0.30055619930475086 0.020318021201413426 0.04200463499420626
0 0.9668763250883393 0.3056199304750869 0.023851590106007067 0.046349942062572425
0 0.7106925795053004 0.5989339513325608 0.011484098939929329 0.027520278099652375
0 0.7389611307420495 0.6025492468134415 0.02561837455830389 0.03765932792584009
0 0.7707632508833923 0.707566628041715 0.12985865724381626 0.05938586326767092
0 0.9032720848056538 0.7082850521436849 0.12102473498233215 0.0492468134414832
0 0.9408127208480566 0.47871378910776363 0.0636042402826855 0.027520278099652375
0 0.9531802120141343 0.44684820393974506 0.06007067137809187 0.027520278099652375
0 0.9050388692579506 0.7850521436848203 0.03268551236749117 0.0492468134414832
0 0.9567137809187279 0.7915758980301275 0.022968197879858657 0.050695249130938584
1 0.8374558303886925 0.9190382387022016 0.2703180212014134 0.06228273464658169
2 0.8833922261484098 0.07242178447276941 0.1166077738515901 0.05504055619930475