2 0.30973451327433627 0.04222972972972973 0.3600160901045857 0.06475225225225226
0 0.04475462590506838 0.14358108108108109 0.0412308930008045 0.030968468468468468
0 0.14934030571198711 0.14569819819819818 0.04123089300080451 0.02956081081081081
0 0.20213193885760258 0.1463963963963964 0.04022526146419952 0.02533783783783784
0 0.24990345937248593 0.1485135135135135 0.037208366854384556 0.02393018018018018
0 0.3137570394207562 0.14358108108108109 0.07843925985518906 0.033783783783783786
0 0.37610619469026546 0.1463963963963964 0.036202735317779566 0.02533783783783784
0 0.4359452936444087 0.14569819819819818 0.04324215607401448 0.01829954954954955
0 0.48823813354786805 0.14429054054054052 0.06335478680611424 0.02393018018018018
0 0.837691069991955 0.05067567567567568 0.06234915526950925 0.07882882882882883
0 0.8950120675784392 0.05279279279279279 0.04424778761061947 0.06897522522522521
0 0.9623893805309734 0.05138513513513513 0.04827031375703942 0.06897522522522521
0 0.8904907481898633 0.1414752252252252 0.02916331456154465 0.026745495495495496
0 0.9568624296057925 0.1485135135135135 0.06134352373290426 0.026745495495495496
0 0.9799919549477073 0.37725225225225223 0.021118262268704748 0.033783783783783786
0 0.567683024939662 0.933277027027027 0.03921962992759453 0.05067567567567568
0 0.6928801287208367 0.9325788288288288 0.18704746580852777 0.052083333333333336
0 0.8879726468222043 0.9262387387387387 0.18704746580852777 0.05630630630630631
0 0.04978278358809332 0.29701576576576577 0.07341110217216412 0.0929054054054054
1 0.16391794046661304 0.21818693693693694 0.13877715205148833 0.019707207207207207
1 0.3192920353982301 0.21396396396396397 0.13576025744167336 0.02533783783783784
1 0.7652855993563958 0.7052364864864865 0.43041029766693484 0.05630630630630631
1 0.7637811745776348 0.7728040540540541 0.42739340305712 0.04504504504504504