3 0.5004945054945055 0.016385404789053593 0.9990109890109891 0.0327594070695553
0 0.1077142857142857 0.057137970353477764 0.0997142857142857 0.032622576966932715
0 0.19127472527472528 0.0566248574686431 0.06092307692307692 0.033637400228050174
0 0.24354945054945054 0.056214367160775366 0.041923076923076896 0.03077537058152793
1 0.2983956043956044 0.057548460661345495 0.051615384615384646 0.03549600912200684
2 0.536021978021978 0.05745724059293045 0.4033076923076923 0.03937286202964652
0 0.7941538461538461 0.05694412770809578 0.09200000000000003 0.04039908779931586
0 0.8812307692307692 0.05750285062713797 0.0622087912087911 0.03743443557582668
0 0.9507032967032967 0.05718358038768529 0.04623076923076916 0.030684150513112882
0 0.9922307692307691 0.05676168757126568 0.015538461538461648 0.027822120866590656
0 0.9883076923076923 0.15849486887115166 0.023384615384615354 0.02778791334093501
3 0.7749230769230768 0.12672748004561002 0.42809890109890103 0.039543899657924736
0 0.6577032967032967 0.20371721778791332 0.058362637362637255 0.020558722919042222
0 0.6907582417582417 0.2254047890535918 0.1401648351648351 0.025279361459521112
0 0.6474065934065933 0.3717103762827822 0.15738461538461543 0.024868871151653302
0 0.8166483516483516 0.3731470923603193 0.16641758241758248 0.025701254275940666
0 0.6216043956043956 0.4035689851767389 0.10382417582417584 0.02957810718358045
0 0.7329670329670329 0.4031014823261117 0.11279120879120891 0.02865450399087799
1 0.6328351648351648 0.43657924743443555 0.06353846153846147 0.026419612314709188
0 0.7393626373626374 0.4956784492588369 0.353065934065934 0.04693272519954386
0 0.6479340659340659 0.5486202964652224 0.1349230769230769 0.020570125427594028
0 0.6694175824175824 0.6328278221208666 0.17395604395604392 0.024150513112884908
0 0.6447252747252747 0.7504446978335234 0.1304615384615385 0.023329532497149415
0 0.7120109890109889 0.7765678449258836 0.26501098901098913 0.024709236031927106
0 0.29180219780219785 0.349908779931585 0.052142857142857164 0.06061573546180156
0 0.03650549450549451 0.13734321550741163 0.04313186813186813 0.04179019384264539
0 0.036494505494505496 0.18522234891676168 0.04313186813186813 0.04179019384264536
0 0.03720879120879121 0.23307867730900797 0.04313186813186813 0.04179019384264536
0 0.0371978021978022 0.28095781071835807 0.04313186813186813 0.04179019384264539
0 0.03720879120879121 0.3273546180159635 0.04313186813186813 0.04179019384264536
0 0.0371978021978022 0.37523375142531357 0.04313186813186813 0.04179019384264536
0 0.0350989010989011 0.42161915621436713 0.04313186813186813 0.04179019384264536
0 0.035087912087912086 0.4694982896237172 0.04313186813186813 0.04179019384264536
0 0.0358021978021978 0.5158950969213227 0.04313186813186813 0.04179019384264536
0 0.03579120879120879 0.5637742303306728 0.04313186813186813 0.04179019384264536