0 0.39970772442588726 0.9697149122807017 0.20267919276270008 0.03974780701754386
0 0.6023869171885873 0.9649122807017544 0.18876130828114127 0.046600877192982455
0 0.07045929018789145 0.021929824561403508 0.05741127348643006 0.0356359649122807
0 0.1243910925539318 0.02055921052631579 0.04175365344467641 0.04111842105263158
0 0.17876130828114126 0.022620614035087715 0.05132219902574808 0.03974780701754386
0 0.23356297842727905 0.02810307017543859 0.04610299234516353 0.03700657894736842
0 0.292713987473904 0.021929824561403508 0.054801670146137786 0.027412280701754384
0 0.34707724425887265 0.022620614035087715 0.04349338900487126 0.0287828947368421
0 0.38578983994432847 0.02810307017543859 0.037404314544189285 0.023300438596491224
0 0.42275574112734865 0.026041666666666668 0.033054975643702154 0.024671052631578948
0 0.5045233124565066 0.022620614035087715 0.09916492693110647 0.0287828947368421
0 0.7159011830201809 0.030844298245614032 0.08350730688935282 0.023300438596491224
0 0.7807098121085596 0.022620614035087718 0.030445372303409882 0.01781798245614035
0 0.8189839944328463 0.021929824561403508 0.03566457898399443 0.030153508771929825
0 0.8637787056367432 0.02536184210526315 0.033054975643702154 0.020559210526315784
0 0.9203201113430759 0.027412280701754384 0.060890744606819765 0.027412280701754384
0 0.9703409881697983 0.027412280701754384 0.044363256784968684 0.030153508771929825