0 0.13900372439478584 0.03563694267515924 0.12635940409683424 0.05611464968152866
0 0.30660148975791435 0.03640127388535032 0.11306331471135936 0.03336518046709129
0 0.4721973929236499 0.03184713375796178 0.11439478584729977 0.03640127388535031
0 0.6231750465549348 0.030329087048832273 0.09444134078212296 0.03336518046709129
0 0.79475791433892 0.028811040339702762 0.11040037243947852 0.04549893842887474
0 0.9357541899441341 0.12435244161358813 0.041238361266294196 0.03032908704883228
0 0.21614525139664803 0.3821656050955414 0.03591247672253258 0.027292993630573286
0 0.4535754189944134 0.38520169851380043 0.02926443202979511 0.024267515923566893
0 0.6883519553072626 0.381411889596603 0.033249534450651805 0.022749469214437313
0 0.9251117318435754 0.3821656050955414 0.030595903165735475 0.021231422505307854
0 0.21216014897579144 0.80604033970276 0.025270018621973915 0.02578556263269635
0 0.4462662942271881 0.8083121019108279 0.027932960893854747 0.02426751592356677
0 0.6890130353817505 0.8045222929936305 0.037243947858473 0.022749469214437434
0 0.923780260707635 0.812855626326964 0.025270018621974023 0.02426751592356677