0 0.13483221476510066 0.2177047289504037 0.07550335570469799 0.03460207612456748
0 0.22651006711409397 0.22275663206459054 0.07670182166826463 0.03027681660899654
0 0.31100671140939595 0.2184313725490196 0.06112176414189837 0.027393310265282585
0 0.1282358581016299 0.12687427912341406 0.05752636625119847 0.08938869665513265
0 0.1875647171620326 0.12471741637831603 0.04674017257909875 0.08217993079584775
0 0.24868648130393095 0.1333679354094579 0.05153403643336529 0.07929642445213379
0 0.31100671140939595 0.13408304498269896 0.04913710450623202 0.07497116493656286
0 0.3727229146692234 0.1384083044982699 0.050335570469798654 0.08362168396770472
0 0.4332502396931927 0.14129181084198386 0.04674017257909875 0.07497116493656286
0 0.48897411313518696 0.13552479815455595 0.050335570469798654 0.08362168396770472
0 0.5572866730584851 0.12904267589388696 0.050335570469798654 0.07929642445213379
0 0.6076222435282838 0.12687427912341406 0.04314477468839885 0.07785467128027682
0 0.6705465004793864 0.13048442906574395 0.05632790028763183 0.08217993079584775
0 0.7310642377756472 0.131199538638985 0.052732502396931925 0.08938869665513265
0 0.7927900287631832 0.1254325259515571 0.04434324065196549 0.08938869665513265
0 0.8515148609779483 0.12760092272203 0.0587248322147651 0.09659746251441753
0 0.9126366251198466 0.126159169550173 0.05632790028763183 0.09083044982698962