0 0.30647382920110194 0.09325740318906606 0.1825068870523416 0.04413439635535307
0 0.21694214876033058 0.029191343963553527 0.09297520661157024 0.03843963553530752
0 0.3004545454545455 0.030615034168564915 0.060261707988980714 0.027050113895216398
0 0.3822314049586777 0.0270501138952164 0.08953168044077135 0.03416856492027335
0 0.4941460055096419 0.029191343963553527 0.09641873278236915 0.027050113895216398
0 0.5922865013774105 0.02989749430523918 0.06887052341597796 0.019931662870159454
0 0.32196969696969696 0.4164350797266515 0.19972451790633608 0.03843963553530752
1 0.7085123966942148 0.6129043280182233 0.056818181818181816 0.02989749430523918
1 0.7205647382920111 0.692630979498861 0.06370523415977962 0.024202733485193622
1 0.7171212121212122 0.776628701594533 0.056818181818181816 0.03274487471526196
0 0.47692837465564736 0.8962186788154898 0.5268595041322314 0.05837129840546697
0 0.4820936639118457 0.9695330296127562 0.06542699724517906 0.017084282460136675
0 0.2505234159779614 0.7965603644646925 0.06370523415977962 0.018507972665148063
0 0.24104683195592286 0.716116173120729 0.07231404958677685 0.014236902050113895
0 0.24793388429752067 0.6306947608200456 0.06887052341597796 0.022779043280182234