0 0.9509368836291914 0.022813522355507092 0.02514792899408284 0.025321701199563795
0 0.9053254437869822 0.020763358778625954 0.027613412228796843 0.032126499454743725
0 0.8661242603550295 0.02321701199563795 0.033037475345167655 0.032671755725190835
0 0.8168145956607495 0.022137404580152672 0.033037475345167655 0.02395856052344602
0 0.35872781065088755 0.021723009814612868 0.04388560157790927 0.027502726281352235
0 0.3039940828402367 0.025125408942202835 0.033037475345167655 0.023402399127589964
0 0.2553057199211045 0.023227917121046892 0.041666666666666664 0.02177753544165758
0 0.20044378698224852 0.023086150490730647 0.033037475345167655 0.03021810250817885
0 0.14373767258382644 0.02485278080697928 0.04783037475345168 0.029400218102508174
0 0.08949704142011834 0.022540894220283537 0.028106508875739646 0.03130861504907307
0 0.038461538461538464 0.02103598691384951 0.03944773175542406 0.037033805888767715
0 0.59430966469428 0.17177753544165758 0.19206114398422092 0.046259541984732845
0 0.4363905325443787 0.17382769901853873 0.11538461538461539 0.05034896401308617
0 0.3343195266272189 0.1716466739367503 0.08875739644970414 0.043805888767720846
0 0.21635108481262327 0.17150490730643403 0.13141025641025642 0.04135223555070885
0 0.08272189349112426 0.17382769901853873 0.11070019723865877 0.05034896401308617