0 0.6006088992974239 0.19138983050847458 0.08099141295862608 0.026836158192090395
0 0.039523809523809524 0.867231638418079 0.04976580796252927 0.0903954802259887
0 0.09855581576893052 0.8637062146892656 0.0507416081186573 0.09180790960451977
0 0.1566198282591725 0.867231638418079 0.045862607338017176 0.09322033898305085
0 0.21907103825136612 0.8686440677966102 0.049765807962529274 0.08757062146892655
0 0.28005464480874315 0.8693559322033898 0.04488680718188915 0.08615819209039548
0 0.3395784543325527 0.870768361581921 0.0468384074941452 0.09463276836158192
0 0.3981264637002342 0.8686440677966102 0.05269320843091335 0.09322033898305085
0 0.567431693989071 0.8312203389830508 0.014637002341920375 0.03531073446327684
0 0.6123185011709602 0.8298079096045198 0.051717408274785326 0.012711864406779662
0 0.5615768930523029 0.9456271186440678 0.18637782982045278 0.07203389830508475
0 0.7679547228727557 0.9463276836158192 0.18930523028883683 0.08757062146892655
0 0.9001795472287276 0.9428022598870056 0.051717408274785326 0.08050847457627118
0 0.9572599531615925 0.9463276836158192 0.04879000780640125 0.07344632768361582
0 0.9645823575331773 0.8269830508474576 0.012685402029664325 0.015536723163841809
0 0.9494535519125683 0.6497175141242938 0.0507416081186573 0.014124293785310734
0 0.6620843091334895 0.547322033898305 0.07513661202185792 0.02401129943502825
0 0.7347775175644028 0.5007118644067796 0.0507416081186573 0.018361581920903956
0 0.9484777517564403 0.3750056497175141 0.08782201405152225 0.018361581920903956
0 0.9450663544106168 0.2725988700564972 0.07903981264637003 0.03672316384180791
0 0.9782435597189696 0.14336723163841808 0.03415300546448088 0.026836158192090395
0 0.5815768930523029 0.422316384180791 0.03708040593286495 0.01694915254237288
2 0.5152224824355972 0.8319209039548022 0.0624512099921936 0.022598870056497175
1 0.7762529274004685 0.7048022598870056 0.41276346604215464 0.04519774011299435