0 0.10018639328984157 0.031179138321995464 0.04193849021435228 0.022675736961451247
0 0.15436160298229262 0.03259637188208617 0.05009319664492078 0.022675736961451247
0 0.20852749301025164 0.033310657596371876 0.048928238583411 0.018424036281179133
0 0.2667753960857409 0.031893424036281176 0.044268406337371856 0.018424036281179133
0 0.2900745573159366 0.17078231292517007 0.03960857409133271 0.035430839002267574
0 0.33958993476234856 0.16439909297052155 0.0407735321528425 0.03968253968253968
0 0.39434296365330845 0.16511337868480724 0.054753028890959926 0.026927437641723357
0 0.48229263746505124 0.17290249433106575 0.10018639328984157 0.034013605442176874
0 0.5469524697110903 0.16581632653061223 0.02679403541472507 0.022675736961451247
0 0.613932898415657 0.16723356009070295 0.07455731593662628 0.025510204081632654
0 0.690242311276794 0.16865079365079366 0.05242311276794035 0.01984126984126984
0 0.7473252562907735 0.16865079365079366 0.0407735321528425 0.011337868480725623
0 0.7513979496738118 0.02976190476190476 0.032618825722273995 0.022675736961451247
0 0.804408201304753 0.037562358276643996 0.03844361602982293 0.015589569160997732
0 0.8498415657036347 0.035430839002267574 0.04543336439888164 0.01984126984126984
0 0.9063373718546133 0.031179138321995464 0.03727865796831314 0.017006802721088437
0 0.9511929170549861 0.033310657596371876 0.026794035414725175 0.026927437641723354