2 0.7776560788608982 0.02535799522673031 0.13964950711938665 0.03579952267303103
0 0.16292442497261775 0.02386634844868735 0.05750273822562979 0.04474940334128878
0 0.22727272727272727 0.02237470167064439 0.06845564074479737 0.04474940334128878
0 0.2916210295728368 0.024618138424820996 0.05750273822562979 0.04922434367541766
0 0.37376779846659364 0.031324582338902146 0.09309967141292443 0.0477326968973747
0 0.4607119386637459 0.029832935560859187 0.04791894852135816 0.05071599045346062
0 0.5045235487404162 0.023126491646778036 0.04791894852135816 0.043257756563245826
0 0.5695509309967142 0.021634844868735077 0.09309967141292443 0.043257756563245826
0 0.9563307776560789 0.02535799522673031 0.07256297918948522 0.03579952267303103
0 0.8892442497261774 0.014916467780429593 0.045180722891566265 0.029832935560859187
0 0.8837677984665936 0.1760143198090692 0.18209200438116102 0.0805489260143198
0 0.8803395399780942 0.2781980906921241 0.21358159912376778 0.06712410501193318
0 0.875553121577218 0.37664677804295943 0.19578313253012047 0.06414081145584725
0 0.8837677984665936 0.47509546539379477 0.20947426067907995 0.07309069212410502
0 0.5681818181818182 0.14468973747016706 0.052026286966046005 0.0477326968973747
0 0.666078860898138 0.14916467780429593 0.13828039430449068 0.05369928400954654
0 0.04791894852135816 0.12605011933174223 0.07393209200438117 0.04922434367541766
0 0.030810514786418396 0.18943914081145585 0.061610076670317634 0.038782816229116945
0 0.038335158817086525 0.2461217183770883 0.04107338444687842 0.0477326968973747
0 0.025334063526834608 0.32742243436754176 0.05065717415115006 0.05220763723150358
0 0.19852135815991237 0.37217183770883056 0.024644030668127054 0.016408114558472554
0 0.3196933187294633 0.4668854415274463 0.05065717415115006 0.02684964200477327
0 0.6428039430449068 0.5362529832935561 0.05065717415115006 0.028341288782816228
0 0.7167360350492881 0.539236276849642 0.07530120481927711 0.028341288782816228
3 0.8796604600219058 0.6294749403341289 0.20673603504928806 0.22374701670644392