0 0.9388657648283039 0.4997058823529412 0.03694068678459938 0.03795206971677564
0 0.6991467221644121 0.49562091503267974 0.03355879292403746 0.04067538126361659
0 0.4617585848074922 0.4999782135076253 0.040062434963579606 0.04285403050108936
0 0.22034339229968783 0.4975272331154684 0.03590010405827263 0.04230936819172117
0 0.9396462018730489 0.8995642701525054 0.03329864724245578 0.035925925925925944
0 0.6978459937565037 0.898474945533769 0.036160249739854315 0.03810457516339871
0 0.4617585848074922 0.9017429193899782 0.040062434963579606 0.04246187363834425
0 0.22034339229968783 0.9010675381263616 0.03590010405827263 0.041100217864923766
0 0.053069719042663895 0.13416122004357298 0.04994797086368366 0.025806100217864923
0 0.04864724245577524 0.1755446623093682 0.04630593132154006 0.030141612200435746
0 0.055026014568158164 0.21162309368191723 0.0564516129032258 0.02605664488017431
0 0.048262226847034344 0.2511111111111111 0.032518210197710715 0.028769063180827913
0 0.2189177939646202 0.13538126361655772 0.05124869927159209 0.02607843137254902
0 0.21670135275754424 0.1755446623093682 0.05983350676378772 0.030141612200435746
0 0.21462018730489074 0.21080610021786494 0.06607700312174818 0.0331372549019608
0 0.2170967741935484 0.25042483660130715 0.06321540062434963 0.027407407407407436
0 0.37695109261186266 0.2511111111111111 0.06815816857440167 0.028769063180827913
0 0.3645993756503642 0.21080610021786494 0.03043704474505723 0.022244008714596968
0 0.3926951092611863 0.17418300653594773 0.08662851196670135 0.027429193899782142
0 0.37460978147762747 0.13483660130718955 0.05827263267429761 0.0271677559912854
0 0.5278355879292403 0.13715686274509803 0.04734651404786681 0.02526143790849673
0 0.5334339229968782 0.17282135076252725 0.06113423517169615 0.024705882352941185
0 0.5375962539021852 0.21149237472766885 0.0694588969823101 0.023605664488017448
0 0.7070759625390218 0.21067538126361657 0.08844953173777315 0.030686274509803938
0 0.7038293444328824 0.17500000000000002 0.07414151925078044 0.020348583877995652
0 0.6897814776274713 0.13347494553376907 0.04604578563995838 0.024444444444444442
0 0.8497710718002082 0.13510893246187364 0.059053069719042665 0.032069716775599125
0 0.8608220603537982 0.17269063180827887 0.06815816857440167 0.02225490196078432
0 0.8578355879292404 0.2121677559912854 0.06997918834547347 0.024967320261437925