0 0.07822765469824294 0.2838686131386861 0.0854698242933537 0.04805352798053528
0 0.08482811306340718 0.34456204379562044 0.10663101604278076 0.045754257907542596
0 0.06430099312452253 0.40361313868613136 0.05601986249045073 0.04422141119221414
0 0.07448433919022154 0.46543795620437955 0.08275783040488921 0.042165450121654464
0 0.08141329258976317 0.5214476885644769 0.09183346065699005 0.046715328467153254
1 0.37226126814362104 0.30592457420924574 0.1403743315508021 0.02929440389294402
1 0.3485485103132162 0.5457785888077858 0.09612681436210847 0.03860097323600976
1 0.37353705118411 0.788029197080292 0.15565317035905277 0.030425790754257897
3 0.6394957983193278 0.917603406326034 0.7034835752482811 0.1435766423357664
3 0.1379449961802903 0.6732481751824817 0.24620320855614972 0.05458637469586362
1 0.08527119938884645 0.1124330900243309 0.09947288006111538 0.043783454987834564