0 0.08611555555555556 0.025455519828510183 0.03888888888888889 0.02947481243301179
0 0.14056 0.025455519828510183 0.03666666666666667 0.021436227224008574
0 0.20500444444444443 0.030814576634512324 0.05 0.021436227224008574
0 0.26 0.027470525187566982 0.02 0.02545551982851018
0 0.3111111111111111 0.02947481243301179 0.06222222222222222 0.021436227224008574
0 0.3894488888888889 0.028135048231511254 0.07 0.024115755627009645
0 0.47555555555555556 0.027470525187566982 0.06888888888888889 0.022775991425509106
0 0.54056 0.027470525187566982 0.025555555555555557 0.020096463022508036
0 0.5911111111111111 0.027470525187566982 0.051111111111111114 0.020096463022508036
0 0.6422222222222222 0.026130760986066447 0.03111111111111111 0.01741693461950696
0 0.8538933333333333 0.027470525187566982 0.01888888888888889 0.03349410503751339
0 0.8888888888888888 0.02947481243301179 0.022222222222222223 0.03751339764201501
0 0.9261155555555557 0.028135048231511254 0.016666666666666666 0.02679528403001072
0 0.9672266666666668 0.02479099678456591 0.025555555555555557 0.02813504823151125
0 0.08777777777777777 0.09445873526259378 0.03333333333333333 0.05493033226152197
0 0.21056 0.09512325830653805 0.06777777777777778 0.05091103965702037
0 0.3233333333333333 0.09378349410503752 0.06222222222222222 0.04287245444801715
0 0.44555555555555554 0.09780278670953912 0.06888888888888889 0.05359056806002144
0 0.5683377777777777 0.09579849946409431 0.06111111111111111 0.04957127545551983
0 0.6861155555555556 0.09646302250803858 0.043333333333333335 0.04555198285101822
0 0.8066666666666666 0.09646302250803858 0.057777777777777775 0.05091103965702037
0 0.9277777777777778 0.09244372990353698 0.051111111111111114 0.04823151125401929
0 0.04500444444444444 0.6236655948553055 0.04333333333333333 0.02009646302250804
0 0.10333333333333333 0.6229903536977492 0.042222222222222223 0.021436227224008574
0 0.18777777777777777 0.6216505894962486 0.09555555555555556 0.024115755627009645
0 0.28888888888888886 0.6229903536977492 0.09333333333333334 0.021436227224008574
0 0.3850044444444444 0.6270096463022508 0.05444444444444444 0.018756698821007504
0 0.45555555555555555 0.6310289389067524 0.05555555555555555 0.010718113612004287
0 0.5311111111111111 0.6263451232583065 0.06888888888888889 0.014737406216505895
0 0.5883377777777777 0.6276848874598071 0.03 0.012057877813504822
0 0.6388888888888888 0.6290246516613076 0.04 0.014737406216505895
0 0.7055555555555556 0.6263451232583065 0.06666666666666667 0.02009646302250804
0 0.8522222222222222 0.6759163987138264 0.07777777777777778 0.014737406216505895
0 0.8883377777777779 0.7817577706323687 0.06111111111111121 0.014737406216505895
1 0.9461155555555556 0.6276848874598071 0.06777777777777778 0.02277599142550911