2 0.4892486338797814 0.04971590909090909 0.3671448087431694 0.036931818181818184
0 0.13148907103825136 0.04617045454545455 0.06830601092896176 0.03551136363636364
0 0.20662568306010928 0.045454545454545456 0.07172131147540983 0.03125
0 0.2860382513661202 0.09446590909090909 0.07684426229508197 0.024147727272727272
0 0.4158196721311475 0.09020454545454545 0.10416666666666667 0.018465909090909092
0 0.552431693989071 0.09375 0.07684426229508197 0.02556818181818182
0 0.6762295081967213 0.09588636363636363 0.10587431693989072 0.029829545454545456
0 0.8265027322404371 0.01278409090909091 0.06830601092896176 0.02556818181818182
0 0.8734699453551913 0.01278409090909091 0.035860655737704916 0.017045454545454544
0 0.9357923497267759 0.013500000000000003 0.06489071038251366 0.018465909090909092
0 0.8632240437158469 0.05397727272727273 0.03927595628415301 0.022727272727272728
0 0.9033469945355191 0.04971590909090909 0.030737704918032786 0.022727272727272728
0 0.9537295081967213 0.041193181818181816 0.04269125683060109 0.028409090909090908
0 0.9050546448087432 0.09304545454545454 0.11270491803278689 0.02130681818181818
0 0.9264071038251366 0.14560227272727272 0.08709016393442623 0.007102272727272727
0 0.9503142076502732 0.17401136363636363 0.05293715846994536 0.015625
0 0.6454918032786885 0.3160568181818182 0.35860655737704916 0.032670454545454544
0 0.6420765027322405 0.3544090909090909 0.3859289617486339 0.03551136363636364
0 0.6045081967213115 0.8267045454545454 0.03415300546448088 0.02556818181818182
0 0.6617213114754098 0.8267045454545454 0.03244535519125683 0.022727272727272728
0 0.06489071038251366 0.09801136363636363 0.09562841530054644 0.028409090909090908