2 0.30848019401778487 0.049398663697104675 0.3678253839935327 0.05564587973273942
0 0.8323848019401779 0.04838530066815145 0.057873888439773674 0.0779064587973274
0 0.8998140662894099 0.0502783964365256 0.0567744543249798 0.07158129175946548
0 0.9626515763945028 0.04775055679287305 0.05751010509296675 0.07664810690423163
0 0.8920937752627324 0.14619153674832963 0.04134195634599828 0.03663697104677059
0 0.9545675020210186 0.14201559020044544 0.05603880355699286 0.04246102449888641
0 0.49423605497170575 0.14366369710467705 0.0668795472918351 0.04169265033407572
0 0.4293775262732417 0.14581291759465478 0.04372675828617621 0.03992204899777284
0 0.3710428455941795 0.14454342984409801 0.042813257881972544 0.04751670378619156
0 0.30811641067097817 0.14454342984409801 0.07312853678253843 0.0576391982182628
0 0.24978172999191595 0.14593541202672608 0.028108326596604675 0.04220489977728284
0 0.20853678253839933 0.14479955456570157 0.028294260307194827 0.0419487750556793
0 0.1523120452708165 0.14985523385300667 0.06283751010509298 0.0419487750556793
0 0.040881164106709784 0.14643652561247217 0.05493936944219886 0.061436525612472176
0 0.9759660468876313 0.4103786191536748 0.03086499595796268 0.04465478841870826
0 0.9473969280517381 0.535890868596882 0.08212611156022648 0.0365256124721603
1 0.7653274050121261 0.6534298440979955 0.441867421180275 0.05698218262806244
1 0.31380759902991107 0.21451002227171492 0.13963621665319323 0.031559020044543404
1 0.15902182700080839 0.21615812917594657 0.1405497170573969 0.030790645879732716
0 0.8900808407437348 0.9629175946547884 0.1879547291835085 0.06044543429844095
0 0.691285367825384 0.9632962138084632 0.19456750202101863 0.057149220489977656
0 0.5690137429264349 0.960890868596882 0.043726758286176164 0.05436525612472153
0 0.6408488278092158 0.7957795100222718 0.02940177849636208 0.027850779510022263
0 0.5741552142279709 0.7936191536748329 0.024624090541633014 0.029621380846325065
0 0.9596200485044462 0.7210022271714922 0.031236863379142984 0.02811804008908686
0 0.04502021018593371 0.2992873051224944 0.068714632174616 0.08973273942093543
0 0.04345189975747777 0.3983518930957684 0.06742926434923201 0.08135857461024493
0 0.04786580436540016 0.49906458797327397 0.06890056588520614 0.09246102449888638
0 0.048326596604688764 0.5977616926503341 0.06797898140662895 0.09749443207126944