0 0.07235294117647058 0.034247491638795986 0.0541038062283737 0.03544035674470457
0 0.13101730103806228 0.035139353400222964 0.048761245674740473 0.04127090301003345
0 0.18331487889273357 0.03260869565217391 0.04482352941176469 0.0361984392419175
0 0.2349826989619377 0.028294314381270898 0.04592387543252596 0.039754738015607576
0 0.2919930795847751 0.03235228539576366 0.057723183391003435 0.03163879598662207
0 0.34798615916955017 0.03488294314381271 0.03759169550173014 0.036711259754738004
0 0.3873910034602076 0.03450390189520624 0.03303114186851212 0.029866220735785952
0 0.4300899653979239 0.03260869565217391 0.03193079584775094 0.02606465997770345
0 0.48938408304498265 0.03324414715719064 0.059294117647058865 0.027335562987736896
0 0.7179169550173011 0.0336231884057971 0.05929411764705879 0.034169453734671125
0 0.7813771626297578 0.0320958751393534 0.03145328719723171 0.027079152731326647
0 0.8216401384083045 0.03197324414715719 0.04278200692041534 0.024804905239687848
0 0.8641868512110726 0.03425863991081383 0.03193079584775078 0.02530657748049052
0 0.9172733564013841 0.03450390189520624 0.06417301038062286 0.029866220735785952
0 0.9716885813148788 0.031081382385730216 0.04089273356401394 0.029108138238573025
0 0.9563529411764706 0.11189520624303234 0.04011072664359864 0.024526198439241916
0 0.9549411764705883 0.2538907469342252 0.04671280276816609 0.02676700111482719
0 0.948726643598616 0.3069676700111483 0.04530103806228376 0.03966555183946493
0 0.8407543252595157 0.5135562987736901 0.2713148788927336 0.04948717948717947
0 0.8409896193771627 0.5889186176142698 0.27335640138408307 0.07860646599777034
0 0.8416955017301038 0.6659420289855073 0.27320415224913486 0.046153846153846254
0 0.9204982698961937 0.7376365663322185 0.11308650519031131 0.04967670011148266
0 0.80119723183391 0.7375027870680044 0.11513494809688574 0.0474024526198439
0 0.9604429065743945 0.8151505016722409 0.03570242214532882 0.016220735785953126
0 0.8411487889273357 0.9658862876254181 0.07549480968858141 0.03391304347826095
0 0.7218477508650518 0.7382608695652174 0.020920415224913506 0.050947603121516215