0 0.13388937664618086 0.1119186046511628 0.048287971905179985 0.0872093023255814
0 0.1898595258999122 0.11337209302325581 0.0504828797190518 0.08430232558139535
0 0.24802458296751537 0.11627906976744186 0.03950834064969271 0.07848837209302326
0 0.30399473222124673 0.11773255813953488 0.03950834064969271 0.06686046511627906
0 0.3566725197541703 0.11627906976744186 0.03511852502194908 0.0755813953488372
0 0.41319578577699734 0.12063953488372094 0.029631255487269536 0.07267441860465117
0 0.46916593503072873 0.11555813953488371 0.04719051799824407 0.07122093023255814
0 0.5174539069359086 0.11265116279069767 0.04280070237050044 0.07994186046511628
0 0.5778138718173836 0.11482558139534883 0.038410886742756806 0.08430232558139535
0 0.6315891132572432 0.11846511627906976 0.03402107111501317 0.07703488372093023
0 0.6886567164179105 0.11918604651162791 0.04719051799824407 0.0755813953488372
0 0.7391395961369622 0.11846511627906976 0.036215978928884986 0.07412790697674419
0 0.7989464442493416 0.12063953488372094 0.048287971905179985 0.06976744186046512
0 0.8560140474100087 0.12427906976744185 0.03950834064969271 0.07122093023255814
0 0.2562598770851624 0.21003488372093024 0.036215978928884986 0.0188953488372093
0 0.2908252853380158 0.20930232558139536 0.021949078138718173 0.014534883720930232
0 0.32155399473222124 0.20930232558139536 0.024143985952589993 0.011627906976744186
0 0.3500877963125549 0.21075581395348839 0.019754170324846356 0.020348837209302327
0 0.38466198419666375 0.21075581395348839 0.023046532045654083 0.014534883720930232
0 0.41483757682177347 0.21003488372093024 0.024143985952589993 0.01308139534883721
0 0.06749780509218613 0.17877906976744187 0.06035996488147498 0.023255813953488372
3 0.06969271290605794 0.12354651162790697 0.06035996488147498 0.24709302325581395