0 0.09251559251559252 0.7321428571428571 0.07692307692307693 0.10164835164835165
0 0.1741164241164241 0.7314560439560439 0.07380457380457381 0.10027472527472528
0 0.25727650727650725 0.7300824175824175 0.07588357588357589 0.10027472527472528
0 0.3373180873180873 0.7307692307692307 0.07380457380457381 0.0989010989010989
0 0.41995841995842 0.7335164835164835 0.079002079002079 0.0989010989010989
0 0.21413721413721415 0.8434065934065934 0.07484407484407485 0.1043956043956044
0 0.2983367983367983 0.842032967032967 0.079002079002079 0.1043956043956044
0 0.4298336798336798 0.967032967032967 0.030145530145530147 0.04120879120879121
0 0.4693347193347193 0.9663461538461539 0.04054054054054054 0.034340659340659344
0 0.6138253638253638 0.9114010989010989 0.1257796257796258 0.0782967032967033
0 0.75 0.9093406593406593 0.1257796257796258 0.08241758241758242
0 0.8570686070686071 0.9100274725274725 0.06340956340956341 0.0782967032967033
0 0.9381496881496881 0.9107142857142857 0.08004158004158005 0.08241758241758242
0 0.8513513513513513 0.676510989010989 0.029106029106029108 0.03983516483516483
0 0.9371101871101871 0.676510989010989 0.030145530145530147 0.042582417582417584
1 0.7765072765072765 0.17651098901098902 0.06652806652806653 0.0260989010989011
0 0.5706860706860707 0.03777472527472527 0.04158004158004158 0.0260989010989011
1 0.672037422037422 0.8337912087912088 0.2442827442827443 0.03021978021978022