0 0.625671321160043 0.4903254769921436 0.13694951664876476 0.01823793490460157
0 0.6458109559613319 0.5745005611672278 0.1799140708915145 0.029461279461279462
0 0.6270139634801289 0.6937485970819304 0.13426423200859292 0.02665544332210999
0 0.6975080558539205 0.7239057239057239 0.26450053705692805 0.025252525252525252
0 0.7230182599355531 0.44191919191919193 0.34237379162191195 0.04208754208754209
0 0.5806981740064446 0.3528395061728395 0.041621911922663804 0.01823793490460157
0 0.644468313641246 0.35424242424242425 0.07518796992481203 0.01823793490460157
0 0.706906552094522 0.3528395061728395 0.04967776584317938 0.01823793490460157
0 0.776047261009667 0.35424242424242425 0.0644468313641246 0.01823793490460157
0 0.9640171858216972 0.16063973063973064 0.024167561761546726 0.01823793490460157
0 0.9223952738990333 0.05401795735129069 0.05639097744360902 0.02665544332210999
0 0.9848335123523093 0.05822671156004489 0.02819548872180451 0.01823793490460157
0 0.8626530612244898 0.05962962962962963 0.06578947368421052 0.023849607182940515
0 0.9197099892588615 0.020347923681257013 0.09129967776584318 0.023849607182940515
0 0.49946294307196565 0.007721661054994387 0.09935553168635876 0.015432098765432098
0 0.061095596133190114 0.014029180695847363 0.09801288936627282 0.025252525252525252
0 0.10875402792696026 0.06383838383838383 0.08592910848549946 0.021043771043771035
0 0.18662728249194416 0.06172839506172839 0.0644468313641246 0.02244668911335578
0 0.03893662728249194 0.13959595959595958 0.04833512352309345 0.046296296296296294
0 0.040955961331901186 0.18658810325476993 0.041621911922663804 0.04489337822671156
0 0.036928034371643395 0.2321885521885522 0.03893662728249194 0.046296296296296294
0 0.036251342642320085 0.2854994388327722 0.04564983888292159 0.04068462401795735
0 0.03759398496240601 0.32968574635241304 0.040279269602577876 0.03367003367003367
0 0.036928034371643395 0.3724803591470258 0.041621911922663804 0.04068462401795735
0 0.03558539205155747 0.41947250280583614 0.03893662728249194 0.03647586980920314
0 0.03356605800214823 0.4657687991021324 0.040279269602577876 0.03928170594837262
0 0.03893662728249194 0.5169809203142537 0.05102040816326531 0.046296296296296294
0 0.03827067669172932 0.5646801346801347 0.04430719656283566 0.046296296296296294
1 0.6263480128893663 0.38931537598204263 0.06847475832438238 0.01823793490460157
2 0.5263157894736842 0.0624354657687991 0.378625134264232 0.01823793490460157
1 0.28800214822771214 0.058922558922558925 0.04967776584317938 0.02244668911335578
0 0.24570354457572502 0.06172839506172839 0.0322234156820623 0.02244668911335578