0 0.1979565772669221 0.1347155361050328 0.08461047254150703 0.028719912472647702
0 0.302522349936143 0.12787746170678335 0.06226053639846743 0.036925601750547044
0 0.43582375478927204 0.13198030634573304 0.07343550446998723 0.039660831509846825
0 0.5523627075351213 0.12924507658643325 0.09897828863346105 0.03145514223194748
0 0.6872605363984674 0.12582056892778992 0.09099616858237548 0.030087527352297593
0 0.808588761174968 0.12787746170678335 0.06226053639846743 0.028719912472647702
0 0.73316091954023 0.05402625820568927 0.043901660280970624 0.05607221006564551
0 0.7946232439335889 0.06633479212253829 0.05507662835249042 0.06701312910284463
0 0.8437100893997446 0.059496717724288835 0.041507024265644954 0.053336980306345726
0 0.8995849297573435 0.25711159737417943 0.03991060025542784 0.05196936542669584
0 0.9107598978288634 0.325492341356674 0.036717752234993614 0.03555798687089715
0 0.9099616858237548 0.39592997811816194 0.04789272030651341 0.07521881838074398
0 0.9103639846743296 0.4759299781181619 0.03751596424010217 0.04923413566739606
0 0.7642911877394637 0.545 0.06625159642401021 0.12992341356673962
0 0.8317369093231162 0.5484135667396062 0.06226053639846743 0.11487964989059081
0 0.1520625798212005 0.28583150984682715 0.02793742017879949 0.05196936542669584
0 0.19715836526181355 0.2837855579868709 0.023946360153256706 0.04786652078774617
0 0.23348020434227332 0.2892560175054705 0.031130268199233715 0.039660831509846825
0 0.27738186462324393 0.28788840262582055 0.039112388250319284 0.04786652078774617
0 0.32447637292464876 0.28309628008752735 0.01995530012771392 0.05196936542669584
0 0.37037037037037035 0.2892560175054705 0.031928480204342274 0.05333698030634573
0 0.4114814814814815 0.29540481400437635 0.04230523627075351 0.05470459518599562
0 0.45618135376756064 0.2865207877461707 0.02793742017879949 0.05333698030634573
0 0.4996807151979566 0.2892560175054705 0.02713920817369093 0.04786652078774617
0 0.5423882503192848 0.2892560175054705 0.035919540229885055 0.05060175054704595
0 0.5902809706257982 0.2926695842450766 0.021551724137931036 0.04649890590809628
0 0.625 0.2899343544857768 0.020753512132822477 0.0437636761487965
0 0.6677075351213283 0.2967724288840263 0.02793742017879949 0.04923413566739606
0 0.6681034482758621 0.36241794310722103 0.033524904214559385 0.05470459518599562
0 0.6313856960408685 0.3514770240700219 0.02554278416347382 0.0437636761487965
0 0.5838952745849297 0.3412253829321663 0.03272669220945083 0.05060175054704595
0 0.5419859514687101 0.34943107221006564 0.023946360153256706 0.039660831509846825
0 0.49928480204342274 0.3350656455142232 0.02793742017879949 0.04649890590809628
0 0.45618135376756064 0.34463894967177244 0.029533844189016605 0.0437636761487965
0 0.4114814814814815 0.34806345733041577 0.03751596424010217 0.056072210065645514
0 0.3683780332056194 0.34669584245076585 0.034323116219667944 0.04513129102844639
0 0.3248722860791826 0.3405361050328228 0.03033205619412516 0.057439824945295405
0 0.2853639846743295 0.34943107221006564 0.04230523627075351 0.056072210065645514
0 0.2386653895274585 0.3507986870897155 0.03991060025542784 0.05333698030634573
0 0.19556194125159643 0.3487417943107221 0.0351213282247765 0.05470459518599562
0 0.15245849297573436 0.3473741794310722 0.031928480204342274 0.0437636761487965
0 0.15086206896551724 0.40687089715536107 0.0351213282247765 0.05333698030634573
0 0.1939655172413793 0.4102844638949672 0.036717752234993614 0.05196936542669584
0 0.24265644955300128 0.4096061269146608 0.03991060025542784 0.05333698030634573
0 0.28575989782886335 0.4048140043763676 0.03033205619412516 0.0437636761487965
0 0.3288633461047254 0.40344638949671774 0.033524904214559385 0.060175054704595186
0 0.3707726692209451 0.40687089715536107 0.031130268199233715 0.04786652078774617
0 0.4130779054916986 0.41165207877461707 0.034323116219667944 0.05470459518599562
0 0.4565772669220945 0.4089168490153173 0.02234993614303959 0.05196936542669584
0 0.5048722860791827 0.4089168490153173 0.02793742017879949 0.060175054704595186
0 0.5427841634738186 0.40687089715536107 0.020753512132822477 0.04786652078774617
0 0.5858876117496807 0.4075492341356674 0.033524904214559385 0.05196936542669584
0 0.6293933588761175 0.4150765864332604 0.039112388250319284 0.056072210065645514
0 0.6736909323116219 0.4178118161925602 0.03033205619412516 0.04786652078774617
0 0.6744891443167306 0.47045951859956237 0.033524904214559385 0.04649890590809628
0 0.6257982120051085 0.4690919037199125 0.03033205619412516 0.04923413566739606
0 0.5890804597701149 0.46294310722100657 0.02713920817369093 0.05333698030634573
0 0.5427841634738186 0.46294310722100657 0.036717752234993614 0.05333698030634573
0 0.4976883780332056 0.46704595185995623 0.031130268199233715 0.05060175054704595
0 0.45418263090676886 0.4608862144420131 0.02554278416347382 0.041028446389496716
0 0.40988505747126436 0.4663566739606127 0.04230523627075351 0.04649890590809628
0 0.3683780332056194 0.4636214442013129 0.04709450830140485 0.04649890590809628
0 0.3332567049808429 0.46704595185995623 0.03751596424010217 0.05060175054704595
0 0.2793742017879949 0.4684135667396061 0.04948914431673052 0.039660831509846825
0 0.24026181353767562 0.46772428884026257 0.023946360153256706 0.038293216630196934
0 0.19756066411238823 0.46704595185995623 0.03272669220945083 0.036925601750547044
0 0.15644955300127714 0.45951859956236324 0.028735632183908046 0.03282275711159737
0 0.3448275862068966 0.6400437636761488 0.08780332056194125 0.0437636761487965
0 0.6257982120051085 0.6393654266958424 0.08461047254150703 0.036925601750547044
0 0.6748914431673053 0.8321991247264771 0.01516602809706258 0.009573304157549234
2 0.49808429118773945 0.062231947483588616 0.2554278416347382 0.050601750547045944
3 0.07224137931034483 0.5422647702407002 0.09818007662835249 0.5976477024070022
3 0.7922286079182631 0.7508205689277899 0.12053001277139208 0.27078774617067836
3 0.7866411238825033 0.3610503282275711 0.15405491698595147 0.22702407002188185
3 0.49808429118773945 0.1921553610503282 0.7327586206896551 0.07795404814004377