0 0.9539162790697675 0.4993255813953489 0.05919999999999999 0.021232558139534872
0 0.6317116279069768 0.05263953488372093 0.0659627906976745 0.034837209302325575
0 0.09281860465116279 0.19994186046511628 0.09175813953488371 0.022906976744186035
0 0.08626046511627909 0.22517441860465118 0.0744186046511628 0.022639534883720894
0 0.09323720930232558 0.24869767441860466 0.08414883720930233 0.023162790697674438
0 0.08097674418604651 0.2711627906976744 0.06807441860465117 0.01647674418604653
0 0.06617674418604651 0.3467325581395349 0.0300186046511628 0.02260465116279076
0 0.06786976744186046 0.37130232558139536 0.05031627906976745 0.0210116279069768
0 0.06627906976744186 0.39362790697674416 0.036576744186046506 0.0210116279069768
0 0.06670697674418605 0.41622093023255813 0.03742325581395348 0.02656976744186049
0 0.062055813953488366 0.44238372093023254 0.028120930232558138 0.020755813953488397
0 0.07865116279069767 0.4697325581395349 0.05920000000000001 0.025255813953488405
0 0.05634418604651162 0.5386976744186046 0.020930232558139528 0.021755813953488416
0 0.07706046511627908 0.5635348837209302 0.07082790697674417 0.024918604651162732
0 0.07124651162790697 0.5885 0.04016744186046512 0.019895348837209254
0 0.07737674418604652 0.6611627906976745 0.05666046511627907 0.01723255813953481
0 0.07516279069767441 0.6854767441860465 0.05433488372093023 0.021453488372093075
0 0.08213953488372093 0.7078023255813954 0.06405581395348836 0.02170930232558148
0 0.09757209302325581 0.732639534883721 0.09915348837209302 0.02487209302325593
0 0.06807441860465117 0.7588023255813954 0.038055813953488365 0.020104651162790654
0 0.08119069767441861 0.8310697674418605 0.06426976744186047 0.0208837209302326
0 0.07790697674418605 0.8557674418604652 0.05560000000000001 0.021662790697674544
0 0.1076093023255814 0.8779651162790697 0.12135813953488375 0.019546511627906913
0 0.09345116279069766 0.9014883720930232 0.0888 0.020069767441860453
0 0.07812093023255814 0.9285697674418605 0.060251162790697685 0.021383720930232674
0 0.09481860465116279 0.9491744186046511 0.08943255813953487 0.022430232558139494
0 0.07230697674418606 0.9733604651162792 0.046511627906976744 0.02427906976744199