0 0.09973887814313345 0.020204741379310345 0.022969052224371372 0.02693965517241379
0 0.14809477756286266 0.020883620689655172 0.04231141199226306 0.022898706896551723
0 0.20309477756286268 0.022230603448275862 0.033849129593810444 0.017510775862068964
0 0.25568665377176014 0.023577586206896546 0.032640232108317214 0.02289870689655172
0 0.29980657640232106 0.021551724137931036 0.033849129593810444 0.029633620689655173
0 0.3608607350096712 0.02357758620689655 0.0398936170212766 0.020204741379310345
0 0.811779497098646 0.021551724137931036 0.032640232108317214 0.024245689655172414
0 0.8528820116054159 0.01953663793103448 0.022969052224371372 0.020204741379310345
0 0.89821083172147 0.021551724137931036 0.026595744680851064 0.021551724137931036
0 0.940522243713733 0.017510775862068964 0.024177949709864602 0.018857758620689655
0 0.0695164410058027 0.13941810344827585 0.0640715667311412 0.04175646551724138
0 0.1493036750483559 0.1400862068965517 0.08341392649903288 0.04040948275862069
0 0.23573500967117988 0.1427801724137931 0.08220502901353965 0.03771551724137931
0 0.34151837524177947 0.14412715517241378 0.11484526112185686 0.04040948275862069
0 0.45091876208897486 0.14076508620689654 0.08462282398452611 0.03636853448275862
0 0.5488394584139265 0.1414331896551724 0.10154738878143134 0.03771551724137931
0 0.6594584139264991 0.14076508620689654 0.10275628626692457 0.0390625
0 0.7652321083172147 0.14076508620689654 0.08704061895551257 0.04175646551724138
0 0.8661798839458413 0.14211206896551723 0.09792069632495165 0.0390625
0 0.09066731141199226 0.18992456896551724 0.10880077369439071 0.03502155172413793
0 0.20249516441005802 0.18992456896551724 0.10033849129593811 0.032327586206896554
0 0.31492263056092845 0.18992456896551724 0.10759187620889749 0.032327586206896554
0 0.42311411992263054 0.1852155172413793 0.08945841392649903 0.033674568965517244
0 0.048355899419729204 0.018857758620689655 0.024177949709864602 0.024245689655172414