0 0.5733387358184765 0.22783083219645292 0.04781199351701783 0.0572987721691678
0 0.6276337115072933 0.22442019099590724 0.04294975688816856 0.04229195088676671
0 0.43354943273906 0.8335607094133697 0.09724473257698542 0.04365620736698499
0 0.5303889789303079 0.8315143246930423 0.08833063209076175 0.03956343792633015
0 0.9457050243111832 0.8246930422919508 0.04213938411669368 0.04229195088676671
1 0.10048622366288493 0.747612551159618 0.17990275526742303 0.03819918144611187
1 0.14910858995137763 0.32332878581173263 0.04862236628849271 0.021828103683492497
1 0.2013776337115073 0.3130968622100955 0.03808752025931929 0.023192360163710776
1 0.15437601296596434 0.15620736698499318 0.04457050243111831 0.0286493860845839
1 0.2159643435980551 0.15620736698499318 0.06239870340356564 0.034106412005457026
1 0.1527552674230146 0.09140518417462483 0.0526742301458671 0.054570259208731244
1 0.15153970826580226 0.019099590723055934 0.04376012965964344 0.03819918144611187
2 0.20542949756888168 0.021828103683492497 0.04457050243111831 0.03547066848567531
2 0.2645867098865478 0.02660300136425648 0.04457050243111831 0.034106412005457026
2 0.20623987034035657 0.09754433833560709 0.04457050243111831 0.045020463847203276
2 0.2625607779578606 0.09072305593451568 0.04862236628849271 0.05320600272851296
2 0.18962722852512157 0.25852660300136426 0.12965964343598055 0.04229195088676671
3 0.489870340356564 0.14597544338335608 0.3541329011345219 0.286493860845839