0 0.029711375212224108 0.12109048723897911 0.04881154499151104 0.027552204176334107
0 0.08542444821731748 0.12180974477958237 0.04562818336162988 0.02320185614849188
0 0.14749575551782682 0.12109048723897911 0.05730050933786078 0.024651972157772623
0 0.19896434634974533 0.12035962877030162 0.056239388794567066 0.020301624129930394
0 0.26634125636672323 0.12035962877030162 0.050933786078098474 0.02320185614849188
0 0.3316044142614601 0.12109048723897911 0.030772495755517826 0.027552204176334107
0 0.3798811544991511 0.12035962877030162 0.029711375212224108 0.01740139211136891
0 0.45151103565365025 0.12109048723897911 0.07109507640067912 0.021751740139211138
0 0.5263157894736842 0.11964037122969837 0.03395585738539898 0.021751740139211138
0 0.5809677419354838 0.12254060324825986 0.04775042444821732 0.015951276102088168
0 0.029185059422750428 0.27262180974477956 0.04562818336162988 0.06670533642691415
0 0.03130730050933786 0.3487587006960557 0.039261460101867575 0.05945475638051044
0 0.03183361629881155 0.425614849187935 0.04881154499151104 0.07105568445475638
0 0.030772495755517826 0.5031902552204176 0.04456706281833616 0.058004640371229696
0 0.02812393887945671 0.577877030162413 0.04562818336162988 0.05945475638051044
0 0.03024617996604414 0.6627030162412993 0.05199490662139218 0.06380510440835267
0 0.027062818336162985 0.7359396751740139 0.043505942275042446 0.06525522041763342
0 0.45097623089983024 0.8519489559164733 0.13794567062818336 0.03625290023201856
0 0.6499405772495755 0.8135150812064965 0.04775042444821732 0.02320185614849188
0 0.9454584040747029 0.8287470997679814 0.029711375212224108 0.03625290023201856
0 0.9327249575551783 0.47273781902552203 0.08488964346349745 0.037703016241299306
0 0.9290152801358236 0.2900232018561485 0.04138370118845501 0.049303944315545245
0 0.9634974533106961 0.28132250580046403 0.029711375212224108 0.031902552204176336
0 0.12999151103565365 0.052204176334106726 0.06260611205432937 0.037703016241299306
0 0.199490662139219 0.04495359628770302 0.03607809847198642 0.043503480278422275
0 0.2811969439728353 0.0478538283062645 0.10398981324278438 0.04060324825986079
0 0.6960950764006791 0.04278422273781903 0.03183361629881155 0.030452436194895592
0 0.7454414261460102 0.04423433874709977 0.030772495755517826 0.018851508120649653
0 0.7974363327674023 0.04568445475638051 0.05199490662139219 0.018851508120649653
0 0.8494312393887946 0.04205336426914153 0.04350594227504254 0.01740139211136891
1 0.9353820033955859 0.04423433874709977 0.07533955857385399 0.04495359628770302
1 0.8971816638370119 0.12109048723897911 0.1517402376910017 0.03915313225058004
1 0.775679117147708 0.9766589327146171 0.3798811544991511 0.03335266821345707
1 0.7682512733446519 0.9172041763341067 0.3904923599320883 0.03625290023201856
2 0.5406451612903226 0.043503480278422275 0.2514855687606112 0.043503480278422275