0 0.08058470764617691 0.019557713052858684 0.044977511244377814 0.025620280474649405
0 0.36638680659670164 0.07011866235167206 0.1330584707646177 0.024271844660194174
0 0.5097451274362819 0.06944983818770226 0.08620689655172414 0.0337108953613808
0 0.6156371814092954 0.0674217907227616 0.08058470764617691 0.0296655879180151
0 0.8723838080959521 0.022923408845738943 0.031859070464767617 0.018878101402373247
0 0.9267316341829085 0.020226537216828478 0.031859070464767617 0.024271844660194174
0 0.2858020989505247 0.6182632146709817 0.06934032983508245 0.01483279395900755
0 0.40104947526236884 0.6209600862998921 0.10869565217391304 0.020226537216828478
0 0.5509745127436282 0.6196116504854369 0.1424287856071964 0.017529665587918016
0 0.6802848575712144 0.6196116504854369 0.08995502248875563 0.020226537216828478
0 0.25674662668665665 0.5818554476806904 0.05997001499250375 0.025620280474649405
0 0.3392053973013493 0.5852211434735707 0.06746626686656672 0.018878101402373247
0 0.3870014992503748 0.5798274002157497 0.02811094452773613 0.024271844660194174
0 0.4404047976011994 0.5825242718446602 0.044977511244377814 0.018878101402373247
0 0.5125637181409295 0.5798274002157497 0.04685157421289355 0.021574973031283712
0 0.552848575712144 0.581175836030205 0.03373313343328336 0.021574973031283712
0 0.6165667166416792 0.5798274002157497 0.029985007496251874 0.021574973031283712
0 0.6784107946026986 0.5838727076591155 0.037481259370314844 0.018878101402373247
0 0.748695652173913 0.5852211434735707 0.05434782608695652 0.016181229773462782