0 0.8640691114245416 0.16856837606837607 0.058885754583921014 0.026634615384615392
0 0.7191466854724965 0.16215811965811966 0.058180535966149506 0.03945512820512821
0 0.5750211565585331 0.16762820512820514 0.05729901269393512 0.031175213675213684
0 0.4284203102961918 0.1688354700854701 0.05148095909732017 0.0314423076923077
0 0.2841184767277856 0.16776709401709403 0.04672073342736248 0.022895299145299152
0 0.13328631875881522 0.16816239316239318 0.0535966149506347 0.030106837606837616
0 0.13884344146685473 0.2173076923076923 0.02415373765867419 0.017275641025641043
0 0.13575458392101553 0.2433440170940171 0.03737658674188998 0.015929487179487205
0 0.13628349788434416 0.2749893162393162 0.02785613540197461 0.019391025641025617
0 0.28094499294781383 0.21650641025641026 0.05447813822284908 0.024220085470085487
0 0.28165021156558534 0.24307692307692308 0.07704513399153738 0.032489316239316265
0 0.2857898448519041 0.26924145299145297 0.04478138222849083 0.022863247863247838
0 0.2812976022566996 0.30316239316239313 0.05518335684062059 0.024455128205128192
0 0.4269252468265162 0.21784188034188035 0.050246826516220026 0.016207264957264975
0 0.4289492242595205 0.24895299145299146 0.07016925246826516 0.020737179487179513
0 0.43000705218617774 0.270982905982906 0.07933709449929478 0.03274572649572647
0 0.5713187588152328 0.2138354700854701 0.03931593794076164 0.02956196581196583
0 0.575373765867419 0.24254273504273505 0.02274330042313117 0.02287393162393165
0 0.5712270803949224 0.27324786324786327 0.06205923836389281 0.02019230769230767
0 0.5735190409026798 0.3023611111111111 0.034908321579689705 0.020715811965811952
0 0.5748448519040903 0.3283974358974359 0.03226375176304654 0.019380341880341864
0 0.7208251057827928 0.21623931623931625 0.06329337094499303 0.01941239316239318
0 0.7191466854724965 0.24200854700854701 0.044076163610719324 0.023942307692307718
0 0.7188857545839211 0.27205128205128204 0.06294076163610728 0.01992521367521365
0 0.7162411847672779 0.30049145299145297 0.047073342736248316 0.019113247863247848
0 0.7200282087447109 0.33147435897435895 0.056417489421720736 0.021249999999999984
0 0.718441466854725 0.35777777777777775 0.05677009873060649 0.02471153846153846
0 0.7193229901269393 0.38474358974358974 0.04090267983074753 0.01882478632478633
0 0.8678631875881524 0.2182371794871795 0.05412552891396333 0.023418803418803435
0 0.8608110014104373 0.24534188034188031 0.025916784203102963 0.01993589743589746
0 0.8675105782792667 0.270982905982906 0.03931593794076164 0.02206196581196579
0 0.9211918194640338 0.7566239316239317 0.04619181946403385 0.025395299145299127