0 0.29240495137046857 0.09356762513312034 0.04420866489832007 0.04107561235356762
0 0.9669053934571176 0.02814696485623003 0.036631299734747866 0.02282215122470713
0 0.9580636604774535 0.8230670926517571 0.049257294429708255 0.027380191693290774
0 0.9220689655172413 0.025101171458998935 0.02778956675508385 0.03194888178913738
0 0.20209549071618035 0.022055378061767838 0.06062776304155616 0.038029818956336524
0 0.9353315649867373 0.09584664536741214 0.07957559681697612 0.030425985090521825
0 0.1389389920424403 0.025101171458998935 0.04294429708222811 0.03499467518636848
0 0.9631211317418213 0.6222470713525027 0.023996463306808023 0.021299254526091587
0 0.9567992926613618 0.9668370607028755 0.049257294429708255 0.02890308839190639
0 0.8810167992926613 0.024345047923322684 0.03410256410256405 0.02738019169329074
0 0.9542793987621574 0.1787646432374867 0.021476569407603858 0.01673056443024492
0 0.8424933687002653 0.028903088391906286 0.03536693191865606 0.02738019169329074
0 0.6359770114942528 0.019776357827476037 0.03410256410256405 0.024345047923322684
0 0.9290097259062776 0.6207241746538871 0.018947833775419837 0.024345047923322576
0 0.8980636604774536 0.1757188498402556 0.0480017683465959 0.01977635782747603
0 0.5860831122900089 0.022055378061767838 0.037895667550839875 0.025867944621938234
0 0.542502210433245 0.021299254526091587 0.03410256410256405 0.03347177848775293
0 0.48124668435013257 0.022822151224707134 0.07073386383731212 0.039552715654952074
0 0.3865075154730327 0.020543130990415336 0.07326259946949604 0.04107561235356763
0 0.8172325375773651 0.17115015974440895 0.05809902740937227 0.025867944621938255
0 0.7357559681697613 0.17724174653887115 0.08210433244915995 0.028903088391906268
0 0.10105216622458003 0.17115015974440895 0.07073386383731213 0.025867944621938255
0 0.670079575596817 0.17419595314164005 0.06694076038903628 0.028903088391906268
0 0.34671971706454463 0.09584664536741214 0.051786030061892176 0.036517571884984015
0 0.7123872679045093 0.9622683706070289 0.04547303271441208 0.025867944621938192
0 0.23177718832891245 0.089765708200213 0.06946949602122013 0.05477103301384452
0 0.589867374005305 0.17115015974440895 0.05809902740937227 0.03499467518636849
0 0.3113527851458886 0.020543130990415336 0.06442086648983202 0.038029818956336524
0 0.1559946949602122 0.09812566560170394 0.06442086648983202 0.03802981895633654
0 0.2589389920424403 0.025101171458998935 0.025260831122900132 0.03499467518636848
0 0.7130238726790451 0.820021299254526 0.049257294429708255 0.024345047923322576
0 0.9031211317418213 0.6724494142705005 0.16419982316534035 0.04867944621938236
0 0.5014500442086649 0.17647497337593185 0.0757824933687003 0.033471778487752936
0 0.4281962864721486 0.17267305644302447 0.08588859416445623 0.03499467518636849
0 0.5368169761273209 0.5225878594249201 0.03536693191865606 0.02282215122470708
0 0.08526083112290009 0.024345047923322684 0.04925729442970823 0.039552715654952074
0 0.3410344827586207 0.1734398296059638 0.07831122900088422 0.030425985090521825
0 0.26020335985853227 0.17267305644302447 0.05557913351016801 0.03194888178913738
0 0.18251989389920426 0.17419595314164005 0.05936339522546418 0.028903088391906268
0 0.054942528735632185 0.1681150159744409 0.011370468611847916 0.013695420660276904