0 0.9303644314868805 0.06921875 0.04403790087463562 0.04226562500000001
0 0.511268221574344 0.9524739583333334 0.8822303206997085 0.06832031250000004
1 0.19011661807580174 0.8637760416666667 0.24902332361516033 0.03416666666666668
1 0.14441690962099124 0.7959765624999999 0.16065597667638482 0.039622395833333414
1 0.18100583090379008 0.7255859375 0.24295918367346936 0.05292968750000012
1 0.1351457725947522 0.6575130208333334 0.15731778425655976 0.05348958333333331
1 0.14669096209912535 0.5903776041666667 0.14395043731778426 0.03859374999999998
1 0.15746355685131194 0.5216276041666666 0.1806997084548105 0.04864583333333335
1 0.15868804664723035 0.4536848958333333 0.18313411078717204 0.05165364583333328
1 0.14517492711370264 0.3862760416666667 0.15913994169096213 0.05356770833333332
1 0.215932944606414 0.2890494791666667 0.306734693877551 0.039218750000000004
1 0.20348396501457727 0.19140625 0.2757580174927114 0.03924479166666665
3 0.5145772594752187 0.5084635416666666 0.9358600583090378 0.9830729166666666
0 0.20712827988338192 0.32281249999999995 0.17371720116618078 0.028632812499999976
0 0.2622448979591837 0.22516927083333335 0.28699708454810496 0.028658854166666654