0 0.625 0.3382187147688839 0.3692411924119241 0.05073280721533258
1 0.7698238482384824 0.8180721533258174 0.377710027100271 0.02677564825253664
0 0.26592140921409213 0.08808342728297631 0.11178861788617886 0.03241262683201804
0 0.41413279132791325 0.09231116121758737 0.08299457994579945 0.02959413754227734
0 0.5462466124661246 0.08737316798196167 0.11348238482384825 0.033821871476888386
0 0.6995257452574526 0.09231116121758737 0.1388888888888889 0.03241262683201804
0 0.8350271002710027 0.04650507328072153 0.03048780487804878 0.02254791431792559
0 0.8951626016260162 0.04368658399098083 0.05250677506775068 0.02818489289740699
0 0.9493631436314363 0.042277339346110485 0.028794037940379404 0.02254791431792559
0 0.8240243902439024 0.009165727170236755 0.07283197831978319 0.01832018038331454
0 0.8866937669376693 0.013393461104847805 0.04234417344173442 0.01832018038331454
0 0.9239566395663956 0.005636978579481398 0.04911924119241192 0.011273957158962795
2 0.4852710027100271 0.044396843291995496 0.36077235772357724 0.03241262683201804
0 0.11517615176151762 0.042277339346110485 0.05420054200542006 0.03100338218714769
0 0.2227371273712737 0.04298759864712515 0.08976964769647697 0.021138669673055242
0 0.06944444444444445 0.09723788049605411 0.09823848238482384 0.02536640360766629
0 0.9239566395663956 0.14304396843291994 0.07621951219512195 0.012683201803833146
0 0.9375067750677507 0.1726381059751973 0.05250677506775068 0.015501691093573845
0 0.7715176151761518 0.9399661781285231 0.4014227642276423 0.02818489289740699
0 0.481029810298103 0.933630214205186 0.04403794037940379 0.023957158962795943
0 0.5394715447154471 0.9364487034949267 0.05589430894308943 0.03804960541149944