2 0.6457511520737327 0.22647727272727272 0.2715115207373271 0.08325284090909092
0 0.813778801843318 0.22727272727272727 0.054580645161290346 0.08167613636363637
0 0.868552995391705 0.22727272727272727 0.04739170506912449 0.08167613636363637
2 0.7020552995391706 0.3205255681818182 0.3841290322580645 0.07877840909090907
2 0.7029861751152073 0.4136221590909091 0.3859907834101382 0.08191761363636357
2 0.7043778801843318 0.5029971590909091 0.3887834101382488 0.08390625000000007
1 0.7963594470046083 0.5012073863636364 0.19178801843317964 0.06453124999999993
1 0.7034470046082949 0.6364914772727273 0.4073917050691244 0.1583238636363637
0 0.7019170506912443 0.775653409090909 0.3899907834101383 0.0894176136363637
0 0.2775115207373272 0.7689062499999999 0.37886635944700453 0.08856534090909086
3 0.27829493087557605 0.4968607954545455 0.4070691244239631 0.6555965909090911