2 0.8651396648044694 0.07330065359477125 0.12168296089385475 0.0522331154684096
0 0.97643156424581 0.07384531590413944 0.0178072625698324 0.04025054466230938
0 0.9489385474860336 0.07057734204793029 0.02391759776536313 0.03589324618736384
0 0.6414106145251397 0.07206971677559912 0.05656424581005587 0.04106753812636165
0 0.5652932960893855 0.07357298474945534 0.07891061452513966 0.03534858387799565
0 0.4937150837988827 0.07139433551198258 0.040502793296089384 0.028812636165577336
0 0.4320041899441341 0.07520697167755992 0.061976256983240226 0.032080610021786485
0 0.37090083798882684 0.07152505446623093 0.044518156424581005 0.0312636165577342
0 0.3152094972067039 0.0700326797385621 0.041375698324022346 0.02608932461873638
0 0.254804469273743 0.07411764705882354 0.06721368715083799 0.02336601307189542
0 0.19841480446927373 0.07112200435729849 0.041724860335195534 0.02391067538126361
0 0.14988128491620112 0.07656862745098039 0.035439944134078215 0.02391067538126361
0 0.947800279329609 0.2807843137254902 0.02339385474860335 0.02930283224400869
0 0.9133240223463688 0.2848692810457516 0.029504189944134077 0.037472766884531564
0 0.9633379888268156 0.023736383442265793 0.057960893854748605 0.03154684095860566
0 0.9079120111731844 0.02047930283224401 0.047660614525139665 0.027200435729847493
0 0.8499511173184359 0.0231917211328976 0.05185055865921788 0.032636165577342044
0 0.7946089385474862 0.024825708061002177 0.04731145251396648 0.029368191721132895
0 0.7431913407821229 0.02047930283224401 0.03666201117318436 0.027200435729847493
0 0.9140223463687152 0.577037037037037 0.0867667597765363 0.046644880174291935
1 0.8195740223463688 0.698202614379085 0.26449022346368717 0.06021786492374725
0 0.929909217877095 0.7643790849673203 0.04800977653631285 0.026982570806100198
1 0.822800279329609 0.8180174291938999 0.26501396648044695 0.05582788671023965
0 0.3489036312849162 0.9263943355119825 0.024266759776536313 0.03510893246187366
0 0.37474162011173184 0.926797385620915 0.020076815642458102 0.04245098039215689
0 0.9343575418994413 0.988562091503268 0.04888268156424581 0.02287581699346405
0 0.8233240223463687 0.903235294117647 0.26955307262569833 0.10862745098039218
0 0.9206564245810057 0.4001851851851852 0.06791201117318436 0.028442265795206985
0 0.911836592178771 0.3687363834422658 0.017108938547486033 0.028725490196078438