0 0.5320914020139427 0.7146538024971624 0.16530596436870648 0.05833144154370046
0 0.8699225406661503 0.7164585698070375 0.16143299767621996 0.05987514188422247
0 0.7004802478698684 0.7151759364358684 0.16231603408210685 0.05729852440408629
0 0.6821688613477924 0.5181157775255392 0.027110766847405113 0.03878547105561857
0 0.6291866769945779 0.5195346197502837 0.023237800154918668 0.03335981838819522
0 0.21284275755228502 0.8983087400681043 0.04612703330751354 0.08304199772985253
0 0.15870642912470953 0.8985584562996595 0.0487683965917893 0.0876844494892168
0 0.10474825716498837 0.9003745743473326 0.04823392718822618 0.08922814982973883
0 0.051851278079008516 0.8984335981838819 0.04982184353214562 0.0853575482406357
2 0.8144694035631294 0.06646992054483541 0.18783888458559256 0.049738933030646984
0 0.8863826491092176 0.18228149829738932 0.0411928737412857 0.039909194097616375
0 0.622842757552285 0.17454029511918276 0.08098373353989152 0.03475595913734393
0 0.486855151045701 0.17763904653802498 0.06426026336173511 0.028558456299659505
0 0.3573741285824942 0.17699205448354144 0.06408210689388073 0.03759364358683315
0 0.22489542989930283 0.1768671963677639 0.09664601084430673 0.03526674233825198
0 0.09058094500387297 0.1751872871736663 0.07798605731990706 0.03603859250851305