0 0.8615361077111383 0.07300960512273212 0.03824969400244798 0.030096051227321233
0 0.8147980416156672 0.07247598719316968 0.041156670746634025 0.0311632870864461
0 0.7669828641370869 0.07474919957310566 0.03274173806609547 0.029295624332977582
0 0.7291187270501837 0.0759445037353255 0.028916768665850672 0.0295624332977588
0 0.8606976744186047 0.14811099252934898 0.03503671970624235 0.06929562433297759
0 0.8108935128518971 0.14384204909284953 0.044063647490820076 0.06716115261472787
0 0.7633904528763771 0.14651013874066168 0.042380660954712365 0.0724973319103522
2 0.49510403916768664 0.14464247598719318 0.31211750305997554 0.06022411953041623
1 0.8146450428396573 0.22814300960512274 0.12958996328029376 0.04792956243329779
0 0.6048837209302326 0.22654215581643544 0.055844553243574124 0.04045891141942372
0 0.5381762545899633 0.22840981856990397 0.05921052631578947 0.04205976520811102
0 0.4811077111383109 0.2254749199573106 0.05003059975520196 0.03192102454642479
0 0.4218971848225214 0.2266702241195304 0.04482864137086903 0.042860192102454606
0 0.35733170134638925 0.22533617929562433 0.0625764993880049 0.029519743863393837
0 0.2750917992656059 0.2254749199573106 0.08629130966952264 0.03192102454642479
0 0.13701346389228886 0.29042689434364993 0.0625764993880049 0.03803628601921023
0 0.16195226438188495 0.3568623265741729 0.12775397796817625 0.038559231590181424
0 0.16134026927784578 0.4195517609391676 0.11429008567931456 0.04654215581643545
0 0.15009179926560587 0.4866382070437567 0.09638922888616891 0.048388473852721485
0 0.1435924112607099 0.5519957310565635 0.08491432068543452 0.040362860192102445
0 0.14657282741738067 0.6094877267876201 0.08629130966952264 0.050757737459978594
0 0.1397674418604651 0.678580576307364 0.0680844553243574 0.04593383137673422
0 0.1573623011015912 0.7406083244397013 0.1002141982864137 0.04191035218783349
0 0.7974296205630355 0.4935752401280683 0.06609547123623011 0.023842049092849555
0 0.8096695226438189 0.54 0.09057527539779682 0.03770544290288152
0 0.8155630354957161 0.5889541088580577 0.0947062423500612 0.03315901814300954
0 0.8159424724602203 0.6378975453575241 0.09394124847001224 0.028601921024546378
0 0.8131150550795594 0.6839167556029883 0.09593023255813954 0.02458911419423689
0 0.8148714810281518 0.7368729989327641 0.10097919216646267 0.028046958377801464
0 0.8063035495716034 0.7808858057630736 0.08384332925336598 0.030693703308431155
0 0.8181640146878826 0.8301067235859124 0.10296817625458997 0.030949839914621132
0 0.818623011015912 0.8763927427961579 0.10082619339045287 0.021067235859124876
3 0.2086903304773562 0.8799359658484525 0.2215422276621787 0.240128068303095
0 0.30186658506731945 0.9829669156883671 0.020501835985312116 0.01863393810032021
0 0.13938188494492043 0.9800320170757737 0.06884944920440636 0.029839914621131308
3 0.9268665850673194 0.49715048025613656 0.06181150550795594 0.440811099252935
3 0.05752753977968176 0.385923159018143 0.06119951040391677 0.2098185699039488
0 0.21618727050183598 0.07661686232657418 0.0511015911872705 0.030896478121664885
0 0.1663096695226438 0.07727854855923158 0.03702570379436965 0.032230522945570966
0 0.12079559363525091 0.07941302027748132 0.042380660954712365 0.03863393810032017
0 0.15865973072215422 0.22800426894343648 0.12576499388004897 0.056200640341515444
3 0.5572215422276622 0.3379082177161153 0.6505507955936353 0.1351334044823906
0 0.3185434516523868 0.46316969050160084 0.020195838433292534 0.020651013874066194
0 0.3482252141982864 0.4618356456776948 0.02447980416156671 0.017982924226254027
0 0.3841064871481028 0.462230522945571 0.027386780905752754 0.01451440768409821
0 0.4224296205630355 0.45943436499466384 0.03518971848225214 0.02812166488794026
0 0.4678702570379437 0.46290288153681963 0.03733170134638923 0.015848452508004294