0 0.07311977715877438 0.035326086956521736 0.04700557103064067 0.04076086956521739
0 0.13013927576601672 0.036684782608695655 0.04961699164345404 0.03804347826086957
0 0.17627437325905293 0.036010869565217395 0.03568941504178273 0.036684782608695655
0 0.2280640668523677 0.036010869565217395 0.05222841225626741 0.033967391304347824
0 0.2876949860724234 0.034652173913043476 0.05483983286908078 0.042119565217391304
0 0.34514623955431756 0.03260869565217391 0.03568941504178273 0.024456521739130436
0 0.38387883008356544 0.028532608695652172 0.04526462395543175 0.04076086956521739
0 0.43436629526462395 0.03125 0.03655988857938719 0.03804347826086957
0 0.5040041782729805 0.036684782608695655 0.10619777158774374 0.05434782608695652
0 0.7224930362116991 0.04076086956521739 0.07834261838440111 0.035326086956521736
0 0.7860376044568245 0.03260869565217391 0.02437325905292479 0.02717391304347826
0 0.8234679665738162 0.02921739130434782 0.0383008356545961 0.033967391304347824
0 0.8656894150417828 0.03260869565217391 0.03568941504178273 0.03260869565217391
0 0.9100835654596101 0.028532608695652172 0.042653203342618386 0.03260869565217391
0 0.974408077994429 0.033967391304347824 0.05118384401114206 0.03260869565217391
0 0.9601323119777159 0.10733695652173914 0.0383008356545961 0.024456521739130436
0 0.13710306406685235 0.12907608695652173 0.05309888579387187 0.08967391304347826
0 0.12752785515320333 0.22010869565217392 0.05309888579387187 0.06793478260869565
0 0.1349233983286908 0.3172608695652174 0.05396935933147632 0.08016304347826086
0 0.1366643454038997 0.421195652173913 0.04352367688022284 0.07880434782608696
0 0.12752785515320333 0.5197065217391305 0.06876740947075209 0.09646739130434782
0 0.13013927576601672 0.6120978260869565 0.06006267409470752 0.09103260869565218
0 0.13275069637883008 0.7105978260869565 0.06354456824512535 0.08423913043478261
0 0.12621866295264625 0.8104673913043479 0.0504874651810585 0.06929347826086957
0 0.5636350974930362 0.8288043478260869 0.02176183844011142 0.019021739130434784
0 0.5005222841225627 0.9395434782608696 0.09401114206128133 0.02309782608695652
0 0.8086699164345403 0.8892717391304348 0.10619777158774374 0.03940217391304348
0 0.9244428969359332 0.8817934782608695 0.12360724233983286 0.051630434782608696
1 0.8434888579387186 0.7730978260869565 0.27158774373259054 0.019021739130434784
1 0.8487116991643454 0.8152173913043478 0.282033426183844 0.051630434782608696
0 0.8395752089136491 0.6188913043478261 0.27768105849582175 0.03125
0 0.9592618384401114 0.33016304347826086 0.03655988857938719 0.035326086956521736
0 0.9509958217270196 0.3824782608695652 0.04091225626740947 0.03940217391304348