0 0.9550221043324493 0.03966915688367129 0.047524314765694076 0.04878335112059766
0 0.9024137931034484 0.041270010672358595 0.048408488063660576 0.04558164354322306
0 0.8537842617152962 0.04246531483457844 0.039566755083996465 0.04584845250800426
0 0.4984526967285588 0.04379935965848453 0.025198938992042442 0.0271718249733191
0 0.69131741821397 0.1191675560298826 0.03735632183908046 0.028484525080042688
0 0.6378249336870027 0.12409818569903949 0.05415561450044209 0.021280683030949838
0 0.5857648099027409 0.12370330843116328 0.036251105216622455 0.024749199573105653
0 0.5159151193633952 0.11716115261472786 0.08222811671087533 0.0351547491995731
0 0.4234129089301503 0.11783351120597652 0.07625994694960213 0.03648879402347919
0 0.34018567639257297 0.1143649946638207 0.07117595048629531 0.038089647812166484
0 0.2887975243147657 0.11649946638207044 0.02365163572060124 0.03382070437566702
0 0.22867374005305038 0.11783351120597652 0.07139699381078692 0.03648879402347919
0 0.16589743589743589 0.11383137673425826 0.04310344827586207 0.03915688367129135
0 0.1086472148541114 0.12530416221985058 0.04796640141467728 0.021547491995731055
2 0.34880636604774534 0.04326574172892209 0.34924845269672855 0.04958377801494129
0 0.042440318302387266 0.12343649946638206 0.028293545534924844 0.03061899679829242
0 0.9300442086648985 0.19906083244397013 0.08156498673740054 0.02606189967982926
0 0.9470645446507516 0.4266168623265742 0.022767462422634836 0.03506937033084313
0 0.8930150309460654 0.626691568836713 0.0671971706454465 0.04034151547491991
0 0.8408488063660478 0.6294983991462113 0.03359858532272325 0.037406616862326526
0 0.7149690539345712 0.626691568836713 0.07139699381078692 0.04034151547491991
0 0.6647922192749779 0.6293596584845251 0.028514588859416445 0.045677694770544244
0 0.5441025641025641 0.6262966915688367 0.061229000884173296 0.04381003201707573
0 0.4906100795755968 0.6294983991462113 0.033819628647214856 0.037406616862326526
0 0.3668258178603006 0.6262966915688367 0.06918656056587091 0.04381003201707573
0 0.3138815207780725 0.6282924226254003 0.030061892130857647 0.037139807897545306
0 0.1912024756852343 0.6268303094983991 0.0649867374005305 0.04274279615795086
0 0.14091954022988507 0.6289647812166489 0.028956675508399646 0.038473852721451395
0 0.9703801945181255 0.87906083244397 0.036251105216622455 0.04774813233724654
0 0.01856763925729443 0.8770651013874066 0.03359858532272325 0.04374599786552829