2 0.31097560975609756 0.04850332594235033 0.3638211382113821 0.04988913525498891
0 0.15091869918699186 0.15313747228381375 0.061991869918699184 0.04296008869179601
0 0.2073170731707317 0.145509977827051 0.034552845528455285 0.038802660753880266
0 0.24695121951219512 0.145509977827051 0.036585365853658534 0.03048780487804878
0 0.3079268292682927 0.14343680709534368 0.07520325203252033 0.04018847006651885
0 0.373479674796748 0.1475942350332594 0.04573170731707317 0.03464523281596452
0 0.43140650406504066 0.15452328159645232 0.047764227642276426 0.026330376940133036
0 0.4964471544715447 0.15036585365853658 0.0701219512195122 0.023558758314855877
0 0.8368943089430895 0.056818181818181816 0.06605691056910569 0.07483370288248337
0 0.9049837398373984 0.0582039911308204 0.051829268292682924 0.06097560975609756
0 0.9700243902439025 0.05751662971175166 0.05386178861788618 0.07621951219512195
0 0.8922764227642277 0.14620842572062084 0.046747967479674794 0.023558758314855877
0 0.9623983739837398 0.15105321507760533 0.052845528455284556 0.02771618625277162
0 0.9832357723577236 0.37902439024390244 0.017276422764227643 0.012472283813747228
0 0.9451219512195121 0.4379157427937916 0.07113821138211382 0.03048780487804878
0 0.6117886178861789 0.7912971175166297 0.08333333333333333 0.038802660753880266
0 0.5757154471544715 0.962450110864745 0.041666666666666664 0.056818181818181816
0 0.6986829268292682 0.9666075388026607 0.18597560975609756 0.056818181818181816
0 0.8943089430894309 0.9659090909090909 0.18292682926829268 0.05543237250554324
0 0.04522764227642276 0.30003325942350334 0.06808943089430894 0.09284922394678492