0 0.03213101160862355 0.10573580533024333 0.051824212271973466 0.06952491309385864
0 0.08602819237147595 0.10791425260718424 0.0538971807628524 0.0738702201622248
0 0.13681592039800994 0.10428736964078796 0.04560530679933665 0.06952491309385864
0 0.19071310116086235 0.10718424101969873 0.0538971807628524 0.07242178447276941
0 0.24409618573797678 0.10718424101969873 0.04664179104477612 0.06952491309385864
0 0.29643449419568824 0.10646581691772884 0.04975124378109453 0.07097334878331402
0 0.34929519071310117 0.10646581691772884 0.04767827529021559 0.0738702201622248
0 0.40422885572139305 0.10428736964078796 0.04975124378109453 0.06952491309385864
0 0.03005804311774461 0.20133256083429896 0.04145936981757877 0.028968713789107765
0 0.07877280265339967 0.20351100811123984 0.03316749585406302 0.018829663962920046
1 0.14925373134328357 0.1969872537659328 0.08084577114427861 0.028968713789107765
1 0.9084825870646767 0.04490150637311703 0.15650912106135986 0.046349942062572425
0 0.06529850746268656 0.5504055619930475 0.11401326699834162 0.1593279258400927
0 0.185530679933665 0.5547508690614137 0.11194029850746269 0.16222479721900349
0 0.304212271973466 0.5561993047508691 0.11712271973466003 0.17091541135573582
0 0.6944444444444444 0.2549246813441483 0.04145936981757877 0.03765932792584009
0 0.6965174129353234 0.7133603707995365 0.04145936981757877 0.036210892236384705
0 0.7758126036484245 0.19626882966396292 0.03005804311774461 0.04200463499420626
0 0.8499170812603648 0.19482039397450754 0.024875621890547265 0.03910776361529548
0 0.9048507462686567 0.19264194669756662 0.0538971807628524 0.046349942062572425
0 0.06478441127694859 0.8871726535341831 0.11090381426202321 0.16367323290845887
0 0.18398009950248756 0.8878910776361529 0.1150497512437811 0.16512166859791425
0 0.8732421227197348 0.8676129779837776 0.22491708126036483 0.07242178447276941
0 0.8737562189054726 0.9494553881807648 0.2259535655058043 0.07097334878331402
1 0.7016998341625207 0.11081112398609501 0.043532338308457715 0.04200463499420626