1 0.0812162162162162 0.017200956937799047 0.07406444906444906 0.016447368421052634
1 0.17477130977130978 0.017200956937799047 0.07926195426195426 0.02242822966507177
1 0.27222453222453225 0.013456937799043063 0.07666320166320166 0.023923444976076555
0 0.7698856548856549 0.4119377990430622 0.01949064449064449 0.01644736842105263
0 0.613960498960499 0.3244617224880383 0.014293139293139294 0.023923444976076555
0 0.08705821205821206 0.6952751196172249 0.07536382536382537 0.08373205741626795
0 0.16891891891891891 0.6952751196172249 0.06496881496881497 0.0867224880382775
0 0.25077962577962576 0.6982655502392344 0.07796257796257797 0.0867224880382775
0 0.3339397089397089 0.6960287081339713 0.07276507276507277 0.08821770334928229
0 0.4170997920997921 0.6945334928229665 0.08316008316008316 0.08821770334928229
0 0.21245322245322246 0.7939593301435407 0.07406444906444906 0.08074162679425838
0 0.29365904365904366 0.794712918660287 0.08575883575883576 0.08821770334928229
0 0.728950103950104 0.5210885167464114 0.015592515592515593 0.01644736842105263
0 0.7315488565488566 0.6235047846889952 0.031185031185031187 0.011961722488038277
0 0.8322557172557172 0.6489234449760766 0.016891891891891893 0.017942583732057416
0 0.8907276507276507 0.7244377990430622 0.11044698544698545 0.03438995215311005
0 0.6107068607068608 0.9315191387559809 0.12733887733887733 0.07177033492822966
0 0.7464968814968815 0.9285287081339713 0.12603950103950104 0.0687799043062201
0 0.8543451143451143 0.9285287081339713 0.06626819126819126 0.07177033492822966
0 0.9323076923076923 0.9307775119617225 0.07406444906444906 0.07625598086124402
0 0.4248960498960499 0.9023684210526316 0.036382536382536385 0.04037081339712919
0 0.45867983367983367 0.899377990430622 0.031185031185031187 0.03438995215311005
1 0.6678794178794178 0.8605023923444977 0.24688149688149688 0.019437799043062202