1 0.3521069182389937 0.08614628820960699 0.19044811320754718 0.03842794759825327
1 0.3251808176100629 0.12844978165938864 0.13266509433962265 0.03568777292576419
1 0.7948113207547169 0.09078602620087337 0.20911949685534592 0.034606986899563305
1 0.5673191823899371 0.08737991266375547 0.20813679245283018 0.038700873362445425
1 0.48663522012578614 0.1309061135371179 0.1509433962264151 0.03623362445414847
1 0.9068396226415094 0.12912663755458514 0.05581761006289308 0.03705240174672489
1 0.6394496855345911 0.12967248908296944 0.12047955974842767 0.03596069868995633
1 0.7895047169811321 0.1302183406113537 0.13954402515723272 0.03486899563318777
0 0.5810770440251573 0.6733951965065502 0.141312893081761 0.05353711790393009
0 0.42492138364779874 0.6729912663755458 0.14544025157232704 0.05708515283842791
1 0.16843553459119498 0.5316375545851528 0.3203616352201258 0.034203056768559
1 0.19231918238993712 0.578438864628821 0.3700864779874214 0.036102620087336175
2 0.5844182389937108 0.3206768558951965 0.6472091194968554 0.2978711790393013