0 0.7078858350951374 0.4277751479289941 0.33322410147991544 0.03938461538461535
0 0.9613424947145877 0.021301775147928994 0.028107822410147906 0.02686390532544379
0 0.9171458773784356 0.02102958579881657 0.055021141649048574 0.022023668639053254
0 0.8456659619450317 0.02156213017751479 0.06342494714587738 0.020946745562130182
0 0.7649471458773784 0.020355029585798816 0.08456659619450317 0.03143195266272189
0 0.28529598308668075 0.02183431952662722 0.05021141649048626 0.025786982248520707
0 0.23459830866807613 0.02183431952662722 0.030507399577167034 0.025786982248520707
0 0.1831923890063425 0.02102958579881657 0.06221987315010572 0.022023668639053254
0 0.10151162790697675 0.02062721893491124 0.09105708245243127 0.025514792899408285
0 0.9519767441860466 0.1261775147928994 0.023784355179704016 0.021455621301775144
1 0.6060253699788583 0.3708994082840237 0.06223044397462991 0.02675739644970416
0 0.6502325581395348 0.21788165680473373 0.08337209302325593 0.0155147928994083
0 0.6311310782241014 0.1931360946745562 0.06198731501057093 0.021976331360946736
2 0.5128118393234672 0.022911242603550295 0.38511627906976736 0.0343905325443787
0 0.6698097251585624 0.7265443786982247 0.27868921775898525 0.028000000000000098
0 0.605306553911205 0.6949467455621302 0.1520824524312897 0.029360946745562066
0 0.6210359408033826 0.5712426035502959 0.18595137420718819 0.01863905325443787
0 0.6028964059196618 0.48357396449704143 0.1472727272727272 0.021893491124260357