0 0.9737179487179487 0.02222222222222222 0.03376068376068376 0.030950854700854697
0 0.9273504273504274 0.023952991452991453 0.03076923076923077 0.03014957264957265
0 0.877991452991453 0.023685897435897437 0.021794871794871794 0.03602564102564102
0 0.8293846153846154 0.025427350427350424 0.025 0.03522435897435897
0 0.3576923076923077 0.02569444444444444 0.0452991452991453 0.01866452991452991
0 0.2962649572649573 0.025683760683760683 0.03141025641025641 0.040021367521367514
0 0.24337606837606837 0.022756410256410252 0.03461538461538462 0.02988247863247863
0 0.1904957264957265 0.02635683760683761 0.03782051282051282 0.03068376068376068
0 0.12596581196581197 0.02689102564102564 0.04551282051282051 0.029615384615384613
0 0.07575213675213675 0.023685897435897437 0.026282051282051282 0.03602564102564102
0 0.02361538461538461 0.028354700854700855 0.03311965811965812 0.03467948717948717
0 0.13568376068376067 0.11675213675213675 0.05854700854700855 0.034123931623931625
0 0.21207692307692308 0.1163568376068376 0.05961538461538462 0.02691239316239316
0 0.28717948717948716 0.11568376068376068 0.05811965811965812 0.03626068376068376
0 0.36143589743589744 0.11648504273504273 0.054914529914529914 0.04
0 0.42938461538461536 0.11849358974358974 0.07115384615384615 0.04400641025641026
0 0.5138888888888888 0.11235042735042734 0.06282051282051282 0.0509508547008547
0 0.05 0.12009615384615384 0.08803418803418804 0.04080128205128205
0 0.9709401709401709 0.12276709401709401 0.04957264957264957 0.02477564102564102
0 0.9305555555555556 0.12316239316239316 0.02435897435897436 0.03198717948717948
0 0.9023504273504274 0.12143162393162393 0.023504273504273504 0.03278846153846154