0 0.45877589453860645 0.7054455445544554 0.07637476459510353 0.044009900990098945
0 0.5419585687382297 0.7054455445544554 0.0774199623352166 0.04124999999999991
0 0.7684651600753296 0.3025247524752475 0.019877589453860547 0.027500000000000035
0 0.0789924670433145 0.22965346534653466 0.08265536723163842 0.016497524752475227
0 0.0721939736346516 0.255779702970297 0.0732391713747646 0.01925742574257426
0 0.0800376647834275 0.2798391089108911 0.09102636534839927 0.01787128712871287
0 0.06748587570621468 0.3087128712871287 0.07219397363465159 0.017871287128712905
0 0.04499058380414313 0.3864108910891089 0.025112994350282487 0.024752475247524754
0 0.05702448210922787 0.4139108910891089 0.04499058380414313 0.013750000000000017
0 0.051789077212806026 0.43935643564356436 0.034529190207156314 0.009628712871287096
0 0.050216572504708096 0.46410891089108913 0.03348399246704332 0.015123762376237658
0 0.04865348399246704 0.49160891089108916 0.013596986817325797 0.012376237623762377
0 0.0664406779661017 0.5149876237623763 0.06382297551789078 0.02063118811881183
0 0.03923728813559322 0.5906188118811881 0.021967984934086627 0.015123762376237658
0 0.06486817325800377 0.6188118811881188 0.060677966101694916 0.01925742574257419
0 0.052316384180790966 0.6435643564356436 0.052316384180790966 0.01925742574257419
0 0.06329566854990584 0.7247029702970297 0.0491713747645951 0.008254950495049596
0 0.060677966101694916 0.7473886138613861 0.05649717514124294 0.015123762376237658
0 0.06853107344632768 0.7721410891089109 0.06382297551789078 0.020631188118811972
0 0.0857909604519774 0.7968935643564357 0.10253295668549907 0.015123762376237658
0 0.052316384180790966 0.8237128712871287 0.03138418079096044 0.016497524752475158
0 0.06538606403013182 0.9020915841584158 0.05754237288135594 0.013749999999999877
0 0.06173258003766478 0.9268440594059406 0.05021657250470809 0.016497524752475158
0 0.0925894538606403 0.9557178217821782 0.11403954802259886 0.016497524752475158
0 0.07690207156308851 0.9790965346534654 0.0847457627118644 0.016497524752475158
1 0.367758945386064 0.7975742574257426 0.15589453860640307 0.024752475247524754
1 0.583804143126177 0.7975742574257426 0.14856873822975517 0.01925742574257419
1 0.8239171374764596 0.8003341584158415 0.1914595103578154 0.022004950495049472
1 0.7810169491525424 0.8374628712871287 0.10985875706214696 0.024752475247524754
1 0.583804143126177 0.8374628712871287 0.14856873822975517 0.024752475247524754
1 0.3651412429378531 0.8353960396039604 0.15065913370998116 0.026126237623762254
3 0.4995856873822975 0.5081188118811881 0.5932203389830508 0.4881683168316831