2 0.48989860583016476 0.3026869455006337 0.8389860583016477 0.08901140684410648
2 0.49460076045627377 0.37754119138149556 0.8596324461343473 0.0669201520912547
1 0.16514575411913818 0.45006337135614705 0.17257287705956903 0.06267427122940436
0 0.5018757921419519 0.5418124207858048 0.8206717363751584 0.09126742712294042
3 0.5014068441064639 0.6330925221799747 0.8253738910012675 0.08513307984790877
0 0.16068441064638783 0.7088973384030419 0.15520912547528515 0.05366286438529774
0 0.7206337135614702 0.710532319391635 0.114702154626109 0.04849176172370088
0 0.867084917617237 0.710063371356147 0.13157160963244607 0.047553865652724944
0 0.8846768060836502 0.8384283903675538 0.07946768060836508 0.07050697084917631
0 0.2275665399239544 0.19944233206590622 0.19039290240811158 0.06840304182509509
0 0.5112927756653993 0.193574144486692 0.23115335868187578 0.05949302915082382
0 0.7917490494296578 0.18980988593155892 0.13580481622306728 0.06887198986058304