0 0.9452830188679245 0.03360812425328554 0.020754716981132074 0.04032258064516129
0 0.967456603773585 0.03360812425328554 0.031132075471698113 0.052270011947431305
0 0.7858490566037736 0.5062724014336918 0.37735849056603776 0.06272401433691756
1 0.6858490566037736 0.7183393070489845 0.05660377358490566 0.032855436081242535
1 0.7386792452830189 0.7123655913978495 0.04905660377358491 0.044802867383512544
0 0.6915094339622642 0.9587813620071685 0.1792452830188679 0.07168458781362007
0 0.8773584905660378 0.961768219832736 0.1830188679245283 0.07168458781362007
0 0.04433962264150943 0.8632019115890084 0.0830188679245283 0.11947431302270012
0 0.12641509433962264 0.8669414575866189 0.07735849056603773 0.12395459976105137
0 0.2155698113207547 0.8669414575866189 0.07452830188679245 0.10603345280764635
0 0.29387169811320757 0.8699283154121864 0.07641509433962264 0.10902031063321387
0 0.38207547169811323 0.8759020310633214 0.08867924528301886 0.10902031063321387
0 0.4693433962264151 0.8766427718040621 0.07830188679245283 0.12544802867383512