0 0.7106240713224369 0.08112751677852349 0.053655274888558716 0.022966442953020142
0 0.5994502228826152 0.08065771812080537 0.05053491827637443 0.022026845637583888
0 0.48429420505200593 0.0808456375838926 0.0436404160475483 0.01786577181208053
0 0.37677563150074295 0.07924832214765101 0.041545319465081734 0.01919463087248322
0 0.9248439821693907 0.03775838926174496 0.022763744427934527 0.02675167785234899
0 0.8840267459138188 0.039073825503355704 0.030906389301634404 0.02787919463087248
0 0.8417533432392273 0.041140939597315435 0.02359583952451725 0.02750335570469798
0 0.820445765230312 0.007651006711409396 0.04405646359583966 0.015302013422818792
0 0.9226597325408619 0.008120805369127517 0.0538781575037147 0.016241610738255034
0 0.8673254086181278 0.008590604026845639 0.030906389301634404 0.017181208053691277
2 0.5490193164933135 0.03860402684563759 0.2983655274888558 0.034483221476510076
0 0.3205052005943536 0.0398255033557047 0.05219910846953937 0.018832214765100674
0 0.18843982169390786 0.08339597315436242 0.07411589895988112 0.025986577181208052
0 0.9159732540861814 0.1240268456375839 0.04050520059435363 0.01824161073825504
0 0.9231797919762258 0.14986577181208055 0.0277711738484399 0.022134228187919474
0 0.6701188707280832 0.2991275167785235 0.2983655274888558 0.031959731543624165
0 0.8165824665676077 0.3545771812080537 0.00041604754829119273 0.004026845637583893
0 0.6686627043090638 0.3380805369127517 0.30170876671619606 0.03138255033557046
0 0.7781723625557208 0.9455570469798659 0.32447251114413067 0.04075167785234886
0 0.5890044576523031 0.9452751677852349 0.0380089153046063 0.038308724832214716
0 0.5417087667161962 0.9452751677852349 0.03778603268945015 0.0371275167785236
0 0.6846359583952452 0.8049664429530202 0.02046062407132241 0.021664429530201475
0 0.6391233283803863 0.8044026845637584 0.021292719167904966 0.016765100671140953