0 0.6836432797971259 0.9762543352601156 0.1926965342349958 0.0474913294797687
0 0.8839222316145393 0.9762543352601156 0.19173288250211332 0.0474913294797687
1 0.7844125105663567 0.7993294797687861 0.3922992392223162 0.08670520231213873
0 0.10114961961115806 0.11630057803468208 0.05744716821639897 0.023849710982658954
0 0.1591715976331361 0.11551445086705203 0.05052409129332205 0.03068208092485548
0 0.14956043956043957 0.04405780346820809 0.06205409974640741 0.04751445086705201
0 0.21488588334742184 0.039988439306358384 0.03900253592561286 0.037271676300578045
0 0.21959425190194418 0.11380346820809248 0.0541758241758242 0.031468208092485545
0 0.34120033812341505 0.1166936416184971 0.03995773457311917 0.03094797687861273
0 0.9547168216398986 0.6908323699421965 0.02401521555367697 0.03576878612716769
0 0.8667286559594252 0.04063583815028902 0.05551986475063394 0.04909826589595376
0 0.7068892645815723 0.038797687861271676 0.03554522400676243 0.037005780346820796
0 0.46309382924767545 0.11801156069364162 0.08203719357565507 0.03357225433526011
0 0.2845224006762468 0.1153757225433526 0.06109044801352492 0.038820809248554924
0 0.9407945900253593 0.03722543352601156 0.08261200338123417 0.05067052023121387
0 0.5899915469146239 0.1140693641618497 0.04188503803888415 0.036196531791907516
0 0.3941251056635672 0.11287861271676301 0.04783601014370248 0.03594219653179191
0 0.8066948436179205 0.04024277456647399 0.05264581572273878 0.041999999999999996
0 0.7542519019442097 0.037618497109826586 0.043803888419272984 0.036751445086705206
0 0.5368723584108199 0.1140693641618497 0.04514792899408291 0.0256878612716763
0 0.2901944209636517 0.04471676300578035 0.08972104818258664 0.04883236994219652
0 0.9698985629754862 0.2772023121387283 0.027472527472527472 0.04087861271676299
0 0.9367540152155537 0.28626589595375723 0.03227387996618752 0.056901734104046274
2 0.5556043956043956 0.039456647398843935 0.25359256128486896 0.04883236994219652
1 0.8985291631445478 0.11287861271676301 0.18251056635672017 0.04643930635838149