0 0.9204962243797195 0.019801633605600933 0.1380366774541532 0.03046674445740957
0 0.481024811218986 0.021400233372228707 0.12455231930960091 0.037887981330221705
0 0.06558791801510248 0.020175029171528587 0.12969795037756202 0.040338389731621946
0 0.9339805825242717 0.06753792298716453 0.05222222222222231 0.019848308051341898
0 0.8625134843581445 0.06329054842473746 0.07354908306364624 0.028331388564760786
0 0.979460625674218 0.06329054842473746 0.027950377562028134 0.028331388564760786
0 0.965846817691478 0.16882147024504085 0.01789644012944975 0.018751458576429396
0 0.7763322545846817 0.06978996499416569 0.08508090614886744 0.039194865810968496
0 0.2912621359223301 0.06448074679113186 0.058845738942826305 0.028599766627771302
0 0.23769147788565265 0.06474912485414236 0.032610571736785346 0.0227654609101517
0 0.18155339805825244 0.06316219369894983 0.06252427184466017 0.02593932322053676
0 0.0986839266450917 0.06262543757292882 0.08311758360302048 0.02700116686114353
0 0.7221467098166127 0.5563477246207702 0.3444660194174757 0.04701283547257872
0 0.9640129449838187 0.3317619603267211 0.021574973031283712 0.024282380396732726
2 0.5250377562028047 0.06422403733955659 0.3915426105717367 0.034434072345390906
0 0.6839050701186624 0.6089848308051342 0.02280474649406699 0.018634772462077044
0 0.7156526429341963 0.6984830805134189 0.010302049622437923 0.0172812135355892
0 0.6869687162891047 0.8171411901983664 0.016677454153182347 0.02122520420070018
0 0.8155663430420712 0.8424620770128355 0.016429341963322564 0.020945157526254428
0 0.030647249190938516 0.14376896149358226 0.04266450916936353 0.045017502917152875
0 0.029546925566343044 0.1945507584597433 0.04290183387270767 0.04859976662777127
0 0.030032362459546925 0.24360560093348893 0.03407766990291262 0.045962660443407216
0 0.03174757281553398 0.294247374562427 0.042416396979503786 0.04651108518086346
0 0.030032362459546925 0.3431738623103851 0.043883495145631064 0.0462543757292882
0 0.03322545846817692 0.39302217036172693 0.045361380798274 0.05051341890315048
0 0.03174757281553398 0.43942823803967324 0.042416396979503786 0.04257876312718788
0 0.031262135922330105 0.49219369894982495 0.041434735706580364 0.04736289381563598
0 0.031143473570658036 0.5411085180863477 0.04364617044228695 0.04710618436406068
1 0.6185652642934196 0.4968261376896149 0.061294498381876956 0.027479579929988278
0 0.6618446601941748 0.4252275379229872 0.057130528586839306 0.09451575262543757
0 0.5907443365695793 0.4250991831971995 0.06545846817691485 0.09213535589264882
0 0.9648651564185544 0.7553558926487748 0.015943905070118634 0.022835472578763054