0 0.08524173027989822 0.5607407407407408 0.09245122985581 0.04888888888888889
0 0.18023748939779474 0.562962962962963 0.0737913486005089 0.04148148148148148
0 0.2858354537743851 0.5533333333333333 0.08142493638676845 0.04888888888888889
0 0.3884648006785411 0.5585185185185185 0.07633587786259542 0.035555555555555556
0 0.6280746395250212 0.6570370370370371 0.029686174724342665 0.01925925925925926
0 0.6967769296013571 0.6555555555555556 0.021204410517387615 0.037037037037037035
0 0.7994062765055131 0.8192592592592592 0.07039864291772689 0.044444444444444446
0 0.8842239185750637 0.8222222222222222 0.08227311280746395 0.035555555555555556
0 0.8884648006785412 0.06962962962962962 0.022900763358778626 0.03259259259259259
0 0.9444444444444444 0.057777777777777775 0.01441899915182358 0.023703703703703703
0 0.7905004240882103 0.06296296296296296 0.05089058524173028 0.025185185185185185