0 0.9256756756756757 0.022659974905897114 0.03454054054054057 0.027942283563362615
0 0.9513873873873874 0.351969887076537 0.037171171171171365 0.03829360100376409
0 0.626882882882883 0.35785445420326223 0.06756756756756757 0.039598494353826785
0 0.3029369369369369 0.35667503136762857 0.05780180180180177 0.03934755332496865
0 0.957027027027027 0.799159347553325 0.05592792792792786 0.027189460476788045
0 0.622936936936937 0.8041279799247176 0.06344144144144151 0.032948557089084056
0 0.30086486486486486 0.801116687578419 0.04992792792792789 0.031116687578419015
0 0.06232432432432433 0.024755332496863236 0.034540540540540544 0.03421580928481807
0 0.13308108108108108 0.025269761606022585 0.04843243243243243 0.04361355081555833
2 0.5653153153153153 0.025269761606022585 0.7852792792792791 0.04361355081555833
1 0.22466666666666665 0.0855207026348808 0.11524324324324323 0.030276035131744036
1 0.09646846846846846 0.08499372647427854 0.12536936936936938 0.03131744040150566