3 0.49067713444553485 0.49930306230200633 0.26300294406280667 0.358025343189018
0 0.59801766437684 0.654920802534319 0.02870461236506379 0.023020063357972496
0 0.4143768400392542 0.6572967265047519 0.0858684985279686 0.023548046462513152
0 0.9381746810598626 0.07844772967265048 0.03925417075564279 0.056969376979936655
0 0.8911972522080471 0.07844772967265048 0.050785083415112856 0.056969376979936655
0 0.84801766437684 0.07791974656810982 0.0331207065750736 0.05802534318901796
0 0.6779980372914622 0.1270116156282999 0.05127576054955839 0.03372756071805702
0 0.5950736015701669 0.12331573389651532 0.07188420019627086 0.041119324181626185
0 0.5060157016683022 0.12780359028511087 0.045878312070657505 0.0374234424498416
0 0.43216879293424926 0.13123548046462513 0.05029440628066732 0.04639915522703273
0 0.36776251226692835 0.12371700105596621 0.061334641805691856 0.03768743400211193
0 0.27932286555446517 0.12674762407602957 0.07335623159960745 0.028975712777191128
0 0.19885181550539743 0.12463569165786695 0.03999018645731109 0.02263991552270327
0 0.0756918547595682 0.12938753959873284 0.1077036310107949 0.03425554382259768
2 0.49288518155053973 0.07751847940865891 0.3115799803729146 0.04033790918690602
3 0.49950932286555444 0.016536430834213304 0.9990186457311089 0.033062302006335795
0 0.928243375858685 0.8423336853220698 0.06108930323846909 0.028247096092925028