0 0.9536974789915967 0.4094360086767896 0.048144257703081235 0.02982646420824295
0 0.9655112044817927 0.351822125813449 0.049019607843137254 0.03389370932754881
0 0.9593837535014006 0.10981561822125814 0.04201680672268908 0.013557483731019523
0 0.729607843137255 0.027114967462039046 0.06214985994397759 0.03524945770065076
0 0.7939425770308123 0.027798264642082425 0.028011204481792718 0.023047722342733185
0 0.8320238095238096 0.03253796095444685 0.02888655462184874 0.027114967462039046
0 0.8696638655462186 0.02982646420824295 0.02888655462184874 0.021691973969631236
0 0.9195588235294119 0.031182212581344904 0.06039915966386555 0.03796095444685466
0 0.9725140056022409 0.027798264642082425 0.049019607843137254 0.028470715835140995
0 0.07221988795518207 0.034577006507592184 0.06390056022408963 0.028470715835140995
0 0.12867647058823528 0.027114967462039046 0.03851540616246499 0.02982646420824295
0 0.1825140056022409 0.026442516268980473 0.04639355742296919 0.0311822125813449
0 0.2376610644257703 0.03186550976138828 0.05514705882352941 0.0338937093275488
0 0.2971848739495798 0.028470715835141 0.053396358543417365 0.03253796095444685
0 0.3553921568627451 0.03050976138828633 0.049019607843137254 0.0338937093275488
0 0.3899719887955182 0.033221258134490235 0.023634453781512604 0.023047722342733185
0 0.4376750700280112 0.029154013015184378 0.049019607843137254 0.0338937093275488
0 0.48626050420168065 0.02440347071583514 0.056897759103641456 0.027114967462039046
0 0.1317436974789916 0.11998915401301517 0.056897759103641456 0.09625813449023861
0 0.12999299719887955 0.22234273318872017 0.05514705882352941 0.07863340563991324
0 0.12999299719887955 0.3206399132321041 0.06390056022408963 0.07998915401301518
0 0.1330532212885154 0.4107917570498915 0.0507703081232493 0.08405639913232105
0 0.1326190476190476 0.519934924078091 0.053396358543417365 0.06914316702819957
0 0.13130252100840337 0.608058568329718 0.056022408963585436 0.06914316702819957
0 0.1317436974789916 0.7199023861171366 0.05164565826330532 0.06778741865509762
0 0.1361204481792717 0.8148047722342733 0.06214985994397759 0.07863340563991324
0 0.21752801120448179 0.8202277657266811 0.007878151260504201 0.04609544468546638
0 0.5689775910364145 0.8290455531453362 0.014005602240896359 0.03931670281995662
0 0.20439775910364144 0.8961496746203904 0.12167366946778711 0.04609544468546638
0 0.34226190476190477 0.8920824295010846 0.1207983193277311 0.04609544468546638
0 0.4735644257703081 0.8975054229934925 0.11029411764705882 0.04880694143167028
0 0.6285014005602241 0.9029284164859002 0.12254901960784313 0.04338394793926247
0 0.7208543417366947 0.9090347071583514 0.030637254901960783 0.052874186550976136
0 0.8048879551820729 0.9009002169197396 0.10416666666666667 0.04473969631236443
0 0.927436974789916 0.9029284164859002 0.12342436974789917 0.056941431670282
0 0.9690126050420168 0.9863123644251627 0.02976190476190476 0.01220173535791757
1 0.8434033613445379 0.8331127982646421 0.2774859943977591 0.03931670281995662
1 0.8464635854341737 0.7843058568329718 0.27485994397759106 0.04202819956616052
0 0.8490896358543417 0.6453362255965293 0.2818627450980392 0.05422993492407809