0 0.032709677419354835 0.18399117971334067 0.051075268817204304 0.07579933847850055
0 0.02822939068100358 0.2790848952590959 0.056451612903225805 0.0675303197353914
0 0.03181362007168458 0.37348401323043 0.04390681003584229 0.08544652701212789
0 0.03181362007168458 0.47340683572216097 0.0528673835125448 0.06477398015435501
0 0.7096774193548387 0.44446527012127895 0.017921146953405017 0.0344542447629548
0 0.7352186379928316 0.44308710033076076 0.02060931899641577 0.0344542447629548
0 0.7710609318996416 0.44239250275633957 0.02956989247311828 0.03858875413450937
0 0.7638924731182797 0.5519625137816979 0.1424731182795699 0.062017640573318635
0 0.9323512544802868 0.6312017640573319 0.09767025089605735 0.04961411245865491
1 0.8310967741935484 0.7545534729878721 0.271505376344086 0.06477398015435501
1 0.8364731182795699 0.8634288864388092 0.271505376344086 0.048235942668136716
0 0.9448960573476703 0.8089856670341786 0.051075268817204304 0.03031973539140022
0 0.942652329749104 0.32938257993384784 0.07526881720430108 0.03031973539140022
0 0.953405017921147 0.29492833517089306 0.04838709677419355 0.024807056229327454
0 0.9332473118279571 0.17296582138919514 0.022401433691756272 0.03169790518191841
0 0.9686379928315412 0.16883131201764057 0.010752688172043012 0.017916207276736495