0 0.9650404312668462 0.05063095238095238 0.0530907457322553 0.08328571428571425
0 0.9042946990116801 0.054964285714285716 0.06024258760107823 0.07461904761904763
0 0.8396675651392632 0.055773809523809524 0.055543575920934354 0.06758333333333333
0 0.9599371069182391 0.14329761904761906 0.055139263252470705 0.030500000000000006
0 0.9004132973944293 0.1461309523809524 0.05656783468104216 0.02752380952380953
0 0.9806648697214735 0.35795238095238097 0.025121293800539117 0.04207142857142861
0 0.952282120395328 0.41720238095238094 0.07861635220125786 0.037190476190476204
0 0.8954088050314465 0.960952380952381 0.19562443845462704 0.06408333333333324
0 0.6975471698113208 0.9602738095238095 0.18786163522012572 0.06272619047619055
0 0.5770709793351303 0.9637976190476191 0.044923629829290206 0.06110714285714277
2 0.3153908355795148 0.054690476190476185 0.36081761006289303 0.05892857142857143
0 0.04400718778077268 0.14627380952380953 0.04267744833782569 0.051607142857142865
0 0.1558041329739443 0.14708333333333334 0.055947888589398004 0.033749999999999995
0 0.21359389038634322 0.1464047619047619 0.03675651392632527 0.032392857142857154
0 0.2542318059299191 0.14829761904761904 0.02409703504043131 0.03401190476190476
0 0.3176370170709793 0.13883333333333334 0.07534591194968554 0.04754761904761905
0 0.3834860736747529 0.14329761904761906 0.04166217430368374 0.030500000000000006
0 0.4330008984725966 0.1500595238095238 0.03247079964061095 0.03320238095238097
0 0.5027403414195867 0.14572619047619048 0.06779874213836481 0.03104761904761903
0 0.6469002695417789 0.7975595238095239 0.029407008086253385 0.03383333333333342
0 0.5821743036837377 0.7980952380952381 0.026549865229110473 0.04357142857142846
1 0.36500449236298294 0.85775 0.24361185983827488 0.04598809523809537
1 0.3213117699910153 0.21173809523809525 0.13987421383647805 0.02885714285714287
1 0.1645822102425876 0.21227380952380953 0.1347708894878706 0.027773809523809506
0 0.05380952380952381 0.29451190476190475 0.0704492362982929 0.09051190476190472