0 0.8197858842188739 0.0436046511627907 0.035685963521015066 0.06686046511627906
0 0.8757969865186361 0.04143023255813954 0.04064234734337827 0.056686046511627904
0 0.9337827121332276 0.036337209302325583 0.04361617763679619 0.06686046511627906
0 0.1630689928628073 0.23038372093023254 0.058485329103885805 0.12645348837209303
0 0.24038858049167328 0.23255813953488372 0.058485329103885805 0.11337209302325581
0 0.3137430610626487 0.23038372093023254 0.058485329103885805 0.12063953488372094
0 0.38610626486915145 0.22819767441860464 0.06443298969072164 0.125
0 0.46490880253766853 0.2332906976744186 0.0654242664551943 0.1380813953488372
0 0.5357890563045202 0.2311046511627907 0.06245043616177637 0.12790697674418605
0 0.6121173671689135 0.22893023255813952 0.06443298969072164 0.12936046511627908
0 0.6864631245043616 0.2332906976744186 0.06245043616177637 0.12936046511627908
0 0.7622918318794607 0.23183720930232557 0.061459159397303724 0.12354651162790697
0 0.8346550356859636 0.23546511627906977 0.0654242664551943 0.12790697674418605
0 0.95609040444092 0.7078488372093024 0.018834258524980173 0.03197674418604651
2 0.49960348929421095 0.0377906976744186 0.33505154639175255 0.04941860465116279
0 0.04213322759714512 0.7107558139534884 0.02081681205392545 0.0377906976744186