0 0.12934104046242775 0.08978841870824053 0.0708092485549133 0.01252783964365256
0 0.21315606936416184 0.08769487750556793 0.06213872832369942 0.01670378619153675
0 0.273849710982659 0.08839643652561247 0.05057803468208093 0.015311804008908686
0 0.3547745664739884 0.0911804008908686 0.08815028901734104 0.01252783964365256
0 0.43641618497109824 0.08978841870824053 0.05491329479768786 0.015311804008908686
0 0.5036184971098265 0.08978841870824053 0.059248554913294796 0.015311804008908686
0 0.5758728323699422 0.08978841870824053 0.06502890173410404 0.015311804008908686
0 0.6372832369942196 0.08908685968819599 0.05202312138728324 0.01670378619153675
0 0.11778034682080925 0.11066815144766147 0.0476878612716763 0.01252783964365256
0 0.19797687861271676 0.10996659242761693 0.09248554913294797 0.013919821826280624
0 0.17485549132947978 0.17817371937639198 0.06069364161849711 0.02505567928730512
0 0.2861271676300578 0.1760913140311804 0.04046242774566474 0.018095768374164812
0 0.34826589595375723 0.1760913140311804 0.06069364161849711 0.015311804008908686
0 0.42991907514450867 0.1760913140311804 0.06213872832369942 0.015311804008908686
0 0.49783815028901734 0.17748329621380846 0.04190751445086705 0.018095768374164812
0 0.5527514450867052 0.17678173719376392 0.03901734104046243 0.013919821826280624
0 0.6293410404624278 0.17538975501113585 0.07658959537572255 0.013919821826280624
0 0.9653179190751445 0.17538975501113585 0.05202312138728324 0.022271714922048998
1 0.04190751445086705 0.2610022271714922 0.05202312138728324 0.018095768374164812
1 0.05202312138728324 0.2874498886414254 0.07225433526011561 0.018095768374164812
1 0.049132947976878616 0.31389755011135856 0.06647398843930635 0.01252783964365256
1 0.04046242774566474 0.34242761692650336 0.05202312138728324 0.013919821826280624
1 0.04986127167630057 0.368184855233853 0.07080924855491329 0.015311804008908686
1 0.05130635838150289 0.3981069042316258 0.06791907514450866 0.01670378619153675
1 0.04986127167630057 0.42247216035634744 0.06791907514450866 0.01252783964365256
1 0.03685549132947976 0.5707126948775055 0.0476878612716763 0.01670378619153675
1 0.03901734104046243 0.5964699331848552 0.046242774566473986 0.015311804008908686
1 0.049132947976878616 0.6277839643652561 0.06647398843930635 0.013919821826280624
1 0.0476878612716763 0.659109131403118 0.057803468208092484 0.01252783964365256
1 0.038300578034682085 0.6904231625835189 0.05635838150289017 0.013919821826280624
1 0.06213872832369942 0.7147884187082405 0.09248554913294797 0.015311804008908686
1 0.04190751445086705 0.7461024498886414 0.05491329479768786 0.013919821826280624
1 0.04408092485549133 0.8484187082405346 0.05346820809248555 0.018095768374164812
1 0.13583815028901733 0.8491091314031181 0.05491329479768786 0.01670378619153675
1 0.05130635838150289 0.8846102449888641 0.07369942196531791 0.018095768374164812
1 0.14523699421965316 0.8866926503340757 0.06791907514450866 0.011135857461024499
1 0.04841618497109826 0.9834409799554565 0.06502890173410404 0.01252783964365256
1 0.14739884393063585 0.9834409799554565 0.07803468208092486 0.015311804008908686
2 0.8222543352601156 0.09883073496659243 0.2745664739884393 0.0334075723830735
2 0.11127167630057803 0.5296547884187083 0.1936416184971098 0.02923162583518931