2 0.5448619246861924 0.047600979192166465 0.2380251046025105 0.04624235006119951
0 0.0385857740585774 0.12444308445532436 0.04184100418410042 0.03943696450428397
0 0.09623430962343096 0.12851897184822522 0.05113807531380754 0.02312117503059974
0 0.1455146443514644 0.047600979192166465 0.060435146443514665 0.029914320685434512
0 0.2059497907949791 0.04555691554467564 0.03440167364016738 0.03671970624235006
0 0.28963179916317994 0.04624235006119951 0.09948953974895397 0.029914320685434512
0 0.1552803347280335 0.12920440636474909 0.04462761506276149 0.02447980416156671
0 0.2147866108786611 0.12375764993880049 0.053924686192468596 0.021762545899632803
0 0.27429288702928867 0.12239902080783353 0.05206694560669459 0.02719706242350061
0 0.32961506276150626 0.12511627906976744 0.0436987447698745 0.02447980416156671
0 0.3877238493723849 0.12375764993880049 0.03161506276150625 0.02719706242350061
0 0.45839330543933055 0.12375764993880049 0.07438493723849376 0.02719706242350061
0 0.5230125523012552 0.12511627906976744 0.047422594142259474 0.02719706242350061
0 0.5829874476987448 0.12920440636474909 0.04649372384937234 0.02719706242350061
0 0.702928870292887 0.04624235006119951 0.024175732217573305 0.03536107711138311
0 0.7447698744769874 0.047600979192166465 0.037188284518828496 0.0190452876376989
0 0.7935815899581591 0.046915544675642594 0.04184100418410042 0.023121175030599756
0 0.8558828451882845 0.04624235006119951 0.03625941422594136 0.02447980416156671
0 0.04184100418410042 0.29104039167686657 0.046493723849372386 0.07072215422276626
0 0.04184100418410042 0.37195838433292533 0.046493723849372386 0.06936352509179922
0 0.04184100418410042 0.4528763769889841 0.0502092050209205 0.06800489596083224
0 0.04323849372384937 0.5344798041615667 0.04555648535564853 0.06527539779681768
0 0.04276987447698745 0.6174296205630355 0.0502092050209205 0.07343941248470019
0 0.04044351464435146 0.6990330477356181 0.04742259414225941 0.07072215422276619
0 0.04091213389121339 0.7833537331701347 0.0502092050209205 0.07343941248470012
0 0.04044351464435146 0.8608690330477357 0.04742259414225941 0.06527539779681754
0 0.44165690376569033 0.8982741738066096 0.17107949790794982 0.042154222766217934
0 0.6424937238493723 0.719436964504284 0.037188284518828496 0.02447980416156671
0 0.9460753138075313 0.737796817625459 0.02138912133891209 0.03671970624235006
0 0.9191046025104602 0.30531211750306 0.0325439330543932 0.06119951040391677
0 0.9614142259414227 0.30056303549571606 0.026033472803347387 0.03807833537331703
1 0.8898158995815899 0.1258017135862913 0.16550627615062768 0.042154222766217865
1 0.7745271966527196 0.8486291309669524 0.38493723849372385 0.08432068543451665