0 0.10111111111111111 0.017965517241379313 0.042892156862745084 0.035919540229885055
0 0.1766830065359477 0.021551724137931036 0.05106209150326797 0.028735632183908046
0 0.7822712418300654 0.1343448275862069 0.049019607843137254 0.027298850574712645
0 0.8976797385620915 0.21767816091954023 0.12050653594771242 0.01867816091954023
1 0.14501633986928106 0.21695402298850575 0.12254901960784313 0.022988505747126436
0 0.32986928104575164 0.46767816091954023 0.034722222222222224 0.021551724137931036
0 0.6239869281045751 0.46911494252873565 0.03880718954248366 0.015804597701149427
0 0.9181045751633987 0.470551724137931 0.0428921568627451 0.021551724137931036
0 0.3278267973856209 0.8512988505747127 0.02246732026143791 0.015804597701149427
0 0.6229575163398693 0.852735632183908 0.03676470588235294 0.01867816091954023
0 0.9170751633986928 0.8541724137931035 0.024509803921568627 0.01293103448275862
2 0.5698529411764706 0.025149425287356315 0.6944444444444444 0.03879310344827586