0 0.9574222668004012 0.046775280898876406 0.0547141424272818 0.06839325842696628
0 0.892678034102307 0.0442247191011236 0.052888665997994 0.06329213483146068
0 0.8326178535606821 0.04192134831460675 0.058134403209628926 0.073
0 0.9525175526579739 0.12362921348314607 0.060862587763289934 0.021910112359550562
0 0.8941624874623871 0.12235955056179776 0.04445336008024066 0.019348314606741572
0 0.4968304914744233 0.12362921348314607 0.07499498495486463 0.03212359550561798
0 0.43254764292878634 0.12120224719101125 0.03761283851554664 0.02931460674157304
0 0.373049147442327 0.12401123595505618 0.023480441323971885 0.028797752808988757
0 0.31150451354062186 0.11915730337078652 0.07363089267803408 0.04360674157303371
0 0.25064192577733196 0.12439325842696629 0.02029087261785358 0.025483146067415738
0 0.21302908726178535 0.12810112359550563 0.040802407221665005 0.02062921348314605
0 0.1532998996990973 0.12376404494382023 0.04900702106318958 0.024202247191011227
0 0.040461384152457376 0.12401123595505618 0.03761283851554664 0.03901123595505618
0 0.9715546639919759 0.37908988764044943 0.02826479438314951 0.03434831460674163
0 0.914332998996991 0.9595730337078652 0.1372316950852557 0.055370786516853905
0 0.7776730190571716 0.9627640449438203 0.1351755265797392 0.05153932584269651
0 0.6512738214643933 0.9598202247191011 0.11260782347041122 0.04975280898876402
0 0.5729689067201604 0.9614831460674158 0.04490471414242726 0.04898876404494372
0 0.6362286860581746 0.8237303370786517 0.03693079237713133 0.03089887640449438
0 0.5746840521564694 0.8245056179775281 0.03236710130391172 0.024258426966292043
0 0.9430591775325978 0.42759550561797754 0.07613841524573729 0.029224719101123585
1 0.36131394182547644 0.7152247191011235 0.25302908726178536 0.03858426966292126
2 0.3113941825476429 0.04549438202247191 0.3674623871614845 0.055629213483146076