0 0.9135399673735726 0.025374449339207048 0.024469820554649267 0.03464757709251101
0 0.8772430668841762 0.028821585903083702 0.02528548123980424 0.030517621145374454
0 0.8441109298531811 0.029504405286343613 0.02630505709624796 0.0318942731277533
0 0.8093393148450244 0.02799559471365639 0.02406199021207178 0.0376762114537445
0 0.6188825448613376 0.02799559471365639 0.026508972267536703 0.026662995594713662
0 0.5708646003262643 0.030198237885462557 0.05077487765089723 0.022257709251101328
0 0.5249836867862969 0.027852422907488985 0.0283442088091354 0.024185022026431715
0 0.46523654159869493 0.02262114537444934 0.06790375203915171 0.040154185022026424
0 0.38356443719412725 0.02248898678414097 0.06973898858075041 0.0376762114537445
0 0.30862969004893964 0.021112334801762115 0.056484502446982054 0.03492290748898679
0 0.2642740619902121 0.023314977973568282 0.022838499184339316 0.030517621145374454
0 0.21401305057096248 0.021387665198237888 0.06300978792822186 0.03987885462555067
0 0.158442088091354 0.021662995594713658 0.04363784665579119 0.033821585903083706
0 0.10981239804241436 0.02592511013215859 0.046288743882544864 0.033546255506607926
0 0.0598531810766721 0.02524229074889868 0.03201468189233279 0.04318281938325992
0 0.4896003262642741 0.08388766519823788 0.24102773246329526 0.05758810572687224
0 0.9078303425774877 0.49887665198237885 0.02936378466557912 0.045528634361233514
0 0.07229200652528547 0.5002533039647578 0.020187601957585646 0.037268722466960384
3 0.8134176182707994 0.535330396475771 0.1464110929853181 0.3937555066079296
3 0.6510032626427407 0.533259911894273 0.14987765089722677 0.38962555066079285
3 0.49194942903752037 0.5316079295154185 0.14987765089722677 0.39292951541850213
3 0.329021207177814 0.5338105726872246 0.15436378466557912 0.38852422907488976
3 0.16955954323001632 0.5317511013215859 0.14539151712887438 0.38440528634361243
3 0.49367862969004894 0.5208590308370045 0.8853996737357259 0.6511563876651982
0 0.37622349102773245 0.556409691629956 0.022430668841761828 0.03504405286343611
0 0.2132952691680261 0.5601321585903084 0.026916802610114192 0.035870044052863426