1 0.07704314720812183 0.39724029380902415 0.10333756345177667 0.02398740818467997
1 0.2429314720812183 0.5074186778593914 0.4278426395939086 0.03147953830010493
1 0.23024111675126904 0.5861175236096537 0.40609137055837563 0.026977964323189964
1 0.18038071065989847 0.6678174186778594 0.31725888324873097 0.03147953830010493
1 0.18129441624365483 0.8229695697796432 0.32270304568527913 0.026977964323189964
1 0.16225888324873097 0.8986673662119622 0.27374365482233504 0.0284784889821617
1 0.16225888324873097 0.9803672612801678 0.27374365482233504 0.023987408184679853
0 0.9399873096446701 0.5074186778593914 0.05620558375634513 0.02847848898216158
0 0.9427157360406092 0.5883630640083946 0.058007614213198014 0.025487932843651587
0 0.9418020304568527 0.6723084994753411 0.07069796954314725 0.019485834207764886
0 0.9390862944162437 0.820713536201469 0.06163705583756337 0.025487932843651587
0 0.9454314720812182 0.9016684155299055 0.06345177664974619 0.019485834207764886
0 0.9427157360406092 0.9788667366211963 0.05439086294416231 0.011993704092340046