0 0.9467078189300412 0.2641290322580645 0.020444444444444564 0.04370967741935487
0 0.7046666666666667 0.26520967741935486 0.0205761316872428 0.03080645161290326
0 0.46283127572016464 0.2654677419354839 0.017012345679012407 0.035645161290322615
0 0.21941563786008228 0.2668225806451613 0.019893004115226327 0.03833870967741933
0 0.9652921810699587 0.8515483870967743 0.037037037037037035 0.0701451612903226
0 0.01646090534979424 0.8524193548387097 0.03292181069958848 0.06612903225806452
0 0.09581893004115226 0.12838709677419355 0.15404938271604937 0.09482258064516128
0 0.2537037037037037 0.12233870967741935 0.15432098765432098 0.09346774193548386
0 0.41447736625514403 0.12933870967741934 0.15212345679012348 0.09024193548387097
0 0.5703703703703704 0.12798387096774191 0.14979423868312758 0.08756451612903225
0 0.727440329218107 0.12812903225806452 0.1484197530864197 0.08998387096774192
0 0.8838847736625515 0.1277258064516129 0.14719341563786012 0.09346774193548386
3 0.8112510288065844 0.8523387096774194 0.30781893004115235 0.1706774193548386
3 0.4901234567901235 0.8491129032258066 0.3102880658436214 0.16637096774193555
3 0.17153909465020575 0.8488387096774193 0.3054897119341564 0.16153225806451618