2 0.5615318416523236 0.04523131672597865 0.24741824440619622 0.037069988137603795
0 0.030662650602409636 0.12603795966785292 0.05271084337349397 0.03855278766310795
0 0.09466437177280551 0.1290035587188612 0.05378657487091222 0.03855278766310795
0 0.151144578313253 0.126785290628707 0.03980206540447504 0.043001186239620404
0 0.2113855421686747 0.12826809015421115 0.057013769363166954 0.0400355871886121
0 0.27808089500860583 0.12752075919335706 0.05486230636833046 0.03262158956109134
0 0.33562822719449226 0.12530249110320285 0.045180722891566265 0.028173190984578884
0 0.3926419965576592 0.1297508896797153 0.043029259896729774 0.02520759193357058
0 0.4636402753872633 0.126785290628707 0.07960413080895008 0.028173190984578884
0 0.5394836488812392 0.1290035587188612 0.05055938037865749 0.026690391459074734
0 0.6018760757314974 0.13048635824436536 0.04410499139414802 0.02372479240806643
0 0.7648450946643718 0.051897983392645314 0.032271944922547334 0.01482799525504152
0 0.8159466437177281 0.05041518386714116 0.04410499139414802 0.02372479240806643
0 0.8751118760757316 0.051897983392645314 0.037650602409638655 0.017793594306049824
0 0.9530981067125646 0.05041518386714116 0.07099827882960413 0.05041518386714116
0 0.9052323580034425 0.126785290628707 0.1667383820998279 0.037069988137603795
0 0.9418072289156627 0.30323843416370105 0.04410499139414802 0.05782918149466192
0 0.9821428571428571 0.30175563463819693 0.030120481927710843 0.054863582443653615
0 0.13876936316695354 0.05782918149466192 0.07530120481927711 0.04744958481613286
0 0.20493115318416522 0.05264531435349941 0.04625645438898451 0.043001186239620404
0 0.29206540447504303 0.051897983392645314 0.10219449225473322 0.03558718861209965
0 0.8051893287435457 0.7651245551601423 0.356067125645439 0.04448398576512456
0 0.4475043029259897 0.8763345195729537 0.18072289156626506 0.03558718861209965
0 0.03442340791738382 0.2846975088967972 0.05378657487091222 0.06227758007117438
0 0.0371170395869191 0.361067615658363 0.05055938037865748 0.06969157769869513
0 0.0371170395869191 0.4455871886120996 0.05271084337349397 0.06969157769869513
0 0.03926850258175559 0.5249110320284698 0.04840791738382099 0.0771055753262159
0 0.033347676419965576 0.6034994068801898 0.047332185886402756 0.0771055753262159
0 0.03657487091222031 0.6887663107947806 0.04948364888123924 0.06969157769869513
0 0.03388984509466437 0.7629062870699881 0.04625645438898451 0.06969157769869513
0 0.9568674698795182 0.849644128113879 0.03119621342512909 0.04744958481613286
1 0.7895869191049913 0.9489916963226572 0.40017211703958694 0.04151838671411625