0 0.16074349442379182 0.22391366906474822 0.04639405204460968 0.052618705035971214
0 0.39398698884758365 0.22438848920863308 0.048187732342007454 0.05356834532374103
0 0.4469516728624535 0.2193525179856115 0.05375464684014873 0.057884892086330964
0 0.06161710037174721 0.06279136690647483 0.05261152416356877 0.09294964028776978
0 0.12605018587360595 0.06446043165467626 0.05879182156133828 0.08768345323741007
0 0.19047397769516727 0.06230215827338129 0.05753717472118956 0.092
0 0.25242565055762084 0.06279136690647483 0.055037174721189616 0.09294964028776978
0 0.31716542750929366 0.060388489208633093 0.061840148698884725 0.09966906474820142
0 0.3836059479553903 0.06014388489208633 0.06275092936802973 0.09056115107913669
0 0.5327509293680297 0.23421582733812948 0.046923791821561346 0.07610071942446041
0 0.5832434944237919 0.2356546762589928 0.047527881040892284 0.07897841726618703
0 0.7830111524163569 0.23397122302158274 0.33554832713754645 0.07850359712230216
3 0.4933643122676581 0.3584028776978418 0.9346747211895912 0.14607194244604318
0 0.0470631970260223 0.6861726618705036 0.03092936802973978 0.05051798561151081
0 0.4531505576208178 0.683294964028777 0.032685873605947914 0.044762589928057574
0 0.5293494423791822 0.6818561151079137 0.03266728624535324 0.05339568345323743
0 0.9400743494423792 0.6837697841726619 0.03257434944237925 0.05148201438848917