0 0.0907258064516129 0.02361111111111111 0.056451612903225805 0.027777777777777776
0 0.15725806451612903 0.021533333333333328 0.04032258064516129 0.03194444444444444
2 0.5483870967741935 0.021533333333333328 0.6895161290322581 0.029166666666666664
0 0.2308548387096774 0.12777777777777777 0.12701612903225806 0.027777777777777776
0 0.8548387096774194 0.12986666666666666 0.05241935483870968 0.03194444444444444
0 0.875 0.20347777777777779 0.09274193548387097 0.018055555555555554
1 0.12701612903225806 0.20555555555555555 0.10887096774193548 0.019444444444444445
0 0.3165322580645161 0.44722222222222224 0.04838709677419355 0.022222222222222223
0 0.6149193548387096 0.44583333333333336 0.04032258064516129 0.022222222222222223
0 0.9082741935483871 0.4507 0.0625 0.034722222222222224
0 0.3165322580645161 0.8340333333333333 0.04435483870967742 0.020833333333333332
0 0.6038387096774194 0.8340333333333333 0.04233870967741935 0.02361111111111111
0 0.8790322580645161 0.8347222222222223 0.05241935483870968 0.019444444444444445