0 0.0691114245416079 0.024963289280469897 0.05782792665726375 0.02936857562408223
0 0.06805359661495064 0.06607929515418502 0.05289139633286319 0.023494860499265784
1 0.08638928067700988 0.21071953010279001 0.08533145275035262 0.033773861967694566
1 0.08709449929478139 0.2474302496328928 0.08674188998589563 0.024963289280469897
1 0.20803949224259521 0.16226138032305434 0.04231311706629055 0.027900146842878122
1 0.34062059238363895 0.16152716593245228 0.06064880112834979 0.02936857562408223
1 0.09167842031029619 0.5088105726872246 0.08885754583921016 0.024963289280469897
0 0.07228490832157969 0.28634361233480177 0.057122708039492244 0.023494860499265784
0 0.07545839210155147 0.3267254038179148 0.06488011283497884 0.022026431718061675
0 0.08215796897038082 0.36490455212922174 0.0768688293370945 0.022026431718061675
0 0.07475317348377997 0.5602055800293686 0.05218617771509168 0.027900146842878122
0 0.07792665726375177 0.6057268722466961 0.05571227080394922 0.030837004405286344
0 0.0877997179125529 0.6395007342143906 0.07968970380818054 0.027900146842878122
0 0.08356840620592383 0.7055800293685757 0.07827926657263752 0.03671071953010279
0 0.06875881523272215 0.7452276064610867 0.04724964739069112 0.033773861967694566
0 0.06664315937940761 0.7841409691629956 0.03596614950634697 0.01762114537444934
0 0.46932299012693934 0.6262848751835536 0.1770098730606488 0.08663729809104258
0 0.6600846262341326 0.6284875183553598 0.1777150916784203 0.09104258443465492
0 0.5253878702397743 0.4331864904552129 0.07757404795486601 0.07929515418502203
0 0.9118476727785614 0.7958883994126285 0.0380818053596615 0.032305433186490456
2 0.3321579689703808 0.4309838472834068 0.28772919605077574 0.07488986784140969