0 0.15220207253886012 0.07579933847850055 0.07772020725388601 0.044101433296582136
0 0.23721502590673574 0.07649393605292172 0.06962435233160622 0.0344542447629548
0 0.8314507772020725 0.08682469680264608 0.059909326424870464 0.03858875413450937
0 0.8800259067357513 0.08269018743109151 0.0469559585492228 0.027563395810363836
0 0.9310233160621761 0.07373759647188532 0.029145077720207253 0.026185226019845645
0 0.8128238341968912 0.042723263506063945 0.04533678756476684 0.019294377067254686
0 0.8638341968911917 0.04066152149944873 0.03076424870466321 0.017916207276736495
0 0.9148316062176166 0.03928335170893054 0.05181347150259067 0.017916207276736495
0 0.8832642487046632 0.12127894156560089 0.11819948186528498 0.016538037486218304
0 0.28335492227979275 0.1274862183020948 0.07772020725388601 0.03996692392502756
0 0.4266580310880829 0.12127894156560089 0.0858160621761658 0.044101433296582136
0 0.5691450777202073 0.12127894156560089 0.1052461139896373 0.03583241455347299
0 0.663860103626943 0.1199007717750827 0.0939119170984456 0.03031973539140022
0 0.9245466321243523 0.19639470782800442 0.04209844559585492 0.023428886438809263
0 0.9034974093264249 0.1681367144432194 0.07124352331606218 0.019294377067254686
0 0.6330958549222798 0.3362734288864388 0.3626943005181347 0.03858875413450937
0 0.6913860103626943 0.30113561190738697 0.16839378238341968 0.023428886438809263
0 0.7577720207253886 0.9206174200661521 0.37240932642487046 0.041345093715545754
0 0.5408031088082902 0.9164829106945975 0.04533678756476684 0.041345093715545754
0 0.4808937823834197 0.9157993384785006 0.04533678756476684 0.03169790518191841
0 0.5820984455958549 0.797276736493936 0.027525906735751296 0.023428886438809263
0 0.6541450777202072 0.7931422271223815 0.029145077720207253 0.017916207276736495
0 0.08095854922279792 0.5368026460859978 0.07772020725388601 0.03996692392502756
0 0.06800518134715026 0.12059536934950385 0.08419689119170984 0.03169790518191841
2 0.49060880829015546 0.07717750826901874 0.33678756476683935 0.03583241455347299
3 0.5 0.01998897464167585 1 0.03996692392502756