2 0.31421588594704686 0.04505521472392638 0.37128309572301427 0.06826993865030674
0 0.8379531568228106 0.04819631901840491 0.06184317718940939 0.08987730061349693
0 0.9024032586558044 0.04819631901840491 0.0532586558044806 0.08987730061349693
0 0.9665274949083503 0.04447852760736196 0.0669450101832994 0.08895705521472393
0 0.8956313645621181 0.13498159509202454 0.0575458248472505 0.03339877300613497
0 0.9658859470468432 0.12975460122699387 0.06821792260692465 0.03826993865030674
0 0.03811608961303462 0.13149693251533742 0.05585539714867618 0.0570920245398773
0 0.02695519348268839 0.1889325153374233 0.04117107942973524 0.037006134969325186
0 0.15226069246435847 0.12278527607361962 0.04737270875763747 0.05500613496932513
0 0.21005091649694502 0.13009815950920245 0.03821792260692467 0.05430674846625766
0 0.2539002036659878 0.13233128834355828 0.02917515274949084 0.05263803680981594
0 0.31244399185336047 0.12863803680981595 0.06479633401221996 0.05444171779141105
0 0.37706720977596736 0.13170552147239264 0.04892057026476575 0.048306748466257675
0 0.4328920570264766 0.13170552147239264 0.04600814663951115 0.048306748466257675
0 0.5071079429735235 0.13134969325153373 0.08497963340122204 0.0629447852760736
0 0.9818024439918533 0.3859263803680981 0.036395112016293286 0.04447852760736196
0 0.9576171079429735 0.44434355828220856 0.08476578411405296 0.04473619631901845
0 0.9531568228105907 0.5011533742331288 0.09367617107942974 0.05100613496932521
0 0.6158655804480652 0.81559509202454 0.09882892057026472 0.03265030674846613
0 0.5772301425661914 0.971717791411043 0.04191446028513247 0.056564417177914
0 0.6592566191446029 0.967116564417178 0.10922606924643584 0.06576687116564406
0 0.7872708757637474 0.9686503067484663 0.12850305498981676 0.06269938650306738
0 0.9315173116089613 0.9686503067484663 0.1369551934826884 0.06269938650306738
1 0.365010183299389 0.7810920245398774 0.24884928716904278 0.04033128834355815
1 0.2065173116089613 0.19192638036809814 0.13551934826883916 0.03379141104294481
1 0.3663543788187373 0.1963926380368098 0.1420672097759674 0.030453987730061343