0 0.9356786011656952 0.052700228832951945 0.040691090757701824 0.06522883295194506
0 0.8807077435470442 0.049450800915331806 0.053746877601998484 0.058729977116704794
0 0.8238384679433804 0.04879862700228833 0.04030807660283104 0.057425629290617855
0 0.9396502914238135 0.11743707093821511 0.04485428809325553 0.034530892448512596
0 0.8860033305578684 0.12303203661327232 0.04920066611157381 0.0311441647597254
0 0.8292339716902581 0.12133867276887872 0.04920066611157362 0.03192219679633868
0 0.9469358867610325 0.24419908466819223 0.042389675270607705 0.027986270022883272
0 0.6032889258950874 0.05061784897025172 0.028767693588676067 0.0381807780320366
0 0.5737635303913405 0.05075514874141877 0.015137385512073324 0.0197254004576659
0 0.20778517901748544 0.0454233409610984 0.09310574521232308 0.05898169336384438
0 0.018359700249791836 0.05010297482837529 0.028384679433805165 0.049622425629290604
0 0.27940882597835137 0.44478260869565217 0.060366361365528726 0.04014874141876434
0 0.34365528726061617 0.4440045766590389 0.05450457951706914 0.03651029748283749
0 0.4022231473771856 0.44386727688787186 0.05242298084929224 0.04457665903890164
0 0.46258950874271443 0.4458237986270023 0.05582847626977515 0.038077803203661297
0 0.522864279766861 0.4441304347826087 0.053363863447127326 0.03885583524027464
0 0.5817152373022482 0.44672768878718533 0.0537468776019983 0.03364988558352399
0 0.6423646960865945 0.4464759725400458 0.05203996669442131 0.039370709382150995
0 0.645578684429642 0.40383295194508007 0.09253955037468785 0.02066361556064067
0 0.6322398001665279 0.3390961098398169 0.12073272273105745 0.06176201372997714
0 0.853172356369692 0.880537757437071 0.22387177352206486 0.04210526315789469
0 0.6686677768526229 0.5516475972540046 0.04030807660283104 0.0291990846681922
0 0.6698001665278934 0.5940274599542333 0.04258118234804338 0.02242562929061781
0 0.6701831806827644 0.638741418764302 0.03577019150707746 0.026578947368421073
0 0.6709408825978351 0.684370709382151 0.03727726894254786 0.02630434782608697
0 0.6695170691090758 0.7259725400457666 0.0325478767693588 0.01589244851258593
0 0.6707493755203997 0.7706979405034325 0.040691090757701824 0.03043478260869555
0 0.6718817651956702 0.8187986270022883 0.04295587010824306 0.033032036613272184
0 0.6674354704412989 0.8574027459954233 0.032173189009159116 0.02080091533180785
0 0.6685761865112406 0.9043363844393593 0.042014987510408025 0.023123569794050385
0 0.6700915903413821 0.9485354691075515 0.04503746877601991 0.028306636155606416
0 0.9486427976686095 0.3205034324942792 0.03444629475437127 0.01835240274599538
3 0.1214904246461282 0.5296453089244851 0.23086594504579516 0.444954233409611
3 0.8538384679433806 0.4554233409610985 0.2497918401332223 0.31522883295194515