0 0.14898489932885906 0.04810562571756601 0.06421140939597317 0.0413203214695752
0 0.21399328859060407 0.04869115958668197 0.0390268456375839 0.045361653272101024
0 0.2950503355704698 0.047967853042479906 0.09418624161073824 0.04679678530424798
0 0.04361577181208053 0.1231113662456946 0.04432885906040268 0.047818599311136634
0 0.10527684563758388 0.12024110218140069 0.05441275167785234 0.05355912743972446
0 0.1634228187919463 0.12369690011481056 0.04485738255033559 0.051859931113662446
0 0.22218959731543625 0.12148105625717566 0.05122483221476508 0.05890929965556831
0 0.28385906040268455 0.12063145809414465 0.0613087248322148 0.037129735935706086
0 0.3415687919463087 0.12343283582089552 0.04880033557046976 0.03412169919632606
0 0.3954278523489933 0.1214121699196326 0.05164429530201338 0.03295063145809413
0 0.46476510067114096 0.12102181400688863 0.07497483221476506 0.049391504018369704
0 0.533255033557047 0.1231113662456946 0.05045302013422827 0.047818599311136634
0 0.5930201342281879 0.12174512055109071 0.056728187919463186 0.04795637198622275
2 0.5594043624161074 0.04176808266360506 0.25166107382550335 0.0513662456946039
0 0.7079278523489934 0.04660160734787601 0.03276845637583888 0.04692307692307693
0 0.7531543624161073 0.044649827784156146 0.04142617449664439 0.043019517795637195
0 0.8049580536912752 0.04112514351320321 0.046459731543624254 0.047451205510907
0 0.8603355704697987 0.04470723306544202 0.04815436241610746 0.040275545350172214
1 0.937013422818792 0.04327210103329506 0.07777684563758393 0.04314580941446613
1 0.8897315436241611 0.12376578645235362 0.17615771812080538 0.049127439724454644
0 0.9345469798657718 0.28701492537313433 0.03603187919463072 0.05990815154994257
0 0.9710989932885906 0.28695752009184844 0.03153523489932898 0.06265212399540761
0 0.9613338926174497 0.6955912743972446 0.04345637583892633 0.06189437428243408
0 0.6701342281879195 0.677910447761194 0.09025167785234893 0.029414466130883915
1 0.7848238255033557 0.7983811710677382 0.3888422818791946 0.07803673938002299
0 0.6862416107382551 0.9747416762342136 0.18624161073825504 0.0505166475315729
0 0.8821308724832215 0.9735935706084959 0.19379194630872484 0.05281285878300804
0 0.44903523489932884 0.8403214695752008 0.17029362416107383 0.038495981630309956