0 0.047854442344045366 0.15625 0.07443289224952741 0.021237864077669904
0 0.06085066162570888 0.19190533980582525 0.09569943289224953 0.02275485436893204
0 0.057306238185255196 0.23058252427184467 0.08861058601134215 0.024271844660194174
0 0.036625708884688093 0.278373786407767 0.04725897920604915 0.016686893203883495
0 0.0330812854442344 0.31478155339805824 0.04489603024574669 0.02275485436893204
0 0.04312854442344045 0.3511893203883495 0.06025519848771266 0.01972087378640777
0 0.038988657844990546 0.39896844660194175 0.05198487712665406 0.021237864077669904
0 0.05198487712665406 0.4391747572815534 0.07797731568998109 0.01972087378640777
0 0.02422495274102079 0.47254854368932037 0.034262759924385634 0.02275485436893204
0 0.028950850661625706 0.5135072815533981 0.038988657844990546 0.02275485436893204
0 0.04489603024574669 0.5984587378640777 0.06379962192816635 0.028822815533980584
0 0.04431001890359168 0.6371359223300971 0.07443289224952741 0.027305825242718445
0 0.04903591682419659 0.6750606796116505 0.06261814744801512 0.021237864077669904
0 0.05258034026465028 0.7091990291262136 0.07915879017013233 0.02275485436893204
0 0.038402646502835536 0.7493932038834952 0.05316635160680529 0.01820388349514563
0 0.04489603024574669 0.8343446601941747 0.06852551984877127 0.01516990291262136
0 0.05552930056710775 0.8715169902912622 0.08270321361058601 0.010618932038834952
0 0.050217391304347825 0.9094417475728155 0.06498109640831758 0.01972087378640777
0 0.040765595463137995 0.9435679611650486 0.05080340264650283 0.021237864077669904
0 0.9079678638941399 0.5635679611650486 0.048440453686200376 0.016686893203883495
0 0.9191871455576559 0.21389563106796117 0.06852551984877127 0.024271844660194174
0 0.7508317580340265 0.03944174757281554 0.09569943289224953 0.021237864077669904
0 0.8801984877126654 0.040206310679611654 0.07088846880907372 0.01972087378640777