0 0.05673668417104276 0.8711044417767106 0.08345836459114779 0.12154861944777912
0 0.1406601650412603 0.8763505402160864 0.07689422355588897 0.12004801920768307
0 0.22459114778694672 0.8696038415366146 0.07408102025506376 0.11254501800720289
0 0.3108627156789197 0.8763505402160864 0.07595648912228058 0.10804321728691477
0 0.3910352588147037 0.8703481392557023 0.08064516129032258 0.12304921968787515
0 0.6615753938484621 0.8125810324129652 0.08158289572393099 0.03451380552220888
0 0.7914478619654913 0.42992797118847537 0.37884471117779445 0.0585234093637455
0 0.9461740435108777 0.02100840336134454 0.024381095273818456 0.030012004801920768
0 0.9738409602400601 0.02100840336134454 0.021567891972993247 0.033013205282112844
0 0.7009602400600151 0.961140456182473 0.17910727681920488 0.0585234093637455
0 0.8889722430607652 0.9693877551020408 0.18942235558889722 0.05402160864345738