0 0.04608294930875576 0.026203592814371252 0.029953917050691243 0.02544910179640718
0 0.09389861751152073 0.02694610778443114 0.04032258064516129 0.023952095808383235
0 0.14574193548387096 0.02245508982035928 0.03110599078341014 0.023952095808383235
0 0.20276497695852536 0.026203592814371252 0.052995391705069124 0.02544910179640718
0 0.2511520737327189 0.02694610778443114 0.020737327188940093 0.020958083832335328
0 0.30414746543778803 0.023952095808383235 0.03917050691244239 0.017964071856287425
0 0.3778801843317972 0.0187185628742515 0.06221198156682028 0.025449101796407185
0 0.45680184331797236 0.023209580838323352 0.06336405529953917 0.02245508982035928
0 0.5074930875576037 0.02021556886227545 0.026497695852534562 0.02245508982035928
0 0.5616405529953917 0.023952095808383235 0.044930875576036866 0.02694610778443114
0 0.6105990783410138 0.020958083832335328 0.03225806451612903 0.020958083832335328
0 0.7955115207373272 0.025449101796407185 0.019585253456221197 0.020958083832335328
0 0.830073732718894 0.025449101796407185 0.026497695852534562 0.03592814371257485
0 0.8663594470046083 0.026203592814371252 0.018433179723502304 0.02544910179640718
0 0.902073732718894 0.023209580838323352 0.009216589861751152 0.02844311377245509