1 0.06093779015784587 0.1480978260869565 0.07079851439182916 0.024456521739130436
1 0.05861652739090065 0.18139130434782608 0.05919220055710306 0.020380434782608696
1 0.0644196843082637 0.21195652173913043 0.0638347260909935 0.024456521739130436
1 0.06499535747446611 0.24048913043478262 0.06731662024141133 0.019021739130434784
1 0.07370473537604456 0.2778586956521739 0.09168987929433611 0.017663043478260868
1 0.06847725162488394 0.30434782608695654 0.0766016713091922 0.021739130434782608
1 0.06906220984215412 0.33559782608695654 0.07311977715877438 0.019021739130434784
1 0.05222841225626741 0.36820652173913043 0.0510677808727948 0.02717391304347826
1 0.07022284122562673 0.39945652173913043 0.07311977715877438 0.019021739130434784
1 0.0644196843082637 0.4313913043478261 0.06615598885793872 0.017663043478260868
1 0.07486536675951717 0.46399999999999997 0.08472609099350047 0.017663043478260868
1 0.06325905292479109 0.6379130434782608 0.06847725162488394 0.020380434782608696
1 0.07892293407613742 0.6691630434782608 0.09517177344475394 0.02309782608695652
1 0.08182915506035283 0.7017717391304348 0.100974930362117 0.02309782608695652
1 0.078347260909935 0.7364130434782609 0.09401114206128133 0.024456521739130436
1 0.0644196843082637 0.7744565217391305 0.06615598885793872 0.019021739130434784
1 0.07544103992571959 0.8050326086956522 0.09285051067780872 0.020380434782608696
1 0.07892293407613742 0.8362826086956522 0.1021355617455896 0.017663043478260868
1 0.07950789229340761 0.8709239130434783 0.09865366759517177 0.019021739130434784
1 0.05165273909006499 0.904891304347826 0.04294336118848653 0.016304347826086956
1 0.078347260909935 0.9395434782608696 0.09633240482822655 0.020380434782608696
1 0.8600278551532033 0.050271739130434784 0.0905292479108635 0.019021739130434784
0 0.2919034354688951 0.04891304347826087 0.04062209842154132 0.016304347826086956
0 0.35457753017641597 0.04959782608695652 0.056870937790157845 0.012228260869565218
0 0.42769730733519035 0.04959782608695652 0.061513463324048286 0.014945652173913044
0 0.49675023212627667 0.04823913043478261 0.04178272980501393 0.025815217391304348
0 0.552460538532962 0.050271739130434784 0.04178272980501393 0.016304347826086956
0 0.6220984215413184 0.04891304347826087 0.0766016713091922 0.016304347826086956
0 0.1816434540389972 0.04619565217391304 0.04758588672237697 0.019021739130434784
0 0.947075208913649 0.04891304347826087 0.04410399257195915 0.029891304347826088
2 0.12361188486536676 0.5876413043478261 0.17989786443825442 0.033967391304347824