0 0.09513742071881606 0.03221719457013575 0.09417547568710362 0.03975867269984917
0 0.1801797040169133 0.026048265460030164 0.06053911205073994 0.03565610859728507
0 0.24120507399577168 0.034283559577677224 0.046131078224101466 0.03291101055806938
0 0.28445031712473573 0.028114630467571646 0.040359408033826615 0.02604826546003016
0 0.8259619450317125 0.030165912518853696 0.07207188160676539 0.03565610859728507
0 0.9110147991543341 0.030165912518853696 0.06534883720930226 0.02467571644042232
0 0.9609830866807612 0.03565610859728507 0.019217758985200912 0.030165912518853696
0 0.49779069767441864 0.7335746606334842 0.2806025369978858 0.04113122171945699
0 0.6568287526427061 0.43123680241327306 0.02210359408033835 0.0205731523378582
2 0.5463213530655392 0.027420814479638008 0.4410887949260042 0.054841628959276016
3 0.4973044397463002 0.6423981900452489 0.3449894291754757 0.470316742081448