0 0.14375 0.034242424242424234 0.08541666666666667 0.04516317016317016
0 0.28073333333333333 0.03132867132867132 0.096875 0.039335664335664336
0 0.43073333333333336 0.034242424242424234 0.115625 0.039335664335664336
0 0.5849 0.038613053613053616 0.11145833333333334 0.024766899766899768
0 0.7234416666666666 0.03350815850815851 0.07604166666666666 0.026223776223776224
0 0.8526083333333334 0.0356993006993007 0.10729166666666676 0.03642191142191142
0 0.953125 0.04224941724941725 0.041666666666666664 0.06118881118881119
0 0.045316666666666665 0.03787878787878788 0.034374999999999996 0.05827505827505827
0 0.28906666666666664 0.8085664335664335 0.28854166666666664 0.07867132867132867
0 0.4395833333333333 0.6242773892773893 0.05416666666666667 0.08012820512820513
0 0.7119833333333333 0.8085664335664335 0.28229166666666666 0.07575757575757576
0 0.8625 0.6264568764568764 0.058333333333333334 0.07284382284382285
0 0.7151083333333333 0.7386363636363636 0.09270833333333334 0.026223776223776224
0 0.29583333333333334 0.7386363636363636 0.09583333333333334 0.023310023310023312