3 0.4010204081632653 0.5519275700934578 0.2680897959183674 0.48509345794392517
0 0.39953469387755103 0.7490654205607478 0.17606530612244894 0.04037383177570087
1 0.35352653061224487 0.6930607476635514 0.1359918367346939 0.01968457943925223
1 0.32059591836734697 0.6592056074766355 0.07569795918367349 0.026331775700934538
1 0.35575510204081634 0.624427570093458 0.14786938775510203 0.026880841121495316
1 0.3767183673469388 0.589392523364486 0.18608979591836738 0.02264018691588791
1 0.33905306122448975 0.555677570093458 0.11447346938775511 0.021051401869158857
1 0.3506530612244898 0.5157242990654205 0.13580408163265306 0.023983644859813052
1 0.34193469387755104 0.4829439252336448 0.11466122448979595 0.028504672897196236
1 0.36373061224489794 0.44802570093457944 0.1601142857142857 0.026658878504672957
1 0.3564 0.41165887850467286 0.14359999999999998 0.01976635514018687
0 0.5210612244897959 0.32630841121495324 0.014661224489795947 0.023247663551401843
0 0.06048163265306123 0.1639836448598131 0.06753469387755104 0.032056074766355136
0 0.05686530612244898 0.19649532710280374 0.058440816326530615 0.02274532710280377
0 0.05594285714285714 0.2294158878504673 0.06772244897959181 0.031238317757009356
0 0.062342857142857144 0.26033878504672897 0.07124081632653059 0.02511682242990654
0 0.0580734693877551 0.28874999999999995 0.07384489795918368 0.026705607476635498
0 0.06791020408163265 0.3229906542056075 0.08237551020408161 0.02723130841121489
0 0.05677551020408163 0.35192757009345793 0.06753469387755101 0.027745327102803738
0 0.04870204081632653 0.385642523364486 0.03469387755102041 0.018714953271028015
0 0.07282448979591838 0.41551401869158877 0.09035102040816329 0.025338785046729036
0 0.06466122448979592 0.44550233644859816 0.06660408163265306 0.023738317757009405
0 0.05826122448979592 0.47775700934579435 0.05565714285714286 0.03089953271028043
0 0.04786938775510204 0.507231308411215 0.042302040816326526 0.01974299065420558
0 0.05482448979591836 0.5351051401869159 0.043232653061224494 0.03300233644859813
0 0.6705061224489796 0.07942757009345794 0.04823673469387749 0.03924065420560748
0 0.7231020408163265 0.08075934579439252 0.043975510204081546 0.03127336448598131
0 0.7558448979591836 0.07955607476635514 0.01855510204081634 0.03101635514018692
0 0.43515918367346945 0.22052570093457946 0.03209795918367342 0.030443925233644864
0 0.2218938775510204 0.28741822429906544 0.12319183673469385 0.03467289719626169
2 0.4195755102040816 0.07955607476635514 0.3051918367346939 0.03101635514018692
1 0.23664489795918367 0.0791588785046729 0.04323265306122452 0.023843457943925228
0 0.19805714285714285 0.07717289719626169 0.025420408163265296 0.01985981308411215
0 0.15677551020408165 0.0784929906542056 0.041191836734693864 0.02782710280373831
0 0.1006530612244898 0.0313785046728972 0.15825306122448982 0.034474299065420565
0 0.42226938775510203 0.03257009345794393 0.078669387755102 0.03474299065420561
0 0.7167918367346939 0.03336448598130841 0.09814693877551021 0.03845794392523365