0 0.6262102217936355 0.39571597633136096 0.0470106075216972 0.02514792899408284
0 0.0662970106075217 0.14867455621301776 0.06750241080038573 0.034023668639053255
0 0.06690453230472516 0.1834319526627219 0.059064609450337514 0.01775147928994083
0 0.06569913211186114 0.21672189349112425 0.06870781099324975 0.028106508875739646
0 0.07775313404050144 0.2477869822485207 0.078351012536162 0.03106508875739645
0 0.07654773384763741 0.29068639053254436 0.08799421407907425 0.019230769230769232
0 0.07714561234329798 0.3210059171597633 0.10848601735776278 0.020710059171597635
0 0.07052073288331726 0.34394082840236684 0.09040501446480231 0.02514792899408284
0 0.05785920925747348 0.3742603550295858 0.0699132111861138 0.03550295857988166
0 0.08739633558341368 0.4060710059171598 0.10486981677917069 0.02514792899408284
0 0.08317261330761813 0.4371360946745562 0.08437801350048216 0.028106508875739646
0 0.07111861137897782 0.46820118343195266 0.06509161041465766 0.02514792899408284
0 0.056055930568948885 0.4992662721893491 0.03495660559305689 0.022189349112426034
0 0.06147540983606557 0.5421656804733728 0.05303760848601736 0.034023668639053255
0 0.2567502410800386 0.28181065088757395 0.1374156219864995 0.02514792899408284
0 0.5014464802314368 0.21301775147928995 0.03857280617164899 0.011834319526627219
0 0.11270973963355833 0.0650887573964497 0.06388621022179364 0.026627218934911243
0 0.18683702989392478 0.06656804733727811 0.04339440694310511 0.020710059171597635
0 0.23324975891996141 0.06360946745562131 0.03254580520732883 0.01775147928994083
0 0.7178206364513018 0.0695266272189349 0.051832208293153326 0.023668639053254437
0 0.7979749276759884 0.07100591715976332 0.07232401157184185 0.01775147928994083
0 0.8684956605593057 0.0695266272189349 0.05424300867888139 0.014792899408284023
0 0.8624686595949855 0.017017751479289942 0.1410318225650916 0.02514792899408284
0 0.528572806171649 0.014792899408284023 0.11933461909353905 0.029585798816568046
0 0.09161041465766634 0.011834319526627219 0.1133076181292189 0.023668639053254437
0 0.47372227579556414 0.509621301775148 0.25554484088717455 0.057692307692307696
0 0.4755351976856316 0.5821065088757397 0.2567502410800386 0.04881656804733728
0 0.4743297974927676 0.658284023668639 0.2567502410800386 0.05325443786982249
3 0.4725168756027001 0.5458579881656804 0.31822565091610416 0.34615384615384615