0 0.9370853307766059 0.023633440514469452 0.02996164908916587 0.03158628081457663
0 0.8959731543624161 0.026580921757770628 0.031639501438159155 0.031050375133976415
0 0.8606232023010546 0.027781350482315115 0.02564717162032598 0.03131832797427653
0 0.8264621284755513 0.02898177920685959 0.026845637583892617 0.03157556270096463
0 0.6314765100671141 0.026709539121114685 0.037152444870565675 0.022743837084673098
0 0.5779002876318312 0.022958199356913185 0.05225311601150527 0.030246516613076098
0 0.5288878235858102 0.023097534833869237 0.03331735378715245 0.03265809217577706
0 0.4653691275167785 0.019882100750267948 0.07406519654841802 0.03908896034297964
0 0.3839884947267498 0.020364415862808145 0.07766059443911794 0.04072883172561629
0 0.30525407478427613 0.01837084673097535 0.060642377756471716 0.0367416934619507
0 0.2587535953978907 0.02269024651661308 0.025167785234899327 0.03614147909967846
0 0.2056567593480345 0.020364415862808145 0.06999041227229147 0.04072883172561629
0 0.14357622243528284 0.017031082529474814 0.03691275167785235 0.03406216505894963
0 0.09672099712368168 0.018542336548767413 0.0462607861936721 0.03640943193997856
0 0.047459252157238736 0.0197427652733119 0.031639501438159155 0.03667738478027867
3 0.4917353787152445 0.20579849946409431 0.9225790987535955 0.16012861736334402
0 0.9518216682646213 0.4352733118971061 0.042665388302972194 0.04673097534833872
0 0.03032598274209012 0.43326902465166134 0.042905081495685525 0.042722400857449105
0 0.5290028763183126 0.5650803858520901 0.021572387344199424 0.025530546623794143
0 0.4984467881112176 0.5630760986066452 0.01558005752636625 0.021511254019292537