0 0.04681512605042017 0.09442430703624732 0.07923529411764707 0.03045842217484008
0 0.13145378151260506 0.09519189765458423 0.049218487394957974 0.028933901918976563
0 0.229890756302521 0.09137526652452024 0.08523529411764703 0.027409381663113016
0 0.31392436974789917 0.08756929637526653 0.04921848739495802 0.025895522388059693
0 0.39436134453781513 0.08756929637526653 0.04921848739495802 0.019797441364605536
0 0.9159663865546218 0.05102345415778251 0.12484873949579836 0.04111940298507462
0 0.7478991596638656 0.1538272921108742 0.04562184873949577 0.015234541577825183
0 0.9381764705882354 0.2726119402985075 0.05402521008403358 0.04264392324093819
0 0.9363781512605042 0.38836886993603414 0.062428571428571396 0.027409381663113044
0 0.9387731092436976 0.48735607675906184 0.055218487394958014 0.021321961620469083
0 0.9381764705882354 0.5894029850746269 0.0684285714285713 0.030458422174840016
0 0.9381764705882354 0.6883901918976546 0.056420168067226786 0.039594882729211196
0 0.9381764705882354 0.7752025586353944 0.058823529411764705 0.030458422174840016
0 0.9381764705882354 0.8726759061833689 0.06362184873949583 0.036556503198294205
0 0.9435798319327731 0.9792857142857143 0.05762184873949593 0.036556503198294205
1 0.07863025210084033 0.16143923240938168 0.0444201680672269 0.027409381663112985
1 0.16866386554621848 0.1530597014925373 0.05402521008403363 0.02284648187633263
1 0.825327731092437 0.15230277185501068 0.04921848739495793 0.021321961620469083
1 0.874546218487395 0.14544776119402986 0.0444201680672269 0.025895522388059707
0 0.9501764705882353 0.1530597014925373 0.056420168067226786 0.025895522388059724