2 0.49922600619195046 0.04997613365155132 0.20317337461300308 0.0402744630071599
0 0.2921826625386997 0.04474940334128878 0.0348297213622291 0.02386634844868735
0 0.34007739938080495 0.044009546539379475 0.0396671826625387 0.013424821002386634
0 0.2428405572755418 0.10143198090692124 0.08126934984520123 0.017899761336515514
0 0.3753869969040248 0.09695704057279236 0.03869969040247678 0.03281622911694511
0 0.46246130030959753 0.10441527446300716 0.04256965944272446 0.017899761336515514
0 0.5374458204334366 0.10367541766109785 0.051277089783281736 0.028341288782816228
0 0.6162925696594427 0.09920047732696897 0.03676470588235294 0.016408114558472554
0 0.73578173374613 0.09920047732696897 0.06675696594427244 0.019391408114558473
0 0.699984520123839 0.05071599045346062 0.01644736842105263 0.014916467780429593
0 0.7294891640866873 0.04997613365155132 0.02128482972136223 0.02535799522673031
0 0.7633513931888545 0.04474940334128878 0.030959752321981424 0.02684964200477327
0 0.6854721362229103 0.010441527446300716 0.03579721362229102 0.017899761336515514
0 0.7203018575851393 0.008949880668257757 0.01838235294117647 0.017899761336515514
1 0.7560990712074304 0.008949880668257757 0.0396671826625387 0.014916467780429593
0 0.3458823529411765 0.5235680190930787 0.2234907120743034 0.0477326968973747
0 0.33475232198142413 0.5727923627684964 0.21671826625386997 0.04474940334128878
0 0.7372291021671826 0.3788782816229117 0.07352941176470588 0.020883054892601432
0 0.7686764705882353 0.6764677804295942 0.02418730650154799 0.043257756563245826
0 0.29121517027863775 0.8375656324582339 0.1238390092879257 0.028341288782816228
0 0.42859907120743035 0.8368138424821002 0.12770897832817338 0.029832935560859187
0 0.5732430340557275 0.8353221957040573 0.11319659442724458 0.02684964200477327
0 0.6994969040247678 0.8301073985680191 0.11609907120743033 0.02535799522673031
3 0.3415247678018576 0.37291169451073986 0.22058823529411764 0.43854415274463004