0 0.037182817182817185 0.06624844720496895 0.07436563436563437 0.024844720496894408
0 0.07936063936063936 0.21255900621118015 0.12543456543456544 0.022086956521739098
0 0.04162837162837163 0.294 0.05883116883116884 0.033130434782608714
0 0.037182817182817185 0.32367701863354037 0.029970029970029972 0.023465838509316755
0 0.03607392607392607 0.34575155279503106 0.05883116883116884 0.02070807453416144
0 0.041068931068931065 0.3692173913043479 0.059940059940059943 0.015180124223602518
0 0.042737262737262735 0.3968198757763975 0.06326673326673325 0.02070807453416144
0 0.07992007992007992 0.43891925465838505 0.14652347652347647 0.022086956521739098
0 0.07659340659340659 0.6197391304347826 0.1220979020979021 0.022086956521739098
0 0.12654345654345653 0.6583850931677019 0.03552447552447551 0.01380124223602472
0 0.08047952047952048 0.8157391304347825 0.11877122877122875 0.030360248447205036
0 0.07714285714285714 0.8944099378881988 0.12320679320679319 0.019329192546583784
0 0.0715984015984016 0.9171801242236025 0.11210789210789211 0.015180124223602518
0 0.07770229770229771 0.9489316770186336 0.11544455544455545 0.015180124223602518
0 0.07048951048951049 0.9765341614906833 0.10989010989010989 0.017937888198757832
0 0.22199800199800196 0.13181366459627328 0.09101898101898101 0.037267080745341616
0 0.3218981018981019 0.13250931677018635 0.08435564435564441 0.035888198757763994
0 0.414025974025974 0.13595031055900622 0.08213786213786217 0.017937888198757763
0 0.5172627372627372 0.13457142857142856 0.07992007992007992 0.037267080745341616
0 0.6049550449550449 0.1352670807453416 0.06660339660339668 0.019329192546583853
0 0.6959740259740259 0.1352670807453416 0.07325674325674318 0.022086956521739132
0 0.7897702297702297 0.13319254658385093 0.07881118881118891 0.015180124223602483
0 0.9251848151848152 0.07383850931677019 0.03218781218781221 0.020708074534161503
1 0.7092907092907093 0.07039751552795032 0.08213786213786217 0.024844720496894408
1 0.9251848151848152 0.13043478260869565 0.08547452547452541 0.012422360248447204
1 0.04384615384615385 0.5300248447204969 0.07436563436563437 0.016559006211180175
1 0.03996003996003996 0.5534906832298137 0.04884115884115883 0.005515527950310627
1 0.03829170829170829 0.5755652173913043 0.04328671328671328 0.013801242236024861
1 0.03663336663336664 0.5955776397515528 0.035524475524475525 0.015180124223602518
1 0.04162837162837163 0.14561490683229814 0.054385614385614386 0.017937888198757763
1 0.059940059940059943 0.16632298136645962 0.08880119880119879 0.012422360248447204
1 0.04495504495504495 0.1897888198757764 0.05661338661338662 0.015180124223602518
1 0.05216783216783217 0.7032422360248447 0.0688211788211788 0.015180124223602518
1 0.033856143856143855 0.7218757763975155 0.054385614385614386 0.008285714285714375
1 0.04217782217782218 0.742583850931677 0.06437562437562437 0.01104347826086969
1 0.05883116883116883 0.7653540372670807 0.08880119880119881 0.009664596273291892
1 0.042737262737262735 0.7853664596273292 0.06326673326673325 0.01104347826086969
2 0.8269530469530469 0.07245962732919255 0.13986013986013987 0.02622360248447204