0 0.9485591766723842 0.04088709677419355 0.08167238421955404 0.04971198156682027
0 0.8720583190394513 0.03945852534562212 0.03976843910806176 0.023790322580645163
0 0.8145626072041167 0.03997695852534563 0.05341337907375641 0.022741935483870962
0 0.7604716981132076 0.03853686635944701 0.03684391080617499 0.0282373271889401
0 0.7135934819897084 0.03827188940092166 0.030797598627787377 0.033997695852534565
0 0.5967409948542024 0.11223502304147466 0.04463979416809601 0.03528801843317972
0 0.5368010291595197 0.11524193548387097 0.05536020583190391 0.037119815668202764
0 0.4644854202401372 0.11707373271889401 0.07836192109777021 0.03868663594470044
0 0.39451114922813035 0.11680875576036867 0.043662092624356746 0.03397465437788019
0 0.3393481989708405 0.113536866359447 0.038593481989708404 0.027430875576036868
0 0.2825300171526587 0.11668202764976959 0.05554888507718695 0.03162442396313363
0 0.2135334476843911 0.1196889400921659 0.05789022298456263 0.03345622119815667
0 0.15749571183533448 0.11394009216589862 0.04522298456260722 0.034504608294930864
0 0.09784734133790737 0.11721198156682026 0.05067753001715265 0.030576036866359436
0 0.03596912521440823 0.11419354838709678 0.041903945111492286 0.02874423963133639
2 0.5578559176672384 0.04115207373271889 0.2533876500857633 0.05442396313364056
0 0.2915951972555746 0.03985023041474655 0.10291595197255575 0.041336405529953914
0 0.21207547169811322 0.046002304147465437 0.03742710120068612 0.0368778801843318
0 0.14697255574614065 0.046129032258064515 0.06315608919382504 0.02876728110599078
0 0.9444682675814752 0.28436635944700467 0.0306003430531731 0.05487327188940095
0 0.9801372212692967 0.2767741935483871 0.027873070325900515 0.04388248847926271
0 0.9635677530017153 0.714758064516129 0.02202401372212679 0.03171658986175112
0 0.7900943396226415 0.8209101382488478 0.39236706689536877 0.08902073732718892
0 0.463704974271012 0.844873271889401 0.1469725557461407 0.03847926267281117