0 0.032880341880341876 0.04249130938586327 0.042247863247863254 0.06434530706836616
0 0.13756410256410256 0.043615295480880646 0.08921367521367521 0.04631517960602549
0 0.2682222222222222 0.040648899188876014 0.11335042735042736 0.0548667439165701
0 0.4259230769230769 0.04045191193511008 0.13388888888888886 0.06316338354577056
0 0.5867350427350427 0.040648899188876014 0.13072649572649578 0.0548667439165701
0 0.7288547008547008 0.041900347624565466 0.10086324786324785 0.060266512166859784
0 0.8601965811965813 0.038470451911935113 0.11782051282051284 0.05921205098493626
0 0.966102564102564 0.0387369640787949 0.049709401709401586 0.07711471610660486
3 0.5 0.26280417149478563 0.9999914529914528 0.3688180764774045
0 0.9014700854700854 0.6238238702201623 0.05080341880341885 0.06537659327925842
0 0.711948717948718 0.9055156431054462 0.2550854700854701 0.0812398609501737
3 0.3121794871794872 0.7665237543453071 0.48759829059829063 0.3565701042873697