0 0.10470873786407767 0.02698193411264612 0.17543689320388348 0.04776833156216791
0 0.2824757281553398 0.02654622741764081 0.16933009708737862 0.046886291179596175
0 0.4553398058252427 0.026567481402763018 0.1669902912621359 0.053134962805526036
0 0.6351844660194175 0.024112646121147715 0.17086407766990291 0.04821466524973432
0 0.9650485436893204 0.18703506907545164 0.06990291262135923 0.05100956429330499
0 0.04666990291262136 0.18680127523910733 0.05208737864077669 0.03797024442082893
0 0.12979611650485437 0.18392136025504782 0.09453398058252428 0.034877789585547284
0 0.8040679611650486 0.33046758767268863 0.03532038834951467 0.04100956429330503
0 0.8068932038834952 0.49890541976620617 0.04098058252427188 0.05113708820403826
0 0.8068932038834952 0.8203188097768331 0.05554368932038838 0.043921360255047746
0 0.9320873786407766 0.3063336875664187 0.07047572815533973 0.05917109458023374
0 0.9326893203883495 0.48319872476089265 0.07411650485436885 0.05424017003188094
0 0.9306699029126214 0.8008395324123273 0.06522330097087385 0.05455897980871405