1 0.5032117647058824 0.06627575277337559 0.9700588235294118 0.08931854199683043
1 0.2625647058823529 0.16424722662440572 0.46951764705882354 0.060507131537242485
1 0.7417058823529412 0.16207606973058636 0.46951764705882343 0.056180665610142656
0 0.08288235294117648 0.2571632329635499 0.10374117647058824 0.030253565768621198
0 0.19785882352941178 0.2557210776545167 0.08770588235294119 0.027369255150554647
0 0.29090588235294124 0.2528526148969889 0.07487058823529413 0.03313787638668784
0 0.3759411764705882 0.2550079239302694 0.07380000000000002 0.03458003169572107
0 0.47861176470588235 0.25933438985736923 0.07380000000000002 0.025927099841521417
0 0.5684470588235294 0.2542789223454833 0.08449411764705889 0.024484944532488097
0 0.9550823529411765 0.2550079239302694 0.06417647058823524 0.03746434231378762
0 0.9080235294117648 0.47759112519809827 0.02781176470588247 0.044659270998415136
0 0.9582941176470587 0.46462757527733756 0.02781176470588247 0.03602218700475439
0 0.28556470588235294 0.548906497622821 0.023529411764705882 0.02305863708399359
0 0.5641764705882353 0.5517908082408874 0.039576470588235275 0.028811410459587877
0 0.8534705882352942 0.5525198098256735 0.019247058823529294 0.02161648177496036