0 0.09779240898528273 0.14697648376259798 0.07164988381099922 0.04479283314669653
0 0.16896204492641362 0.14137737961926092 0.04938032532920217 0.030795072788353865
0 0.22027885360185903 0.14977603583426652 0.03388845855925639 0.025195968645016796
0 0.25997676219984506 0.1511758118701008 0.0435708752904725 0.036394176931690926
0 0.3069326103795507 0.1448824188129899 0.05809450038729667 0.0377939529675252
0 0.36164213787761423 0.1420828667413214 0.037761425251742836 0.04059350503919373
0 0.43086754453911696 0.14068309070548712 0.07358636715724244 0.03499440089585666
0 0.6114484895429899 0.06789473684210526 0.045507358636715727 0.02939529675251959
0 0.6690549961270333 0.062989921612542 0.04841208365608056 0.022396416573348264
0 0.7189233152594887 0.06578947368421052 0.04163439194422928 0.027995520716685332
0 0.9387141750580946 0.017502799552071673 0.047443841982958944 0.03499440089585666
0 0.9798605731990705 0.0203023516237402 0.017428350116189 0.020996640537514
0 0.01646010844306739 0.020996640537514 0.03292021688613478 0.041993281075028
0 0.0537412858249419 0.01959686450167973 0.01646010844306739 0.03919372900335946
0 0.08182029434546863 0.020302351623740198 0.022269558481797055 0.0377939529675252