0 0.03119621342512909 0.17388825541619157 0.030120481927710843 0.02565564424173318
0 0.06131669535283993 0.16818700114025084 0.027969018932874356 0.01710376282782212
0 0.1145697074010327 0.1689053591790194 0.057013769363166954 0.018529076396807297
0 0.17911359724612735 0.1724629418472064 0.06131669535283993 0.02280501710376283
0 0.24634251290877796 0.1724629418472064 0.07099827882960413 0.028506271379703536
0 0.3130378657487091 0.1689053591790194 0.05163511187607573 0.024230330672748004
0 0.36521514629948365 0.1674800456100342 0.03549913941480207 0.021379703534777653
0 0.4200774526678141 0.17531356898517675 0.04410499139414802 0.02565564424173318
0 0.47278829604130806 0.17388825541619157 0.03980206540447504 0.019954389965792473
0 0.5459380378657487 0.1781641961231471 0.07422547332185886 0.02280501710376283
0 0.151144578313253 0.10191562143671608 0.07852839931153184 0.04703534777651083
0 0.21622203098106713 0.09478905359179018 0.045180722891566265 0.03848346636259977
0 0.2909896729776248 0.10262257696693272 0.11080034423407917 0.039908779931584946
0 0.7600086058519794 0.09549600912200684 0.048407917383821 0.03135689851767389
0 0.824552495697074 0.1004903078677309 0.06131669535283993 0.018529076396807297
0 0.881566265060241 0.09763968072976054 0.059165232358003444 0.02993158494868871
0 0.9509466437177281 0.09977194982896237 0.08605851979345955 0.03420752565564424
0 0.9084595524956972 0.17673888255416192 0.17319277108433734 0.039908779931584946
0 0.0640103270223752 0.9221778791334093 0.07207401032702238 0.09692132269099202
0 0.16135972461273665 0.9257468643101482 0.07960413080895008 0.10974914481185861
0 0.2592512908777969 0.9221778791334093 0.060240963855421686 0.09692132269099202
0 0.35499139414802067 0.9243215507411631 0.08175559380378658 0.10119726339794755
0 0.4534251290877797 0.9243215507411631 0.0677710843373494 0.11259977194982897
0 0.5561531841652324 0.9207525655644242 0.07960413080895008 0.11117445838084379
0 0.6502839931153184 0.9243215507411631 0.06992254733218589 0.11830102622576967
0 0.7503270223752151 0.9257468643101482 0.0849827882960413 0.0983466362599772
0 0.8487521514629949 0.9243215507411631 0.06884681583476764 0.11259977194982897
0 0.9455679862306369 0.9228962371721778 0.060240963855421686 0.09549600912200684
0 0.9530981067125646 0.7867730900798175 0.04087779690189329 0.01710376282782212
2 0.5593803786574871 0.09621436716077536 0.24741824440619622 0.04703534777651083
3 0.5012908777969018 0.02394526795895097 0.9974182444061962 0.04789053591790194