0 0.8645996860282574 0.04603837471783295 0.013343799058084773 0.032674943566591425
0 0.8303924646781791 0.04519187358916479 0.037807430664573524 0.04001128668171558
0 0.7851282051282051 0.04673814898419864 0.046703296703296704 0.03408577878103838
0 0.7400575614861329 0.048995485327313765 0.031135531135531136 0.02957110609480813
0 0.6963003663003664 0.04716704288939052 0.0391156462585034 0.030417607223476303
0 0.28656724228152797 0.047866817155756206 0.030743066457352173 0.03182844243792325
0 0.24156462585034014 0.048995485327313765 0.045395081109366825 0.02957110609480813
0 0.19394557823129252 0.047866817155756206 0.04434850863422292 0.03182844243792325
0 0.14678178963893249 0.045891647855530474 0.03506017791732077 0.03013544018058691
3 0.9583987441130298 0.7663656884875847 0.038199895342752484 0.4672686230248307
3 0.8262061747776034 0.542234762979684 0.336865515436944 0.896410835214447
3 0.16751962323390895 0.5437923250564335 0.33163265306122447 0.8904853273137698
3 0.4958817373103088 0.5444920993227991 0.31985871271585564 0.8918961625282167