0 0.7478811739441661 0.055669099756690994 0.04324982104509669 0.08638686131386862
0 0.8047029348604152 0.05009732360097323 0.046528274874731566 0.08739659367396595
0 0.8647244094488189 0.053138686131386864 0.057716535433070947 0.09144768856447688
0 0.8571224051539013 0.1561557177615572 0.05145311381531862 0.029841849148418476
0 0.8026914817465998 0.1641362530413625 0.04697924123120981 0.031618004866180056
0 0.8662204724409448 0.528661800486618 0.024903364352183224 0.04493917274939165
0 0.8421331424481031 0.8550608272506083 0.02297065139584835 0.0306569343065694
0 0.663478883321403 0.8498661800486619 0.02952755905511811 0.03851581508515825
0 0.338453829634932 0.8480900243309002 0.034151753758052995 0.05726277372262766
0 0.4145812455261274 0.8488442822384428 0.1073729420186113 0.07094890510948898
0 0.45141732283464564 0.15704379562043796 0.06472440944881895 0.04580291970802919
0 0.39280601288475303 0.15641119221411193 0.03400143163922691 0.04453771289537715
0 0.3399427344309234 0.16097323600973235 0.04309949892627061 0.04554744525547445
0 0.28178239083750894 0.15336982968369828 0.06397995705082318 0.07090024330900242
0 0.23137437365783825 0.15995133819951338 0.028783106657122432 0.03744525547445257
0 0.19476735862562633 0.16603406326034062 0.043543307086614184 0.06582725060827252
0 0.14450966356478168 0.15552311435523114 0.047423049391553326 0.04884428223844281
0 0.04697924123120973 0.16032846715328467 0.04324982104509664 0.06456204379562043
2 0.2850608446671439 0.05414841849148419 0.3210737294201861 0.0691484184914842