0 0.6266740088105727 0.029565217391304348 0.04789280469897211 0.032151616499442585
0 0.6883259911894273 0.030457079152731326 0.05640234948604988 0.03797101449275363
0 0.7731791483113069 0.03147157190635452 0.09527900146842877 0.03595317725752508
0 0.8376725403817915 0.029687848383500557 0.02135829662261391 0.034425863991081385
0 0.8671218795888399 0.030200668896321073 0.024192364170337606 0.04354515050167224
0 0.907173274596182 0.029698996655518395 0.035881057268722386 0.024292084726867332
0 0.9564023494860499 0.027034559643255296 0.050895741556534625 0.02707915273132664
2 0.8813069016152716 0.08086956521739132 0.16770190895741546 0.05366778149386846
0 0.9476358296622615 0.08288740245261984 0.02502936857562419 0.03947603121516165
0 0.7776872246696036 0.08073578595317726 0.023861967694566815 0.031125975473801554
0 0.7485682819383259 0.0846711259754738 0.020690161527165896 0.0308695652173913
0 0.46356093979442 0.08429208472686733 0.04472099853157128 0.0341583054626533
0 0.3856314243759178 0.08302118171683388 0.07242290748898682 0.041761426978818295
0 0.3218061674008811 0.08302118171683388 0.03988252569750371 0.041761426978818295
0 0.2559765051395007 0.07858416945373467 0.0767621145374449 0.03289855072463768
0 0.18488986784140968 0.08086956521739132 0.05473568281938325 0.03340022296544037
0 0.12615271659324523 0.08415830546265328 0.05072687224669606 0.031884057971014484
0 0.0690014684287812 0.08226309921962097 0.04187958883994126 0.028082497212931993
3 0.24838472834067543 0.8258974358974359 0.47373715124816446 0.3214827201783725
3 0.6122393538913363 0.8264102564102563 0.22527165932452273 0.31793756967670017
3 0.150352422907489 0.3374693422519509 0.27599853157121884 0.31301003344481604
3 0.8562775330396476 0.8275473801560758 0.22944199706314244 0.32832775919732443
3 0.47098384728340675 0.332530657748049 0.25814243759177674 0.3152954292084726
3 0.8022173274596182 0.3365886287625418 0.2815051395007342 0.3173132664437012