0 0.1558413251961639 0.10671312427409987 0.06756756756756757 0.027584204413472705
0 0.24466434176111596 0.10235772357723577 0.07083696599825633 0.03048780487804878
0 0.3127724498692241 0.10888501742160278 0.045771578029642546 0.023228803716608595
0 0.3672624237140366 0.10452961672473868 0.043591979075850044 0.02613240418118467
0 0.43047079337401917 0.10380952380952381 0.05231037489102005 0.03048780487804878
0 0.5002179598953792 0.10671312427409987 0.05666957279860506 0.01596980255516841
0 0.5743243243243243 0.10598141695702672 0.08064516129032258 0.023228803716608595
0 0.6571490845684395 0.10671312427409987 0.04795117698343505 0.02468060394889663
0 0.721996512641674 0.10526132404181184 0.06865736704446382 0.027584204413472705
0 0.8124498692240628 0.10452961672473868 0.07737576285963382 0.02032520325203252
0 0.8963644289450742 0.10816492450638791 0.08391455972101133 0.02468060394889663
0 0.8206190061028771 0.03339140534262486 0.06102877070619006 0.06678281068524972
0 0.8838273757628596 0.028315911730545873 0.045771578029642546 0.05662020905923345
0 0.9497646033129905 0.039198606271777 0.06429816913687882 0.05807200929152149
0 0.9666521360069747 0.29907084785133564 0.026155187445510025 0.04645760743321719
0 0.2157802964254577 0.5357142857142857 0.0959023539668701 0.023228803716608595
0 0.6527898866608544 0.5320905923344947 0.0959023539668701 0.02468060394889663
0 0.1498517872711421 0.6736353077816493 0.08391455972101133 0.1132404181184669
0 0.2392153443766347 0.6714634146341464 0.06865736704446382 0.11178861788617886
0 0.3269398430688753 0.6743670150987224 0.06102877070619006 0.11178861788617886
0 0.41739319965126415 0.6707317073170732 0.07410636442894507 0.10452961672473868
0 0.4936791630340017 0.6685598141695702 0.08064516129032258 0.10888501742160278
0 0.579232781168265 0.6729152148664344 0.06429816913687882 0.09436701509872242
0 0.6615082824760244 0.6750871080139372 0.06974716652136007 0.1132404181184669
0 0.7383435047951177 0.6707317073170732 0.07083696599825633 0.09581881533101046
0 0.8342458587619878 0.6721835075493612 0.07519616390584133 0.09291521486643438
0 0.9246992153443767 0.6642044134727062 0.06865736704446382 0.09436701509872242
0 0.9672013949433306 0.9124622531939605 0.014167393199651265 0.027584204413472705
0 0.2582824760244115 0.025412311265969798 0.06974716652136007 0.04790940766550523
0 0.3269398430688753 0.03339140534262486 0.04795117698343505 0.03774680603948897
2 0.5737837837837838 0.031219512195121944 0.3672624237140366 0.0508130081300813