0 0.90528125 0.038847457627118644 0.076171875 0.012711864406779662
3 0.48340625 0.03531073446327684 0.966796875 0.07062146892655367
2 0.465828125 0.096045197740113 0.826171875 0.03954802259887006
0 0.134765625 0.5190734463276836 0.08984375 0.06073446327683616
0 0.326171875 0.5112994350282486 0.0859375 0.0480225988700565
0 0.505859375 0.5162485875706214 0.078125 0.06073446327683616
0 0.681640625 0.5218983050847458 0.109375 0.06638418079096045
0 0.87890625 0.5176610169491526 0.09375 0.06638418079096045
0 0.87403125 0.5911073446327684 0.083984375 0.052259887005649715
0 0.6875 0.5932203389830508 0.1015625 0.05649717514124294
0 0.52246875 0.597457627118644 0.103515625 0.062146892655367235
0 0.321296875 0.597457627118644 0.099609375 0.062146892655367235
0 0.12890625 0.5939322033898305 0.06640625 0.043785310734463276
0 0.0546875 0.3029717514124294 0.07421875 0.03531073446327684
0 0.20801562499999998 0.3785310734463277 0.193359375 0.0480225988700565
0 0.927734375 0.2846101694915254 0.0390625 0.026836158192090395
0 0.9248125 0.10240677966101694 0.037109375 0.018361581920903956