0 0.13645429362880887 0.12918678526048286 0.06156048014773778 0.035298602287166456
0 0.2195567867036011 0.12 0.06771006463527238 0.04800508259212198
0 0.299067405355494 0.12283354510800508 0.04206832871652811 0.03952986022871663
0 0.376528162511542 0.11648030495552732 0.06566020313942753 0.0465946632782719
0 0.4703970452446907 0.12494282083862769 0.06258541089566023 0.052236340533672154
0 0.5555586334256694 0.12212198221092757 0.05232686980609425 0.03247776365946633
0 0.6237857802400738 0.11648030495552732 0.07181902123730376 0.02400254129606101
0 0.8156325023084027 0.04165184243964422 0.04514312096029557 0.01834815756035578
0 0.8854016620498615 0.044472681067344345 0.03283471837488453 0.02400254129606099
0 0.9454201292705446 0.05082592121982211 0.06873499538319477 0.019771283354510803
0 0.06361034164358265 0.11506988564167726 0.022566943674976914 0.035298602287166456
0 0.1374792243767313 0.3084879288437103 0.05130193905817175 0.026823379923761135
0 0.13081255771006461 0.45743329097839897 0.134404432132964 0.028233799237611216
0 0.16620498614958448 0.49626429479034306 0.1744136657433056 0.012706480304955527
0 0.796140350877193 0.4609656925031766 0.059501385041551294 0.06353240152477764
0 0.8710341643582641 0.4602541296060991 0.053351800554016594 0.05646759847522243
0 0.9428531855955679 0.4651969504447268 0.06361034164358273 0.06353240152477764
0 0.9561957525392428 0.6734434561626429 0.06771006463527232 0.028233799237611216
3 0.508365650969529 0.6063786531130877 0.9408033240997229 0.05223634053367219
3 0.8659095106186518 0.29578144853875477 0.22160664819944598 0.20753494282083862
3 0.894118190212373 0.12283354510800508 0.13645429362880884 0.04235069885641679
2 0.3831948291782087 0.04094027954256671 0.3929455216989843 0.06212198221092757