0 0.054553450608930985 0.02053669222343921 0.07019621109607578 0.035596933187294635
0 0.1344722598105548 0.01985761226725082 0.06935047361299053 0.026013143483023003
0 0.20720568335588632 0.015060240963855422 0.05243572395128552 0.030120481927710843
0 0.37001353179972934 0.09926615553121576 0.05666441136671177 0.05065717415115006
0 0.4757307171853857 0.1033734939759036 0.09049391069012179 0.05065717415115006
0 0.5865223274695535 0.09994523548740417 0.07357916102841677 0.03285870755750274
0 0.7302976995940461 0.10131434830230011 0.1192489851150203 0.038335158817086525
0 0.6465696887686062 0.01642935377875137 0.04144113667117727 0.03285870755750274
0 0.6909675236806495 0.02190580503833516 0.04397834912043302 0.030120481927710843
0 0.7450947225981055 0.019167579408543262 0.05243572395128552 0.030120481927710843
0 0.8081055480378891 0.02190580503833516 0.03974966170500677 0.035596933187294635
0 0.8630784844384304 0.02053669222343921 0.04820703653585927 0.03285870755750274
0 0.96287550744249 0.10952902519167579 0.027909336941813263 0.04107338444687842
0 0.9624492557510149 0.30394304490690033 0.035520974289580516 0.035596933187294635
1 0.9298917456021651 0.02053669222343921 0.08203653585926929 0.027382256297918947
1 0.1277063599458728 0.29572836801752467 0.12516914749661706 0.019167579408543262