0 0.9753762376237624 0.02720524017467249 0.02599009900990099 0.025338427947598257
0 0.9224059405940594 0.028155021834061135 0.07252475247524752 0.020698689956331874
0 0.8428217821782178 0.025971615720524015 0.07574257425742574 0.02506550218340611
0 0.7150990099009901 0.025425764192139738 0.05495049504950495 0.02615720524017467
0 0.649009900990099 0.025425764192139738 0.05643564356435644 0.02615720524017467
0 0.5803267326732673 0.024879912663755457 0.075 0.02724890829694323
0 0.8547029702970297 0.08110262008733625 0.07673267326732673 0.03487991266375545
0 0.7532178217821782 0.07905021834061135 0.09158415841584158 0.04170305676855895
0 0.6427029702970297 0.08082969432314412 0.10074257425742575 0.051801310043668135
0 0.5381188118811882 0.08041484716157205 0.07227722772277227 0.03351528384279476
0 0.42698019801980197 0.08110262008733625 0.10247524752475247 0.03487991266375545
0 0.3061881188118812 0.08192139737991266 0.08861386138613861 0.038700873362445425
0 0.18985148514851485 0.08546943231441048 0.07376237623762376 0.026146288209606974
0 0.11943564356435643 0.08532751091703056 0.044306930693069305 0.023689956331877718
0 0.04938613861386138 0.07905021834061135 0.047772277227722766 0.030786026200873357
0 0.2933168316831683 0.027882096069868995 0.06287128712871287 0.037620087336244536
0 0.22933663366336632 0.02556768558951965 0.04628712871287129 0.028613537117903935
0 0.7970297029702971 0.5253602620087336 0.18415841584158416 0.030382096069869042
0 0.5908415841584158 0.5267248908296943 0.16287128712871288 0.033111353711790435
0 0.9592871287128713 0.8144868995633189 0.0655940594059406 0.038766375545851516
0 0.4430693069306931 0.5868995633187774 0.0702970297029703 0.035556768558951894
0 0.1402277227722772 0.47609170305676857 0.2542079207920792 0.1152620087336245
0 0.37673267326732673 0.4782751091703057 0.19504950495049506 0.12181222707423585
0 0.9551980198019802 0.09679039301310044 0.05 0.05533842794759825