3 0.759350558659218 0.4604943820224719 0.2410824022346369 0.5260786516853931
0 0.8679888268156425 0.7005393258426966 0.0193575418994412 0.025573033707865157
0 0.6921368715083799 0.7032247191011236 0.09872206703910623 0.03297752808988754
0 0.8688617318435754 0.041033707865168544 0.034762569832402376 0.06303370786516854
0 0.8308449720670391 0.04089887640449438 0.026983240223463597 0.050528089887640446
0 0.7925209497206704 0.042179775280898876 0.03127094972067053 0.053078651685393254
0 0.7530027932960893 0.04115730337078652 0.025237430167597677 0.05512359550561798
0 0.8649720670391062 0.11724719101123594 0.047611731843575304 0.035696629213483155
0 0.8061662011173185 0.11686516853932585 0.058568435754189865 0.03901123595505618
0 0.7516550279329608 0.11979775280898877 0.03300977653631284 0.030584269662921347
1 0.6342039106145251 0.04192134831460675 0.09395949720670388 0.03826966292134832
2 0.36360335195530724 0.041797752808988765 0.27965083798882684 0.04617977528089887
0 0.4729608938547486 0.11814606741573035 0.03809357541899438 0.03135955056179775
0 0.4139944134078212 0.11635955056179775 0.05824720670391067 0.029820224719101115
0 0.3458310055865922 0.1162247191011236 0.04729748603351957 0.02752808988764045
0 0.29877094972067036 0.1183932584269663 0.030949720670391097 0.035955056179775284
0 0.25568435754189944 0.11724719101123594 0.02571229050279333 0.025483146067415738
0 0.20902234636871508 0.11814606741573035 0.04221368715083802 0.03135955056179775
0 0.14871508379888268 0.11648314606741574 0.04221368715083798 0.03212359550561798
0 0.08554469273743016 0.11750561797752809 0.04317039106145251 0.03007865168539327
0 0.08594273743016759 0.917561797752809 0.023645251396648054 0.03674157303370792
0 0.05562849162011173 0.9188426966292135 0.027458100558659212 0.039292134831460705