0 0.03477443609022556 0.04338394793926247 0.03383458646616541 0.04609544468546638
0 0.07002255639097744 0.019663774403470714 0.02537593984962406 0.028470715835141
0 0.7081804511278196 0.3775813449023861 0.05545112781954887 0.03931670281995662
0 0.7871278195488722 0.3748698481561822 0.05545112781954887 0.04202819956616052
0 0.8613759398496241 0.38503253796095444 0.05357142857142857 0.02982646420824295
0 0.9365639097744362 0.3830043383947939 0.040413533834586464 0.02304772234273319
0 0.7828947368421053 0.323351409978308 0.04887218045112782 0.01762472885032538
0 0.8322406015037594 0.3213123644251627 0.03101503759398496 0.021691973969631236
0 0.8782932330827069 0.3158893709327549 0.044172932330827065 0.021691973969631236
0 0.9370300751879699 0.26912147505422995 0.05075187969924812 0.031182212581344904
0 0.9008496240601505 0.03253796095444685 0.03101503759398496 0.04880694143167028
0 0.9365639097744362 0.027114967462039046 0.017857142857142856 0.04067245119305857
0 0.9727443609022557 0.025759219088937094 0.02443609022556391 0.03524945770065076
3 0.9083684210526317 0.15455531453362256 0.17575187969924813 0.05422993492407809
3 0.8336466165413534 0.5660303687635575 0.3176691729323308 0.24810195227765727
3 0.8336466165413534 0.9090347071583514 0.31390977443609025 0.17760303687635576
0 0.27772932330827066 0.1735357917570499 0.02725563909774436 0.0596529284164859
0 0.3176691729323308 0.17421908893709326 0.02443609022556391 0.06100867678958785
0 0.3623157894736842 0.17082429501084598 0.03477443609022556 0.0596529284164859
0 0.3994360902255639 0.17557483731019521 0.020676691729323307 0.06100867678958785
0 0.4351503759398496 0.17218004338394793 0.03759398496240601 0.0650759219088937
0 0.479796992481203 0.17693058568329717 0.02725563909774436 0.06372017353579176
0 0.5244360902255639 0.18031453362255964 0.03195488721804511 0.0596529284164859
0 0.567203007518797 0.17082429501084598 0.02725563909774436 0.06778741865509762
0 0.5991578947368421 0.17015184381778742 0.03101503759398496 0.06372017353579176
0 0.6343984962406015 0.1735357917570499 0.03195488721804511 0.06778741865509762
0 0.6757518796992481 0.16066160520607375 0.03383458646616541 0.04473969631236443
0 0.7443609022556391 0.0908351409978308 0.013157894736842105 0.02440347071583514
0 0.0953984962406015 0.5633188720173535 0.07048872180451128 0.031182212581344904
0 0.1903233082706767 0.5599240780911063 0.05733082706766917 0.04067245119305857
0 0.29182706766917293 0.5660303687635575 0.07424812030075188 0.03389370932754881
0 0.3839323308270677 0.565347071583514 0.06109022556390977 0.03796095444685466
0 0.48214285714285715 0.5606073752711497 0.06954887218045112 0.028470715835141
0 0.575187969924812 0.5578958785249457 0.046992481203007516 0.031182212581344904
0 0.08176691729323309 0.6189045553145336 0.05827067669172932 0.028470715835141
0 0.18233082706766918 0.6209327548806941 0.04887218045112782 0.04609544468546638
0 0.2946466165413534 0.6216160520607376 0.06672932330827068 0.036605206073752714
0 0.38957142857142857 0.6270390455531454 0.06109022556390977 0.028470715835141
0 0.49107518796992483 0.625 0.05545112781954887 0.02982646420824295
0 0.5888195488721805 0.6277114967462039 0.05921052631578947 0.02440347071583514
0 0.5827067669172933 0.6853362255965293 0.05639097744360902 0.031182212581344904
0 0.4854360902255639 0.6900759219088937 0.06109022556390977 0.03796095444685466
0 0.3825187969924812 0.6927874186550976 0.07330827067669173 0.03253796095444685
0 0.27866917293233084 0.684652928416486 0.07048872180451128 0.02982646420824295
0 0.18609022556390978 0.6860086767895879 0.06954887218045112 0.03524945770065076
0 0.0916390977443609 0.6853362255965293 0.05169172932330827 0.031182212581344904
0 0.09069924812030075 0.7354989154013015 0.05733082706766917 0.036605206073752714
0 0.19360902255639098 0.7422776572668113 0.07142857142857142 0.031182212581344904
0 0.29135338345864664 0.7436334056399132 0.08082706766917293 0.028470715835141
0 0.38533834586466165 0.7402386117136659 0.06954887218045112 0.01898047722342733
0 0.49624060150375937 0.7477006507592191 0.05639097744360902 0.028470715835141
0 0.5906992481203007 0.7436334056399132 0.07048872180451128 0.02304772234273319
0 0.2664511278195489 0.8209110629067246 0.02725563909774436 0.028470715835141
0 0.41776691729323306 0.8222668112798265 0.02537593984962406 0.025759219088937094
0 0.5949248120300752 0.8331127982646421 0.022556390977443608 0.025759219088937094
0 0.6226541353383459 0.8222668112798265 0.023496240601503758 0.025759219088937094
0 0.6033834586466166 0.9042841648590022 0.03195488721804511 0.027114967462039046
0 0.05216541353383458 0.9029284164859002 0.02537593984962406 0.013557483731019523
0 0.0991578947368421 0.9002169197396963 0.03101503759398496 0.03524945770065076
0 0.16071428571428573 0.9029284164859002 0.07142857142857142 0.021691973969631236
0 0.09962406015037593 0.9564859002169197 0.11466165413533834 0.04202819956616052
0 0.18750375939849623 0.94970715835141 0.02913533834586466 0.020336225596529284
0 0.22086466165413535 0.948351409978308 0.02443609022556391 0.014913232104121476
0 0.25329323308270674 0.94970715835141 0.02725563909774436 0.020336225596529284
0 0.2899473684210526 0.9456399132321042 0.03853383458646616 0.01762472885032538
0 0.3233082706766917 0.9537744034707158 0.022556390977443608 0.020336225596529284
0 0.3679548872180451 0.9469956616052061 0.044172932330827065 0.025759219088937094
0 0.40977443609022557 0.9524186550976139 0.03383458646616541 0.01762472885032538
0 0.4567669172932331 0.9503796095444685 0.041353383458646614 0.016268980477223426
0 0.5032932330827068 0.9490238611713666 0.047932330827067667 0.010845986984815618
0 0.5469924812030075 0.9463123644251626 0.041353383458646614 0.016268980477223426
0 0.6057368421052631 0.9530911062906724 0.05545112781954887 0.013557483731019523
0 0.07002255639097744 0.42163774403470716 0.06672932330827068 0.03524945770065076
0 0.1475563909774436 0.4243492407809111 0.05639097744360902 0.02440347071583514
0 0.20676691729323307 0.4290997830802603 0.03195488721804511 0.02304772234273319
0 0.2749097744360902 0.4284164859002169 0.08552631578947369 0.02982646420824295
0 0.3449248120300752 0.4290997830802603 0.039473684210526314 0.02304772234273319
0 0.4107142857142857 0.427060737527115 0.07330827067669173 0.02440347071583514
0 0.5300751879699248 0.48468546637744037 0.05827067669172932 0.028470715835141
0 0.6024436090225563 0.4860412147505423 0.05827067669172932 0.020336225596529284
3 0.34116541353383456 0.3036876355748373 0.6296992481203008 0.15726681127982647
2 0.4793233082706767 0.09016268980477223 0.4699248120300752 0.047451193058568326