0 0.17364385820280295 0.15442890442890442 0.05873866446826051 0.03787878787878788
0 0.24784006595218466 0.16462703962703962 0.06079967023907667 0.043706293706293704
0 0.31379225061830174 0.1587995337995338 0.04843363561417972 0.043706293706293704
0 0.377164056059357 0.16536130536130536 0.06389117889530091 0.036421911421911424
0 0.4544517724649629 0.17118881118881119 0.05152514427040396 0.02768065268065268
0 0.5080379225061831 0.168997668997669 0.055647155812036275 0.026223776223776224
0 0.572959604286892 0.15953379953379954 0.06389117889530091 0.02768065268065268
0 0.8110057708161583 0.16171328671328672 0.043281121187139324 0.023310023310023312
0 0.8702638087386646 0.15807692307692306 0.03400659521846661 0.01893939393939394
0 0.9274525968672712 0.16536130536130536 0.04534212695795548 0.01893939393939394
1 0.9078730420445177 0.20469696969696968 0.05976916735366859 0.016025641025641024
0 0.044311624072547406 0.4363403263403263 0.05976916735366859 0.16171328671328672
0 0.03812860676009893 0.616993006993007 0.043281121187139324 0.1354895104895105
0 0.05410552349546578 0.9207459207459208 0.06286067600989283 0.10780885780885781
0 0.17570486397361912 0.8194988344988345 0.09171475680131905 0.03350815850815851
0 0.13757625721352018 0.9375058275058274 0.104080791426216 0.09761072261072261
0 0.22980214344600164 0.9243939393939394 0.05152514427040396 0.09178321678321678
0 0.30296784830997525 0.9265734265734266 0.07213520197856554 0.11072261072261072
0 0.37150041220115415 0.9309440559440559 0.044311624072547406 0.09906759906759907
0 0.4436356141797197 0.9302214452214452 0.0690436933223413 0.11217948717948718
0 0.5265869744435284 0.9309440559440559 0.06389117889530091 0.10198135198135198
0 0.6090272052761748 0.9236596736596736 0.08244023083264633 0.10780885780885781
0 0.7002308326463315 0.9273076923076923 0.07522671063478978 0.10926573426573427
0 0.7842126957955482 0.9287645687645688 0.06801319043693323 0.10343822843822843
0 0.8718054410552349 0.9309440559440559 0.0741962077493817 0.1048951048951049
0 0.9465210222588624 0.9316783216783217 0.050494641384995875 0.12383449883449883
0 0.7316570486397362 0.7044055944055944 0.12984336356141798 0.056818181818181816
0 0.8857213520197857 0.7131468531468531 0.11644682605111294 0.04516317016317016
0 0.7053833470733718 0.6585081585081585 0.08553173948887056 0.020396270396270396
0 0.781121187139324 0.659965034965035 0.039159109645507006 0.020396270396270396
0 0.8470733718054411 0.6563286713286713 0.0494641384995878 0.01893939393939394
0 0.9387881286067601 0.659965034965035 0.057708161582852434 0.023310023310023312
2 0.4281780708985985 0.26734265734265733 0.429719703215169 0.04516317016317016