0 0.3545134443021767 0.0804108108108108 0.04961587708066581 0.033783783783783786
0 0.40733034571062743 0.0804108108108108 0.04001280409731114 0.033783783783783786
0 0.45654929577464787 0.08581621621621621 0.03761203585147247 0.02027027027027027
0 0.5053649167733675 0.08513513513513514 0.03281049935979513 0.02972972972972973
0 0.5865877080665813 0.07972972972972973 0.10243277848911651 0.021621621621621623
0 0.7130281690140845 0.08378378378378379 0.08962868117797695 0.021621621621621623
0 0.8054609475032011 0.08581621621621621 0.061619718309859156 0.02027027027027027
0 0.5129641485275288 0.02972972972972973 0.04001280409731114 0.02702702702702703
0 0.5757874519846351 0.030410810810810807 0.056818181818181816 0.020270270270270268
0 0.6694174135723432 0.031081081081081083 0.09843149807938541 0.02702702702702703
0 0.7598463508322664 0.02972972972972973 0.0456145966709347 0.01891891891891892
0 0.8026568501920615 0.02972972972972973 0.019206145966709345 0.024324324324324326
0 0.9034891165172856 0.21621621621621623 0.08482714468629962 0.0918918918918919
0 0.905492957746479 0.31891891891891894 0.08562740076824583 0.08378378378378379
0 0.3373111395646607 0.8324324324324325 0.4105313700384123 0.05675675675675676
0 0.8198655569782332 0.8317621621621621 0.02640845070422535 0.033783783783783786
0 0.7302368758002562 0.977027027027027 0.0632202304737516 0.04054054054054054
0 0.7922535211267606 0.9756756756756757 0.04961587708066581 0.03513513513513514