0 0.2512410071942446 0.028283062645011594 0.06632194244604317 0.027552204176334104
0 0.33160971223021585 0.029733178654292338 0.07419064748201439 0.02465197215777262
0 0.4192895683453237 0.03480278422273782 0.03597122302158273 0.02320185614849188
0 0.45695143884892087 0.031902552204176336 0.023606115107913668 0.020301624129930394
0 0.5114658273381295 0.029733178654292338 0.06294964028776978 0.027552204176334104
0 0.5761061151079137 0.028283062645011594 0.05508093525179856 0.027552204176334104
0 0.639613309352518 0.03335266821345707 0.042715827338129495 0.02320185614849188
0 0.6935701438848921 0.03263341067285382 0.04946043165467626 0.027552204176334104
0 0.7565197841726619 0.029002320185614848 0.047212230215827336 0.02320185614849188
0 0.8352068345323741 0.026102088167053363 0.047212230215827336 0.020301624129930394
0 0.9116456834532374 0.027552204176334107 0.06070143884892086 0.020301624129930394
0 0.9712230215827338 0.03335266821345707 0.03597122302158273 0.029002320185614848
0 0.9408723021582733 0.25450116009280743 0.040467625899280574 0.024651972157772623
0 0.26922661870503595 0.872969837587007 0.14276079136690648 0.08410672853828306
0 0.4131115107913669 0.867169373549884 0.12702338129496402 0.08990719257540604
0 0.5367625899280576 0.8758700696055685 0.12927158273381295 0.060904872389791184
0 0.6772751798561151 0.8795011600928074 0.10004496402877698 0.05365429234338747
0 0.8048561151079137 0.8679002320185615 0.12365107913669064 0.06235498839907193
0 0.4350269784172662 0.9679582366589327 0.11241007194244604 0.030452436194895592
0 0.5384442446043165 0.9672273781902552 0.06070143884892086 0.026102088167053363
0 0.6311870503597122 0.966508120649652 0.11128597122302158 0.030452436194895592
0 0.6081384892086331 0.7968445475638051 0.09667266187050359 0.04205336426914153
1 0.8655575539568345 0.2523201856148492 0.08543165467625899 0.026102088167053363