0 0.3286892177589852 0.0908351409978308 0.03501585623678647 0.06778741865509762
0 0.3699788583509514 0.09016268980477223 0.03567653276955603 0.04473969631236443
0 0.409291754756871 0.08947939262472886 0.040301268498942916 0.04609544468546638
0 0.46181289640591966 0.0908351409978308 0.05153276955602537 0.04338394793926247
0 0.538784355179704 0.0881236442516269 0.05880021141649055 0.04880694143167028
0 0.5751215644820297 0.07592190889370933 0.028409090909090908 0.04067245119305857
0 0.6180655391120508 0.08745119305856833 0.040301268498942916 0.04202819956616052
0 0.666622621564482 0.08405639913232105 0.0554968287526427 0.04338394793926247
0 0.7267441860465116 0.07592190889370933 0.042283298097251586 0.03524945770065076
0 0.7696881606765328 0.08405639913232105 0.0330338266384778 0.02982646420824295
0 0.8007399577167019 0.08473969631236442 0.007928118393234672 0.01762472885032538
0 0.8146141649048626 0.08338394793926247 0.017177589852008457 0.025759219088937094
0 0.8420348837209303 0.09287418655097614 0.02973044397463002 0.05016268980477223
0 0.45223572938689216 0.7592190889370932 0.10240486257928118 0.05422993492407809
0 0.5467124735729387 0.7585466377440347 0.08258456659619451 0.03931670281995662
3 0.495507399577167 0.4894251626898048 0.2087737843551797 0.5612798264642083
3 0.5002642706131079 0.020065075921908895 0.9994714587737844 0.04013015184381779