0 0.9474775397373877 0.09002171552660151 0.0221147201105736 0.03604777415852333
0 0.9033379405666898 0.09152008686210641 0.04958534899792674 0.03034744842562431
0 0.8986731167933657 0.028545059717698152 0.12664132688320665 0.04773072747014114
0 0.07023496890117484 0.029359391965255156 0.11109191430545957 0.05153094462540716
0 0.4816033172080166 0.03125950054288817 0.09416033172080165 0.042301845819761125
3 0.49930891499654456 0.027861020629750266 0.9986178299930891 0.05571118349619979
2 0.51356599861783 0.0893485342019544 0.37577747062888733 0.045548317046688394
1 0.2872356599861783 0.09002171552660151 0.05442294402211472 0.03604777415852333
0 0.23609536973047685 0.09152008686210641 0.02816171389080857 0.03034744842562431
0 0.18590186592950933 0.09137893593919652 0.05390463026952315 0.0279044516829533
0 0.10859018659295093 0.09043431053203041 0.08413959917069799 0.032519001085776315
0 0.7549274360746373 0.09002171552660151 0.08794056668970283 0.046905537459283386
3 0.4892881824464409 0.5896742671009773 0.9371112646855563 0.06249728555917475
0 0.9076572218382862 0.4622584147665581 0.08241188666205944 0.026981541802388733
0 0.9292536281962682 0.5073072747014116 0.03921907394609537 0.03457111834962001
0 0.8064132688320664 0.4655157437567861 0.08033863165169315 0.03132464712269275
0 0.6918659295093297 0.4626601520086862 0.09657912923289573 0.03431053203040176