0 0.1510014005602241 0.06659267480577137 0.04639355742296919 0.038845726970033294
0 0.20439775910364144 0.06104328523862375 0.04989495798319328 0.041620421753607105
0 0.25822829131652664 0.06590455049944506 0.05952380952380952 0.04578246392896781
0 0.3089985994397759 0.06590455049944506 0.03676470588235294 0.029134295227524965
0 0.36764705882352944 0.06798002219755826 0.049019607843137254 0.04716981132075472
0 0.43549019607843137 0.06590455049944506 0.06214985994397759 0.043007769145394
0 0.49676470588235294 0.057580466148723634 0.053396358543417365 0.04578246392896781
0 0.5628501400560224 0.06104328523862375 0.07703081232492998 0.049944506104328525
0 0.6521358543417367 0.07352941176470588 0.09103641456582633 0.049944506104328525
0 0.7409873949579833 0.02358490566037736 0.04989495798319328 0.024972253052164262
0 0.8026960784313726 0.013185349611542734 0.05952380952380952 0.026359600443951164
0 0.8565336134453783 0.014572697003329636 0.044642857142857144 0.029134295227524972
0 0.9112394957983193 0.015260821309655937 0.04201680672268908 0.02774694783573807
0 0.966827731092437 0.011098779134295227 0.05514705882352941 0.022197558268590455
0 0.9519467787114847 0.07006659267480576 0.027135854341736695 0.03468368479467258
0 0.9812675070028011 0.062430632630410654 0.0350140056022409 0.041620421753607105
2 0.8687885154061625 0.06312985571587125 0.11817226890756302 0.04023307436182019
0 0.5453431372549019 0.6687014428412874 0.07352941176470588 0.041620421753607105
0 0.666141456582633 0.6811875693673696 0.1488095238095238 0.05271920088790233