3 0.5256935687263556 0.021041445270988307 0.7834174022698613 0.03928799149840595
0 0.1814312736443884 0.07030818278427205 0.019230769230769232 0.033687566418703505
0 0.16102143757881462 0.06977683315621679 0.014659520807061791 0.034750265674814027
0 0.1392686002522068 0.07083953241232731 0.021595208070617905 0.03262486716259298
0 0.9134615384615384 0.06725823591923485 0.020491803278688523 0.021211477151965988
0 0.8841424968474149 0.0697874601487779 0.03121059268600252 0.024133900106269934
0 0.7039722572509458 0.11042507970244421 0.033417402269861285 0.022529224229543027
0 0.6616519546027744 0.11148777895855473 0.03861916771752837 0.031020191285866097
0 0.6193253467843631 0.11148777895855473 0.037515762925598994 0.020403825717321987
0 0.8973076923076924 0.1832093517534538 0.04019546027742749 0.03631243358129651
0 0.8601828499369483 0.1838682252922423 0.02112232030264817 0.03764080765143466
0 0.8313366960907944 0.1857279489904357 0.023329129886506934 0.028607863974495235
0 0.7977616645649432 0.18453772582359193 0.034993694829760405 0.028342189160467605
0 0.7596973518284994 0.18453772582359193 0.020334174022698614 0.028342189160467605
0 0.7202900378310215 0.1857279489904357 0.04240226986128626 0.028607863974495235
0 0.6763871374527112 0.18639744952178533 0.03184110970996217 0.029936238044633384
0 0.6411601513240858 0.18679064824654623 0.029161412358133743 0.026482465462274195
0 0.5933984867591425 0.18652497343251861 0.05658890290037831 0.03232731137088206
0 0.5430327868852459 0.1834750265674814 0.0362547288776797 0.030467587672688645
0 0.4980327868852459 0.18453772582359193 0.04555485498108449 0.028342189160467605
0 0.45334174022698615 0.18480340063761955 0.03026481715006305 0.03312433581296495
0 0.4187452711223203 0.18746014877789585 0.022540983606557378 0.027810839532412344
0 0.37105926860025223 0.1824123273113709 0.05485498108448928 0.03259298618490969
0 0.3273203026481715 0.1881190223166844 0.022540983606557378 0.029139213602550496
0 0.2957124842370744 0.18453772582359193 0.02395964691046658 0.028342189160467605
0 0.26316519546027745 0.1861317747077577 0.023486759142496847 0.025154091392136042
0 0.2343190416141236 0.1850690754516472 0.02569356872635561 0.027279489904357083
0 0.20097730138713746 0.18719447396386824 0.026796973518284993 0.03365568544102021
0 0.1715825977301387 0.1850690754516472 0.02632408575031526 0.027279489904357083
0 0.14021437578814627 0.1854729011689692 0.023486759142496847 0.023836344314558985
0 0.9108638083228248 0.7636238044633369 0.010561160151324085 0.028182784272050992
0 0.878234552332913 0.7629649309245484 0.017812105926860024 0.02685441020191284
3 0.4259142496847415 0.7791604675876728 0.5870113493064313 0.0635069075451647
3 0.06612862547288777 0.699702444208289 0.05816519546027743 0.5783315621679065