0 0.016423480083857443 0.148426517571885 0.0300503144654088 0.025295527156549532
0 0.04716981132075472 0.15242012779552716 0.02864989517819706 0.027955271565495207
0 0.07477148846960169 0.14510383386581469 0.015375262054507344 0.02662140575079871
0 0.10482180293501048 0.15242012779552716 0.029350104821802937 0.022627795527156536
0 0.14255765199161424 0.15309105431309902 0.033542976939203356 0.02130191693290736
0 0.18937945492662475 0.15309105431309902 0.047517819706498966 0.018634185303514364
0 0.23375262054507337 0.14976038338658146 0.027253668763102725 0.022627795527156536
0 0.2662473794549266 0.15109424920127795 0.030746331236897243 0.025295527156549532
0 0.2948972746331237 0.15508785942492012 0.018167714884695985 0.011980830670926517
0 0.3259958071278826 0.15242012779552716 0.030050314465408835 0.022627795527156536
0 0.3567421383647799 0.15242012779552716 0.018867924528301886 0.019968051118210862
0 0.38504402515723274 0.15375399361022365 0.030746331236897243 0.025295527156549532
0 0.4217316561844863 0.15309105431309902 0.018867924528301838 0.023961661341853034
0 0.4587714884696017 0.1570846645367412 0.024457023060796616 0.023961661341853034
0 0.49336268343815515 0.1590814696485623 0.033542976939203356 0.017308306709265187
0 0.9185870020964361 0.04259584664536741 0.027253668763102725 0.023961661341853034
0 0.9549266247379455 0.039936102236421724 0.025857442348008415 0.01597444089456869
0 0.9849769392033543 0.039936102236421724 0.028649895178197035 0.018634185303514374
0 0.032146750524109015 0.4353035143769968 0.041928721174004195 0.026621405750798664
0 0.07547169811320754 0.43730031948881787 0.03773584905660377 0.02262779552715649
0 0.025157232704402517 0.4752396166134185 0.04332494758909852 0.029289137380191753
0 0.07197903563941299 0.47590255591054315 0.033542976939203356 0.017308306709265232
0 0.02690566037735849 0.5111821086261981 0.03284276729559749 0.01597444089456869
0 0.0660377358490566 0.5118450479233227 0.02585744234800839 0.019968051118210862
0 0.028649895178197063 0.5424680511182108 0.03074633123689728 0.014640575079872147
0 0.06533752620545073 0.5437939297124601 0.02585744234800839 0.02262779552715649
0 0.02410901467505241 0.579073482428115 0.03005031446540881 0.021301916932907405
0 0.0660377358490566 0.579073482428115 0.02864989517819706 0.01597444089456869
0 0.02131236897274633 0.6130191693290735 0.024457023060796647 0.019968051118210862
0 0.06533752620545073 0.6156789137380192 0.02585744234800839 0.019968051118210862
0 0.024457023060796643 0.6536182108626198 0.029350104821802937 0.023961661341853034
0 0.06568972746331236 0.6549520766773163 0.026553459119496848 0.026621405750798664
0 0.02410901467505241 0.686238019169329 0.031446540880503145 0.02262779552715649
0 0.06743396226415095 0.6895607028753994 0.027253668763102725 0.01863418530351432
0 0.04507337526205451 0.7807507987220448 0.08036477987421382 0.035942492012779555
0 0.0440251572327044 0.8320047923322684 0.0768679245283019 0.0372763578274761
0 0.0440251572327044 0.8746006389776357 0.0768679245283019 0.03460862619808301
0 0.04437316561844864 0.9118769968051119 0.07477148846960169 0.029289137380191753
0 0.13137526205450734 0.9151996805111821 0.018167714884696033 0.017308306709265232
0 0.31341719077568136 0.9165335463258786 0.023060796645702306 0.019968051118210862
0 0.4979035639412998 0.9178674121405751 0.03284276729559745 0.019968051118210862
0 0.6750524109014675 0.9125399361022364 0.030746331236897243 0.014640575079872147
0 0.8535974842767295 0.9125399361022364 0.027253668763102725 0.011980830670926517
0 0.272188679245283 0.4146725239616613 0.28721174004192873 0.06256389776357826
0 0.5681341719077568 0.41333865814696485 0.2851153039832285 0.06523162939297125
2 0.5213123689727464 0.21099840255591057 0.33822641509433965 0.05457667731629394