0 0.3804065620542083 0.521551724137931 0.11412268188302425 0.04310344827586207
0 0.5183095577746076 0.5265775862068965 0.10699001426533523 0.03879310344827586
0 0.34950071326676174 0.2528706896551724 0.07132667617689016 0.02873275862068969
0 0.046718972895863055 0.3586206896551724 0.09343794579172611 0.02586206896551724
0 0.062410841654778886 0.3900862068965517 0.09866619115549219 0.024422413793103483
0 0.050520684736091295 0.4238534482758621 0.09153352353780314 0.02586206896551724
0 0.08559201141226819 0.4619224137931035 0.11888017118402279 0.03017241379310345
0 0.03268901569186876 0.5495689655172413 0.06300285306704709 0.021551724137931036
0 0.04695435092724679 0.5826120689655173 0.06300285306704709 0.018681034482758683
0 0.03982168330955777 0.6170948275862069 0.07251783166904421 0.015801724137930972
0 0.04160485021398003 0.7126465517241379 0.05468616262482168 0.017241379310344827
0 0.03982168330955777 0.7377844827586207 0.046362339514978604 0.018681034482758683
0 0.04695435092724679 0.8390775862068965 0.07251783166904421 0.02299137931034489
0 0.03566333808844508 0.861353448275862 0.04755349500713268 0.018681034482758683
0 0.060035663338088456 0.8943965517241379 0.08915834522111271 0.024422413793103386
0 0.03685449358059915 0.9202586206896551 0.04755349500713266 0.015801724137930972
0 0.5373252496433667 0.9525862068965517 0.24726818830242517 0.05459482758620683
0 0.21100570613409414 0.09626724137931035 0.06062767475035663 0.03735344827586208
0 0.2627175463623395 0.09267241379310345 0.03328815977175461 0.027301724137931048
0 0.3019472182596291 0.09769827586206896 0.019022824536376576 0.028732758620689667
0 0.3560413694721826 0.10273275862068966 0.06538516405135518 0.02442241379310346
0 0.42141940085592017 0.09698275862068965 0.036854493580599196 0.03017241379310345
0 0.48323823109843084 0.09698275862068965 0.04160485021397998 0.027301724137931048
0 0.5551569186875892 0.09554310344827587 0.07132667617689016 0.03592241379310344
0 0.6199500713266761 0.09842241379310344 0.03447218259629096 0.03304310344827587
0 0.6704707560627675 0.09769827586206896 0.040420827389443706 0.028732758620689667
0 0.7388231098430813 0.10560344827586207 0.06062767475035663 0.01580172413793102
0 0.7733024251069901 0.03735344827586207 0.03209700427960057 0.04885344827586206
0 0.8261982881597717 0.03879310344827586 0.03803851640513547 0.05172413793103448
0 0.8731597717546363 0.035198275862068966 0.027339514978601945 0.044543103448275854
0 0.09034950071326676 0.09985344827586205 0.10461483594864479 0.03879310344827585
2 0.3667403708987161 0.041663793103448275 0.3839728958630529 0.04023275862068965
2 0.6009272467902995 0.7579051724137931 0.5575392296718974 0.14224137931034483
1 0.4957203994293866 0.6508620689655172 0.3281027104136947 0.04597413793103442
1 0.32929386590584886 0.8735603448275864 0.22824536376604854 0.02873275862068969
3 0.45233238231098427 0.4712672413793103 0.25558487874465047 0.1321810344827586