0 0.1943859649122807 0.06601941747572816 0.04491228070175438 0.06990291262135923
0 0.3024561403508772 0.07766990291262135 0.1319298245614035 0.05436893203883495
0 0.4203508771929825 0.070873786407767 0.0968421052631579 0.07184466019417475
0 0.5052631578947369 0.070873786407767 0.047719298245614036 0.05242718446601942
0 0.584561403508772 0.07184466019417475 0.0687719298245614 0.05048543689320388
0 0.7228070175438597 0.06796116504854369 0.17684210526315788 0.05825242718446602
0 0.06456140350877193 0.23398058252427184 0.05894736842105263 0.08737864077669903
0 0.12842105263157894 0.23300970873786409 0.05333333333333334 0.08155339805825243
0 0.4845614035087719 0.9281553398058252 0.42736842105263156 0.1436893203883495
3 0.9214035087719298 0.7932038834951456 0.15719298245614036 0.41359223300970877
1 0.18421052631578946 0.7456310679611651 0.26035087719298244 0.05436893203883495
0 0.26035087719298244 0.5737864077669903 0.4112280701754386 0.10679611650485436
1 0.716842105263158 0.5533980582524272 0.4189473684210526 0.07766990291262135
2 0.25473684210526315 0.3941747572815534 0.41403508771929826 0.1087378640776699
2 0.7270175438596491 0.38155339805825245 0.4126315789473684 0.09902912621359224