0 0.13000526592943654 0.030139593908629442 0.049368088467614535 0.05710659898477157
0 0.18332280147446023 0.03093908629441624 0.03093733543970511 0.061865482233502536
1 0.2336756187467088 0.03093908629441624 0.04607688256977357 0.061865482233502536
0 0.3057556608741443 0.03887055837563451 0.04410215903106898 0.0491751269035533
0 0.38572933122696157 0.03807106598984772 0.09741969457609267 0.041243654822335024
0 0.4568193786203265 0.030139593908629442 0.02238020010531859 0.025380710659898477
0 0.6496840442338072 0.037284263959390856 0.06977356503422855 0.07455583756345177
0 0.7066245392311744 0.03093908629441624 0.020405476566614008 0.03331218274111675
0 0.7842969984202213 0.03807106598984772 0.026987888362295945 0.03807106598984772
0 0.8616377040547657 0.037284263959390856 0.08425487098472881 0.06821065989847716
0 0.9235123749341759 0.03489847715736041 0.018430753027909426 0.041243654822335024
0 0.9636650868878357 0.030139593908629442 0.030279094260136915 0.060279187817258884
0 0.2754765666140074 0.24826142131979695 0.04673512374934176 0.061865482233502536
0 0.3593996840442338 0.2506345177664975 0.09873617693522907 0.060279187817258884
0 0.4512269615587151 0.24428934010152284 0.06911532385466035 0.060279187817258884
0 0.5150763559768299 0.24508883248730964 0.03883622959452343 0.04282994923857868
0 0.5710268562401264 0.23953045685279187 0.055950500263296475 0.04758883248730964
0 0.6733807266982622 0.23715736040609137 0.1355976829910479 0.0491751269035533
0 0.17904160084254872 0.33946700507614214 0.03949447077409163 0.060279187817258884
0 0.22413375460768825 0.3378807106598985 0.04015271195365982 0.05710659898477157
0 0.23959978936282253 0.5552030456852792 0.146129541864139 0.09200507614213198
0 0.4077830437072143 0.5480710659898477 0.125724065297525 0.0840736040609137
0 0.5670774091627173 0.5686928934010153 0.09807793575566087 0.08724619289340102
0 0.213928383359663 0.6821065989847716 0.09741969457609267 0.03489847715736041
0 0.4973038441284887 0.7844289340101522 0.325829383886256 0.10945431472081218
2 0.49631384939441814 0.4354441624365482 0.6700895208004213 0.09041878172588833
4 0.8767772511848341 0.8010786802030457 0.0750394944707741 0.17766497461928935
3 0.8738177988414956 0.7273223350253807 0.21919431279620852 0.49333756345177665