0 0.17325493885230478 0.09565217391304348 0.2806491063029163 0.04058260869565219
0 0.4601787394167451 0.09854782608695652 0.2618344308560678 0.04927826086956521
0 0.7651269990592663 0.10362608695652174 0.2884948259642522 0.04202608695652175
0 0.9666039510818438 0.10434782608695652 0.054873000940733704 0.034782608695652174
0 0.6796801505174036 0.02536521739130435 0.1050517403574789 0.021739130434782608
0 0.876453433678269 0.02753913043478261 0.09720602069614293 0.02898260869565217
0 0.9658231420507997 0.03333043478260869 0.05957666980244584 0.03188695652173913
0 0.39981185324553153 0.14275652173913042 0.17246472248353714 0.01884347826086958
0 0.6310724365004704 0.14275652173913042 0.2085324553151459 0.04782608695652174
0 0.8701787394167451 0.1398521739130435 0.18187206020696137 0.02753913043478262
0 0.9234901222953905 0.20145217391304346 0.12542803386641585 0.0231913043478261
2 0.1277798682972719 0.4398521739130435 0.22420507996237063 0.033330434782608734
1 0.2147977422389464 0.29782608695652174 0.103480714957667 0.027539130434782573
1 0.06192850423330198 0.5384086956521739 0.09877704609595485 0.03333043478260863
1 0.09172154280338664 0.5746347826086957 0.17090310442144868 0.024634782608695588
1 0.06271872060206962 0.6036260869565218 0.07525870178739416 0.024634782608695588
1 0.0799623706491063 0.635504347826087 0.1348353715898401 0.0391304347826087
1 0.11445907808090311 0.6543478260869565 0.21323612417685794 0.021739130434782608
0 0.07525870178739416 0.7710173913043478 0.11916274694261525 0.05797391304347833
0 0.19285042333019756 0.7797130434782609 0.11602069614299154 0.06086956521739131
1 0.07761053621825023 0.9659391304347825 0.09877704609595485 0.03623478260869571
1 0.07055503292568203 0.9956521739130435 0.10661335841956725 0.008695652173913044
0 0.4876105362182503 0.30434782608695654 0.05016933207902162 0.014495652173913008
0 0.4821260583254939 0.5463739130434783 0.02979303857008468 0.028982608695652112
0 0.47585136406396983 0.7608695652173914 0.023518344308560625 0.028982608695652112
0 0.4782031984948259 0.8652173913043478 0.018814675446848488 0.020286956521739067
0 0.2916274694261524 0.8536260869565218 0.034496707431796766 0.031886956521739195
0 0.29633113828786456 0.6268086956521739 0.02194731890874886 0.030434782608695653
0 0.4797742238946378 0.6260869565217392 0.01881467544684854 0.02608695652173913
0 0.31201317027281283 0.3724608695652174 0.028222013170272814 0.023191304347826052
0 0.49388523047977423 0.3775391304347826 0.025089369708372545 0.02463478260869569
0 0.9195672624647225 0.4710173913043478 0.10190968955785507 0.02319130434782615