2 0.24366786140979688 0.17365384615384616 0.4548984468339307 0.09662393162393162
2 0.2412664277180406 0.3002350427350427 0.4535005973715652 0.09034188034188032
1 0.07599761051373954 0.41850427350427355 0.1263799283154122 0.06741452991452994
3 0.31550776583034645 0.4423717948717949 0.322078853046595 0.10292735042735046
0 0.2423536439665472 0.5703418803418804 0.45909199522102745 0.09942307692307686
0 0.1234647550776583 0.6761965811965811 0.0950298685782557 0.07914529914529907
0 0.22989247311827957 0.6815384615384615 0.07916367980884109 0.06846153846153838
0 0.3560215053763441 0.6843162393162393 0.12317801672640386 0.07401709401709398
0 0.192389486260454 0.8102136752136753 0.06731182795698921 0.09685897435897445
0 0.2945041816009558 0.8102136752136753 0.061612903225806474 0.09685897435897445
0 0.9767980884109917 0.04271367521367521 0.04029868578255677 0.08542735042735042
3 0.756594982078853 0.5264743589743589 0.4481362007168458 0.8114102564102564