2 0.5942299578059073 0.166514598540146 0.4570991561181434 0.03802007299270074
2 0.5924789029535864 0.2364689781021898 0.45358649789029537 0.025848540145985414
2 0.5924789029535864 0.3079379562043796 0.4570991561181434 0.034972627737226314
2 0.5880801687763713 0.3733302919708029 0.44831223628691985 0.03193430656934307
2 0.5854430379746836 0.4447992700729927 0.45358649789029537 0.03193430656934307
2 0.5327004219409283 0.5352828467153284 0.33755274261603374 0.03345802919708036
2 0.6548839662447258 0.8074817518248175 0.2760232067510549 0.03345802919708036
0 0.7735548523206751 0.531478102189781 0.11252109704641358 0.04105839416058394
0 0.770042194092827 0.604470802919708 0.09142405063291147 0.019771897810219045
0 0.35864978902953587 0.9451003649635036 0.29887130801687756 0.04105839416058394
0 0.6671940928270043 0.9473813868613138 0.2795358649789029 0.03345802919708036
1 0.39117088607594935 0.6637773722627737 0.04746835443037975 0.01672445255474446
1 0.4360021097046413 0.6622536496350365 0.02813291139240502 0.019771897810219045
1 0.49050632911392406 0.6645346715328467 0.03868143459915607 0.015209854014598607
1 0.5828059071729957 0.6630200729927007 0.1283438818565401 0.01824817518248175
0 0.7674050632911392 0.4835766423357664 0.10372362869198305 0.02737226277372263