3 0.7291875474563402 0.21869222096956034 0.43711465451784365 0.2522660653889515
3 0.2502277904328018 0.2193348365276212 0.4369476082004556 0.25355129650507324
0 0.4419514047076689 0.22498308906426157 0.036932422171602204 0.07830890642615555
0 0.06264236902050115 0.22370913190529876 0.03072133637053911 0.06550169109357387
0 0.9153075170842825 0.21807215332581736 0.034517843583902835 0.07677564825253666
0 0.5346165527714503 0.2202480270574972 0.03244495064540624 0.07498308906426154
0 0.9186712224753227 0.05462232243517475 0.07058466211085804 0.03481397970687711
0 0.44065299924069856 0.05538895152198421 0.0671298405466971 0.03839909808342728
0 0.8373880030372057 0.3912514092446449 0.1047532270311314 0.048038331454340485
0 0.6189217919514047 0.39010146561443065 0.0888762338648443 0.047779030439684324
0 0.3982915717539863 0.3893348365276212 0.05660592255125281 0.03394588500563699
0 0.2532498101746393 0.3874069898534386 0.06505694760820051 0.040349492671927806
0 0.10596051632498103 0.3890755355129651 0.10009111617312072 0.04983089064261561
0 0.2567805618830676 0.9231003382187147 0.13943811693242217 0.04993235625704618
0 0.7282384206529994 0.923618940248027 0.13667425968109348 0.038658399098083385