1 0.2065957446808511 0.06921926910299003 0.06938020351526367 0.024916943521594685
0 0.13914893617021273 0.4727242524916943 0.21507863089731727 0.06229235880398671
0 0.21700277520814065 0.5869269102990033 0.043940795559667 0.04430232558139528
2 0.13567992599444959 0.858936877076412 0.2143108233117484 0.0816777408637874
0 0.38429232192414436 0.303156146179402 0.22432932469935252 0.06921926910299006
0 0.6232654949121184 0.30453488372093024 0.19503237742830706 0.08305647840531562
0 0.8506753006475485 0.3080066445182724 0.2212488436632747 0.0678239202657807
0 0.9574468085106383 0.20901993355481724 0.032377428307123035 0.05813953488372091
0 0.8711100832562442 0.07129568106312292 0.08171137835337644 0.042906976744186046
0 0.9512765957446808 0.06714285714285714 0.033922294172062974 0.020764119601328904
0 0.7778260869565218 0.06921926910299003 0.05550416281221091 0.03599667774086379
0 0.6668177613320999 0.0643687707641196 0.10792784458834419 0.05676079734219269
0 0.48642923219241446 0.5993853820598006 0.02467160037002782 0.047059800664451895
0 0.4868177613320999 0.7571926910299003 0.016188714153561518 0.04152823920265781
0 0.3133672525439408 0.7558139534883721 0.022358926919518927 0.04430232558139528
0 0.8953931544865864 0.9191528239202659 0.07631822386679 0.04430232558139547
0 0.17383903792784458 0.20071428571428568 0.2782886216466235 0.07475083056478403
0 0.4733302497687327 0.20418604651162792 0.29139685476410737 0.07612956810631231
0 0.7712765957446809 0.20210963455149505 0.2705827937095282 0.07475083056478407