3 0.512066985645933 0.023924242424242424 0.959086124401914 0.04784848484848485
0 0.2659521531100479 0.06439393939393939 0.031267942583732014 0.02743181818181819
0 0.2999665071770335 0.06378030303030303 0.02363157894736847 0.027159090909090904
0 0.32627751196172244 0.06329545454545454 0.02363157894736847 0.027159090909090904
0 0.35774162679425836 0.06349242424242424 0.027923444976076506 0.027159090909090904
0 0.39478468899521535 0.06368939393939393 0.03307655502392339 0.027159090909090904
0 0.43569377990430624 0.06320454545454546 0.03307655502392339 0.027159090909090904
0 0.47123444976076556 0.06204545454545455 0.027497607655502406 0.027159090909090904
0 0.5022679425837321 0.06292424242424242 0.02749760765550235 0.027159090909090904
0 0.5444641148325359 0.06243939393939394 0.05067942583732061 0.027159090909090904
0 0.5928851674641149 0.06331818181818182 0.03651196172248801 0.027159090909090904
0 0.6704688995215311 0.061719696969696966 0.021358851674641088 0.020999999999999998
0 0.6964162679425837 0.061553030303030304 0.023770334928229588 0.01902272727272728
0 0.7255550239234451 0.063 0.024937799043062148 0.018439393939393943
0 0.7516124401913875 0.062219696969696967 0.02199521531100469 0.017681818181818184
0 0.7732344497607655 0.06210606060606061 0.015377990430621949 0.02043939393939393
0 0.7443588516746412 0.021681818181818184 0.08273684210526319 0.04065151515151515
0 0.7257942583732058 0.11818181818181818 0.031066985645932937 0.027780303030303044
0 0.7600191387559809 0.1178030303030303 0.030870813397129177 0.03086363636363637
1 0.5546698564593301 0.12018181818181817 0.040114832535885235 0.0330681818181818
0 0.2536602870813397 0.1710151515151515 0.017933014354066995 0.02732575757575757
0 0.30485645933014355 0.17182575757575758 0.047641148325358824 0.03150757575757578
0 0.3552870813397129 0.17305303030303032 0.03705741626794261 0.03139393939393939
0 0.3968133971291866 0.17560606060606063 0.03693301435406701 0.02628030303030303
0 0.4496650717703349 0.17284848484848483 0.045722488038277484 0.02715151515151513
0 0.5114832535885168 0.1734848484848485 0.049837320574162666 0.028431818181818162
0 0.567267942583732 0.1742651515151515 0.035425837320574145 0.02871969696969699
0 0.6164832535885167 0.17391666666666666 0.043411483253588526 0.030575757575757586
0 0.6733923444976077 0.17057575757575758 0.035282296650717596 0.0302878787878788
0 0.7435311004784689 0.1722348484848485 0.06492344497607658 0.04510606060606062
3 0.39113875598086123 0.24082575757575755 0.23608133971291864 0.07831818181818181
3 0.6378995215311005 0.24067424242424243 0.2403588516746411 0.08480303030303026
3 0.8348181818181818 0.4216893939393939 0.07786602870813386 0.27020454545454553
0 0.8332535885167464 0.4792348484848485 0.0629856459330143 0.046136363636363704
0 0.8340669856459331 0.5273333333333333 0.06649282296650708 0.04296212121212124
3 0.5120622009569378 0.603310606060606 0.9551052631578948 0.652348484848485
0 0.48530622009569374 0.11984848484848484 0.08490909090909092 0.048227272727272716
3 0.31502392344497604 0.12007575757575757 0.1340526315789474 0.052999999999999985