0 0.012336934773909564 0.11598551890587287 0.01933973589435774 0.02011263073209976
0 0.04168467386954783 0.12067578439259855 0.030012004801920775 0.016090104585679808
0 0.06602641056422569 0.12067578439259855 0.012004801920768308 0.016090104585679808
0 0.09470588235294117 0.12604183427192275 0.033345338135254095 0.021456154465004037
0 0.13038415366146458 0.12000804505229283 0.03668267306922768 0.017433628318584082
0 0.17273709483793517 0.12268704746580852 0.04535014005602243 0.02011263073209976
0 0.21441776710684277 0.12067578439259855 0.026010404161664665 0.01876910699919548
0 0.24242897158863547 0.12134352373290427 0.03134453781512602 0.02011263073209976
0 0.275110044017607 0.12201930812550281 0.023341336534613816 0.01876910699919548
0 0.3064545818327331 0.12403057119871279 0.026010404161664665 0.02011263073209976
0 0.3338015206082433 0.12201930812550281 0.01800720288115246 0.013411102172164131
0 0.36014405762304924 0.12335478680611425 0.022677070828331362 0.016090104585679808
0 0.3951580632252901 0.1193322606596943 0.023341336534613816 0.016090104585679808
1 0.437843137254902 0.1850362027353178 0.040684273709483826 0.01876910699919548
1 0.4881952781112445 0.18704746580852777 0.03468187274909967 0.017433628318584082
1 0.5498879551820729 0.1850362027353178 0.06602641056422569 0.02413515687851971
1 0.7046138455382153 0.24671761866452133 0.05669067627050823 0.037546259050683796
1 0.7162865146058424 0.33654867256637166 0.028011204481792718 0.013411102172164086
1 0.540548219287715 0.3801287208366854 0.034013605442176874 0.017433628318584037
1 0.7156182472989195 0.42572003218020915 0.033345338135254074 0.01743362831858413
3 0.48952781112444976 0.9451568785197103 0.4014925970388155 0.10967819790828634
2 0.6099119647859144 0.687184231697506 0.23276110444177675 0.04156878519710384
2 0.6969467787114846 0.48203539823008845 0.05068827531012408 0.025478680611424033
0 0.865014005602241 0.016090104585679808 0.02934373749499797 0.021456154465004023
0 0.898359343737495 0.021456154465004023 0.022677070828331362 0.02413515687851971
0 0.935374149659864 0.02078037007240547 0.03801520608243297 0.02011263073209976
0 0.976390556222489 0.021456154465004023 0.02934373749499797 0.013411102172164121
0 0.9757222889155662 0.06301689460981497 0.017338935574229664 0.037546259050683824
0 0.6092436974789915 0.7300884955752213 0.22609043617446978 0.033523732904263935
0 0.6075750300120047 0.7642799678197908 0.22275710284113648 0.021456154465004082
0 0.6042416966786714 0.7884151246983105 0.2187555022008804 0.018769106999195435
0 0.6042416966786714 0.82864038616251 0.20808323329331732 0.029501206757843984
0 0.6079111644657863 0.8594770716009653 0.21141656662665062 0.016090104585679808