2 0.4598479087452471 0.2053072625698324 0.7818441064638784 0.055865921787709494
2 0.46460076045627374 0.2646703910614525 0.8056083650190115 0.05446927374301676
0 0.26140684410646386 0.1452513966480447 0.3897338403041825 0.05307262569832402
0 0.6701520912547528 0.14316201117318436 0.3897338403041825 0.051675977653631286
1 0.16754752851711024 0.32122905027932963 0.21625475285171103 0.030726256983240222
0 0.46935361216730037 0.39385474860335196 0.810361216730038 0.05865921787709497
0 0.2721102661596958 0.4546145251396648 0.14020912547528516 0.018156424581005588
0 0.4919201520912547 0.4553072625698324 0.1806083650190114 0.01675977653631285
0 0.6915399239543726 0.4553072625698324 0.13307984790874525 0.013966480446927373
0 0.22576045627376426 0.6005586592178771 0.0903041825095057 0.055865921787709494
0 0.3540874524714829 0.5991620111731844 0.07604562737642585 0.0446927374301676
0 0.4681558935361217 0.6033519553072626 0.07604562737642585 0.04189944134078212
0 0.5953041825095057 0.6040558659217877 0.09743346007604563 0.051675977653631286
0 0.728384030418251 0.6047486033519553 0.10693916349809886 0.04748603351955307
3 0.470532319391635 0.8289162011173185 0.8127376425855514 0.29748603351955305