0 0.05753138075313807 0.02493700787401575 0.11506276150627615 0.049866141732283466
0 0.05579497907949791 0.07939370078740157 0.11156903765690376 0.03543307086614173
0 0.07845188284518828 0.13714173228346455 0.11506276150627615 0.04068503937007875
0 0.06276150627615062 0.18635433070866142 0.12552301255230125 0.041992125984251956
0 0.07322175732217573 0.24474803149606297 0.1394769874476988 0.045929133858267746
0 0.3190376569037657 0.3195511811023622 0.14294979079497905 0.011811023622047244
0 0.5770502092050209 0.31496062992125984 0.11506276150627615 0.018370078740157513
0 0.8298535564853556 0.3175826771653543 0.10460251046025104 0.020999999999999967
0 0.5038284518828452 0.021653543307086614 0.31730125523012553 0.03281102362204725
0 0.9623430962343096 0.015748031496062992 0.06972803347280343 0.031496062992125984
0 0.5700836820083682 0.08661417322834646 0.8193933054393306 0.06037007874015749