3 0.922043085476025 0.2605355493998153 0.13687282835302295 0.49915050784856885
0 0.6361709520500348 0.4290212373037858 0.2567894371091035 0.0751246537396122
1 0.20776233495482976 0.6166020313942752 0.3122654621264767 0.049963065558633335
1 0.21059763724808897 0.6667313019390582 0.31545517720639327 0.04299168975069247
1 0.20873523280055595 0.7164265927977839 0.3103335649756775 0.04440443213296391
1 0.6052536483669215 0.616112650046168 0.30622654621264767 0.04342566943674974
1 0.6087908269631689 0.6671929824561404 0.3105211952744962 0.04206832871652811
0 0.20886031966643503 0.8715512465373961 0.2911188325225851 0.07183748845798703
0 0.6039263377345379 0.8706648199445983 0.2924391938846421 0.07192059095106196
0 0.9243641417651147 0.14979686057248384 0.11251563585823478 0.07015697137580795
0 0.9227519110493397 0.23372114496768237 0.11068797776233509 0.056860572483841194
0 0.9217095205003474 0.31706371191135735 0.1127727588603198 0.06826408125577106
0 0.9275260597637248 0.4020775623268698 0.10493398193189715 0.06454293628808862
0 0.9230646282140375 0.47235457063711905 0.11132036136205702 0.05167128347183747