0 0.013828409550789155 0.13812037037037037 0.018211250505868068 0.023148148148148147
0 0.04316875758802105 0.1373425925925926 0.028328611898017005 0.018518518518518517
0 0.06745042492917847 0.14043518518518516 0.014840145690004053 0.018518518518518517
0 0.09915014164305949 0.13965740740740742 0.03372318899231081 0.023148148148148147
0 0.13489680291380007 0.14583333333333334 0.033723188992310825 0.026231481481481467
0 0.1800890327802509 0.1412037037037037 0.052610279239174426 0.023148148148148147
0 0.2198826386078511 0.14275 0.024281667341157425 0.013888888888888888
0 0.2522581950627277 0.13965740740740742 0.03102792391744236 0.02006481481481483
0 0.2826102792391744 0.14428703703703705 0.018887090246863646 0.016972222222222208
0 0.3133023067583974 0.13812037037037037 0.02765277215702142 0.023148148148148147
0 0.3402792391744233 0.14043518518518516 0.016863617968433862 0.018518518518518517
0 0.36995953055443137 0.14043518518518516 0.03305139619587215 0.021601851851851837
0 0.405706191825172 0.14351851851851852 0.023605827600161847 0.018518518518518517
0 0.4394293808174828 0.13271296296296298 0.020910562525293434 0.02469444444444446
0 0.47146904087414004 0.1412037037037037 0.026980979360582788 0.023148148148148147
1 0.4755159854309996 0.2137314814814815 0.033723188992310776 0.026231481481481467
1 0.5244152165115338 0.21296296296296297 0.047887494941319275 0.02469444444444446
1 0.5338607851072441 0.5995370370370371 0.047887494941319275 0.016972222222222156
1 0.547349251315257 0.679787037037037 0.07352084176446785 0.023148148148148147
1 0.5409429380817483 0.7152777777777778 0.0687980574666127 0.026231481481481415
1 0.5426264670174018 0.7476851851851852 0.06947389720760828 0.023148148148148147
1 0.5537555645487656 0.8348796296296296 0.09307972480777013 0.021601851851851785
1 0.5517320922703358 0.8688240740740741 0.09038041278834477 0.015435185185185253
1 0.5476851477134763 0.894287037037037 0.08228652367462563 0.020064814814814882
1 0.553083771752327 0.9259259259259259 0.09307972480777013 0.021601851851851785
1 0.5588142452448401 0.9629629629629629 0.10994334277620399 0.021601851851851785
1 0.5513961958721165 0.9922870370370371 0.08700930797248077 0.0061759259259259935
0 0.7244030756778632 0.6859537037037038 0.017535410764872493 0.013888888888888888
0 0.7260906515580737 0.7175925925925926 0.018211250505868068 0.018518518518518517
0 0.7284500202347228 0.7507685185185186 0.024281667341157425 0.016972222222222156
0 0.7115864022662889 0.2816388888888889 0.05395791177660863 0.03549074074074078
0 0.8808862808579523 0.028546296296296295 0.03102792391744236 0.020064814814814817
0 0.9119101578308377 0.02160185185185185 0.025629299878591635 0.02160185185185185
0 0.9493443949817887 0.02237962962962963 0.03439902873330635 0.029324074074074075
0 0.9820598947794416 0.024694444444444446 0.020234722784297856 0.02160185185185185
0 0.9823957911776608 0.08025 0.019558883043302278 0.04012037037037038
0 0.7220437070012141 0.39351851851851855 0.014164305949008499 0.015435185185185147