0 0.9399165894346618 0.06162695152013147 0.09113067655236334 0.12325390304026294
0 0.943002780352178 0.1814543960558751 0.08186283595922143 0.10819227608874282
0 0.942233549582947 0.2738948233360723 0.08959221501390173 0.05203779786359905
0 0.9414550509731232 0.33483976992604764 0.07877664504170517 0.047929334428923616
0 0.943002780352178 0.39920295809367295 0.08495829471733093 0.06710764174198847
0 0.9522706209453198 0.5087674609695974 0.06642261353104734 0.058890714872637695
0 0.8008989805375347 0.4868529170090386 0.07259499536607963 0.023278553820870934
0 0.8047544022242817 0.5457436318816762 0.05560704355885079 0.01780608052588338
0 0.45025949953660793 0.6402382908792111 0.2239759036144578 0.031495480690221796
0 0.17068582020389247 0.9367296631059984 0.09422613531047268 0.016433853738701727
0 0.2795829471733086 0.9374116680361544 0.09886005560704354 0.01780608052588338
0 0.6495180722891567 0.9374116680361544 0.10039851714550503 0.023278553820870934