2 0.3023076923076923 0.3625066312997347 0.1825451092117759 0.038315649867373985
2 0.3028395061728395 0.4317771883289125 0.18359924026590696 0.038315649867373985
2 0.30494776828110165 0.4995623342175067 0.1899335232668566 0.04420424403183029
2 0.2980911680911681 0.5599734748010611 0.1825451092117759 0.04420424403183029
2 0.2442735042735043 0.7088063660477454 0.06858499525166195 0.041259946949601986
2 0.33132953466286796 0.7117639257294429 0.07808167141500477 0.04716180371352778
1 0.41151946818613483 0.7095490716180372 0.07808167141500477 0.027997347480105968
0 0.4315669515669516 0.35956233421750666 0.048537511870845214 0.03241379310344835
0 0.42840455840455843 0.4302917771883289 0.05276353276353271 0.038315649867373985
0 0.4843304843304843 0.7095490716180372 0.05698005698005698 0.027997347480105968
0 0.48169040835707505 0.9512201591511936 0.06647673314339982 0.03684350132625991
0 0.5529154795821463 0.9512201591511936 0.06542260208926885 0.033899204244031755
1 0.40782526115859447 0.7603846153846154 0.38514719848053186 0.029469496021220197
1 0.3012535612535613 0.8068037135278515 0.184653371320038 0.027997347480105968
1 0.29175688509021847 0.856180371352785 0.16777777777777775 0.029469496021220197