0 0.1959004975124378 0.11077336197636949 0.08582089552238806 0.03356605800214823
0 0.2904278606965174 0.11077336197636949 0.07587064676616916 0.03088077336197637
0 0.37998009950248757 0.11143931256713212 0.07835820895522388 0.02685284640171858
0 0.472636815920398 0.11345864661654134 0.07462686567164178 0.022824919441460794
0 0.549134328358209 0.11009667024704618 0.060945273631840796 0.024167561761546726
0 0.20149253731343283 0.06578947368421052 0.0945273631840796 0.0322234156820623
0 0.3053532338308458 0.061095596133190114 0.0708955223880597 0.030880773361976362
0 0.38308457711442784 0.06243823845327604 0.05721393034825871 0.03625134264232008
0 0.48134328358208955 0.06713211600429646 0.06218905472636816 0.02685284640171858
0 0.7319701492537314 0.01745435016111708 0.055970149253731345 0.021482277121374866
0 0.802865671641791 0.014103114930182603 0.06840796019900497 0.025510204081632654
0 0.8731343283582089 0.018131041890440385 0.04228855721393035 0.01745435016111708
0 0.9154228855721394 0.01745435016111708 0.03731343283582089 0.018796992481203006
0 0.972636815920398 0.014103114930182603 0.0472636815920398 0.020139634801288938
2 0.4216417910447761 0.40346938775510205 0.16666666666666666 0.020139634801288938
1 0.3706467661691542 0.44240601503759397 0.07213930348258707 0.020139634801288938
1 0.45211940298507464 0.4417293233082707 0.043532338308457715 0.018796992481203006
1 0.5230149253731343 0.44038668098818473 0.048507462686567165 0.021482277121374866
0 0.4869452736318408 0.7485284640171859 0.08084577114427861 0.022824919441460794
0 0.5572139303482587 0.7458431793770139 0.04477611940298507 0.02819548872180451
1 0.40858706467661693 0.6800537056928034 0.4539800995024876 0.020139634801288938
1 0.373134328358209 0.6538668098818474 0.3880597014925373 0.01342642320085929
1 0.3874427860696517 0.6270139634801289 0.4116915422885572 0.01611170784103115
1 0.39800995024875624 0.5994951664876477 0.43283582089552236 0.020139634801288938
1 0.43407960199004975 0.5746509129967776 0.5074626865671642 0.018796992481203006
1 0.43159203980099503 0.549140708915145 0.5049751243781094 0.021482277121374866