3 0.4942119323241318 0.843167701863354 0.5378450578806767 0.3136645962732919
0 0.6675422974176313 0.024316770186335403 0.031166518254674976 0.027484472049689436
0 0.7036331255565449 0.02611024844720497 0.030213713268032114 0.027135093167701865
0 0.7441852181656278 0.02486801242236025 0.038165627782724754 0.026855590062111804
0 0.27938557435440786 0.12328416149068322 0.08491540516473732 0.0351475155279503
0 0.37288512911843275 0.1256444099378882 0.08109528049866424 0.03320652173913042
0 0.4609795191451469 0.12051242236024845 0.08554764024933209 0.04069099378881989
0 0.883793410507569 0.8237577639751553 0.2288512911843277 0.35248447204968947
0 0.06949243098842386 0.24486024844720497 0.08046304541406944 0.027624223602484503
0 0.07394479073909173 0.20840062111801244 0.0747373107747106 0.031242236024844727
0 0.08586821015138024 0.1695885093167702 0.10813000890471951 0.025706521739130444
0 0.07585040071237757 0.12883540372670807 0.08491540516473732 0.024052795031055913
0 0.06233303650934995 0.09084627329192546 0.06614425645592165 0.027942546583850928
0 0.49278717720391807 0.5473369565217392 0.08554764024933209 0.026979813664596272
0 0.27096170970614425 0.5322282608695652 0.08396260017809436 0.021164596273291918
0 0.7223953695458593 0.5345807453416149 0.07854853072128232 0.01922360248447204
0 0.7174710596616207 0.16612577639751552 0.061059661620658894 0.018773291925465844