0 0.01266938775510204 0.0278862660944206 0.019444897959183673 0.024785407725321888
1 0.05951836734693877 0.028658798283261802 0.05774693877551021 0.026330472103004293
1 0.13300408163265307 0.02997854077253219 0.06245714285714285 0.02633047210300429
1 0.2162122448979592 0.028980686695278972 0.07955102040816328 0.02633047210300429
1 0.30383673469387756 0.030300429184549355 0.07012244897959181 0.02633047210300429
1 0.39853877551020406 0.026974248927038626 0.09722448979591838 0.026330472103004286
0 0.41660408163265306 0.21531115879828325 0.1591020408163265 0.06350858369098712
0 0.5777714285714286 0.21531115879828325 0.15379591836734702 0.054216738197424924
0 0.1929795918367347 0.4209442060085837 0.05951836734693879 0.03330472103004288
0 0.9678612244897961 0.11385193133047211 0.04066122448979587 0.04801502145922748
1 0.9516571428571429 0.41358369098712444 0.08013877551020414 0.044924892703862664
0 0.760734693877551 0.6684012875536481 0.06481632653061233 0.021684549356223215
0 0.8249632653061226 0.6668562231759656 0.0506775510204082 0.018583690987124396
0 0.8888979591836735 0.6676287553648069 0.05715918367346937 0.023240343347639573
0 0.9522448979591837 0.6680150214592275 0.04831836734693882 0.022457081545064445
0 0.9528326530612246 0.7098390557939914 0.06599999999999992 0.02555793991416302
0 0.8511836734693878 0.7644420600858369 0.27635918367346934 0.046469957081545006
0 0.47004081632653055 0.9335622317596567 0.014048979591836765 0.023551502145922797
0 0.5221061224489796 0.9326072961373391 0.01259591836734699 0.02291845493562221
0 0.4429224489795919 0.978755364806867 0.06925714285714284 0.03501072961373402
0 0.531069387755102 0.978755364806867 0.09928979591836744 0.03883047210300435