0 0.21503832396525294 0.02477291494632535 0.04513541134389373 0.04403798513625103
0 0.2835973428717425 0.024087530966143685 0.061318344404701075 0.037159372419488024
0 0.3508788962698007 0.026837324525185797 0.04769034236075622 0.03440957886044591
0 0.4202861522738886 0.02615194054500413 0.060464997445068946 0.03303055326176713
0 0.4862902401635156 0.02477291494632535 0.05109862033725089 0.027522708505367463
0 0.5616607051609607 0.025458298926507018 0.06387327542156362 0.03440957886044591
0 0.6429892692897291 0.02477291494632535 0.07323965252938167 0.03028075970272502
3 0.7145273377618804 0.3702146985962015 0.08175779253960143 0.4679355904211395
3 0.051951967296882985 0.5708753096614367 0.09027593254982115 0.8582411230388108
3 0.5838017373530915 0.863608587943848 0.15585079202861524 0.21882741535920727
3 0.7158048032703117 0.8250784475639967 0.08431272355646398 0.33718414533443436
3 0.9031681144609096 0.872559867877787 0.15755237608584566 0.20644095788604458
3 0.3836637710781809 0.11560693641618497 0.36876341338783847 0.06881090008257637
3 0.5880582524271845 0.3027828241123039 0.15244251405212056 0.21194880264244423
0 0.38962698007153806 0.36402146985962014 0.012774655084312723 0.02064409578860446
0 0.4096423096576392 0.36471511147811725 0.010219724067450179 0.0220231213872832
0 0.4236944302503832 0.3660858794384806 0.016182933060807394 0.019265070189925716
0 0.44583546244251404 0.3667795210569777 0.014476239141543142 0.01789430222956231
0 0.4624425140521206 0.36884393063583815 0.017031170158405686 0.016515276630883566
0 0.4811803781297905 0.3660858794384806 0.008518140010219761 0.019265070189925716