0 0.22115776600081533 0.22327883742052684 0.056392172849571945 0.04995458673932791
0 0.28672238075825524 0.22479564032697547 0.05435385242560128 0.05601271571298818
0 0.3713126783530371 0.23614895549500453 0.07949449653485528 0.06357856494096276
0 0.4443538524256013 0.23690281562216164 0.046200570729718685 0.04087193460490463
0 0.5129759478189971 0.23841961852861035 0.05571545046881373 0.028764759309718425
0 0.5826212800652263 0.22782016348773843 0.04416225030574803 0.028764759309718453
0 0.6532816958825928 0.22782016348773843 0.0591112922951488 0.03481380563124431
0 0.7993599673868732 0.21571298819255222 0.02106400326131271 0.025731153496821056
0 0.8350305748063596 0.22327883742052682 0.010872401141459468 0.028764759309718453
0 0.867986139421117 0.2217711171662125 0.026498165511618425 0.040871934604904604
0 0.8992376681614349 0.22782016348773843 0.023779046066041552 0.03481380563124431
0 0.9376273950264982 0.2293369663941871 0.020383204239706482 0.04087193460490463
0 0.9634447615165104 0.23160762942779292 0.016306563391765186 0.03330608537693005
0 0.7592743579290665 0.13851044504995458 0.04144720750101919 0.0196821071752952
0 0.798683245006115 0.14002724795640326 0.023779046066041552 0.016648501362397806
0 0.8228006522625356 0.13775658492279744 0.021740725642070902 0.021189827429609433
0 0.8581328984916429 0.13396911898274297 0.036689767631471665 0.028764759309718453
0 0.8917651854871586 0.14002724795640326 0.02242152466367713 0.016648501362397806
0 0.9413656746840604 0.14305177111716622 0.06998369343660826 0.046930063578564954
1 0.9094292702812882 0.03935513169845595 0.09172441907867916 0.030272479564032697
3 0.4908968609865471 0.6161035422343325 0.1596697920913168 0.3572479564032697
1 0.4925927435792906 0.3905540417801998 0.07745617611088464 0.024223433242506774
0 0.48783938035059116 0.3216802906448683 0.028536485935589075 0.03481380563124436
0 0.978055442315532 0.5328519527702089 0.0332939258051366 0.08780199818346963
0 0.974655523848349 0.6251861943687557 0.04416225030574803 0.07266121707538602
0 0.9794129637178964 0.7205540417801999 0.03465144720750102 0.09385104450499539