0 0.145285941223193 0.18480066445182725 0.032434471803018255 0.03460963455149503
0 0.19691421763304207 0.18272425249169436 0.05758538522637011 0.022151162790697686
0 0.2975258141382049 0.11420265780730897 0.049642573471008734 0.02630398671096347
0 0.3650397140587768 0.1079734219269103 0.0244916600476569 0.03045681063122925
0 0.39118347895154887 0.11143687707641195 0.014563145353455152 0.020764119601328904
0 0.41335583796664016 0.11558970099667773 0.0165488482922955 0.017998338870431906
0 0.4461199364575059 0.11143687707641195 0.03706513105639393 0.020764119601328904
0 0.48086973788721205 0.10382059800664452 0.028463065925337597 0.024916943521594685
0 0.5166123907863384 0.11004983388704319 0.029785544082605243 0.03460963455149503
0 0.5533478951548848 0.11004983388704319 0.038391580619539345 0.02630398671096347
0 0.5851191421763304 0.11004983388704319 0.023828435266084195 0.03183554817275746
0 0.6175536139793487 0.10936046511627906 0.02779984114376489 0.01937707641196012
0 0.659253375694996 0.11766611295681062 0.03177124702144559 0.016611295681063124
0 0.6797736298649723 0.05606312292358804 0.02647736298649725 0.034609634551495023
0 0.7082327243844321 0.05882890365448505 0.02779984114376489 0.05122093023255814
0 0.7270969023034154 0.05191029900332226 0.01919380460683079 0.031835548172757466
0 0.685397140587768 0.022840531561461794 0.017871326449563147 0.017998338870431896
0 0.7062470214455917 0.019377076411960133 0.010591739475774454 0.005539867109634553
0 0.7267672756155679 0.017998338870431896 0.01720810166799044 0.016611295681063124
2 0.44976171564733913 0.05467607973421927 0.2164416203335981 0.04291528239202658
0 0.26178316123907863 0.6589119601328904 0.0205202541699762 0.03876245847176086
0 0.732724384432089 0.6637624584717607 0.02117950754567114 0.020764119601328904
0 0.9620730738681493 0.5945431893687708 0.05096505162827638 0.029069767441860465
0 0.9633955520254169 0.986985049833887 0.04699364575059568 0.024916943521594685
0 0.9617434471803018 0.9496096345514949 0.041036536934074636 0.019377076411960074
0 0.9630659253375695 0.9205398671096345 0.03177124702144559 0.022151162790697735
0 0.6913542494042891 0.7987292358803987 0.05096505162827638 0.022151162790697735