0 0.028859882791688867 0.28207485760781126 0.04883857218966435 0.03525630593978848
0 0.026196057538625465 0.32546786004882017 0.04173148641449122 0.029837266069975558
0 0.024416622269579115 0.3647925142392189 0.03818327117741076 0.029837266069975558
0 0.023532232285562067 0.4048006509357201 0.03995737879595099 0.0176322213181448
0 0.02663825253063399 0.4387062652563059 0.0443953116675546 0.028478437754271765
0 0.02930207778369739 0.48752644426362896 0.056830047948854566 0.0339056143205859
0 0.035519445924347366 0.5214239218877136 0.05150239744272775 0.02305126118795763
0 0.017757059136920616 0.5465174938974776 0.023084709643047416 0.010846216436126873
0 0.030191795418220566 0.5743124491456469 0.04794885455514118 0.02305126118795763
0 0.620671283963772 0.6116110659072417 0.06037826318593496 0.03525630593978839
0 0.6180074587107086 0.6502603742880391 0.06215769845498139 0.031187957689178133
0 0.6188971763452318 0.8624898291293734 0.056830047948854594 0.029837266069975648
0 0.6175652637187001 0.8957119609438567 0.05238678742674477 0.02034174125305126
0 0.9674107618540223 0.3132628152969894 0.0488385721896644 0.09221318144833202
0 0.9722962173681406 0.4332790886899919 0.046174746936601 0.0691619202603743
0 0.16160362280234417 0.32410903173311634 0.09057005860415557 0.04068348250610252
0 0.2459616409163559 0.32207485760781124 0.06748534896110812 0.028478437754271765
0 0.33431006925945655 0.318006509357201 0.07369738945125195 0.028478437754271765
0 0.13585508790623335 0.3878519121236778 0.031965903036760786 0.03254678600488202
0 0.17403835908364412 0.38716842961757525 0.033740010655301036 0.03390561432058581
0 0.21310602024507191 0.38581773799837266 0.03906766116142783 0.023051261187957722
0 0.250841768779968 0.39259560618388933 0.02930207778369739 0.023051261187957722
0 0.28458710708577517 0.39056143205858423 0.022200319659030406 0.021700569568755053
0 0.3183271177410762 0.38513425549227015 0.025748534896110776 0.03254678600488202
0 0.3591742141715503 0.386493083807974 0.045285029302077784 0.027119609438567973
0 0.4044592434736281 0.3844589096826688 0.04705913692061797 0.028478437754271765
0 0.45196057538625467 0.38513425549227015 0.03729355354288759 0.024410089503661515
0 0.49990942994139587 0.3932709519934906 0.042621204049014386 0.029837266069975558
0 0.5571816728822588 0.3885272579332791 0.057714437932871565 0.031187957689178227
0 0.6149014384656367 0.3898860862489829 0.0381832711774108 0.025768917819365304
1 0.16426744805540755 0.45362082994304315 0.056830047948854545 0.0339056143205859
1 0.22553542887586572 0.45429617575264447 0.05860415556739478 0.027119609438567883
1 0.27792754395311664 0.45091131000813667 0.0497229621736814 0.02305126118795763
1 0.49458177943526904 0.4488771358828315 0.07814064997336179 0.03254678600488202
1 0.5713905167820991 0.4522620016273393 0.07014917421417159 0.02305126118795763
1 0.4714970697922216 0.5092188771358829 0.0355194459243474 0.017632221318144892
1 0.036851358550879065 0.1803661513425549 0.02930207778369739 0.027119609438567928
1 0.0816888652104422 0.17697314890154597 0.03729355354288759 0.014914564686737172
1 0.1340809802876931 0.17493897477624085 0.04262120404901437 0.018982912937347423
1 0.18202983484283433 0.1790073230268511 0.023084709643047437 0.013563873067534593
0 0.06748534896110815 0.11798209926769732 0.04617474693660095 0.027119609438567928
0 0.12297815663292488 0.12137510170870626 0.047059136920618 0.025768917819365352
0 0.16915290356952584 0.12272579332790888 0.036403835908364435 0.025768917819365352
0 0.20511454448588173 0.11934092758340113 0.03551944592434734 0.018982912937347423
0 0.2459616409163559 0.12069161920260375 0.030191795418220542 0.021700569568755098
0 0.2810335641981886 0.1166232709519935 0.031076185402237604 0.024410089503661515
0 0.32587639850825784 0.12069161920260375 0.033740010655300974 0.03254678600488202
0 0.3662759722962174 0.12001627339300244 0.045285029302077784 0.02034174125305126
0 0.4133351092168354 0.11527257933279088 0.06126798082045818 0.03254678600488202
0 0.5354288758657432 0.12205044751830757 0.046174746936601 0.018982912937347423
0 0.5767181672882259 0.12205044751830757 0.032855620671284 0.01627339300244101
0 0.6211134789557805 0.12272579332790888 0.0381832711774108 0.017632221318144847
0 0.6015823122003197 0.07323026851098453 0.025748534896110776 0.018982912937347423
0 0.6335482152370805 0.06305939788445891 0.027527970165157206 0.031187957689178186
2 0.27215237080447524 0.06034987794955248 0.29391049547149706 0.03661513425549227
0 0.5123441662226957 0.511253051261188 0.019536494405967008 0.024410089503661515
0 0.5527437400106553 0.5092188771358829 0.045285029302077784 0.0339056143205859
0 0.6157858284496537 0.5071847030105777 0.06304208843899836 0.027119609438567883