1 0.16787721123829347 0.14946991404011462 0.09157127991675339 0.04488538681948426
1 0.3003850156087409 0.15472779369627507 0.15400624349635797 0.04202005730659023
2 0.3333298647242456 0.41021489971346703 0.6527887617065558 0.04297994269340974
2 0.5227159209157127 0.33810888252148996 0.31425598335067634 0.05540114613180518
2 0.17793964620187305 0.3405014326647564 0.3211966701352758 0.0525358166189112
1 0.36386056191467225 0.6050573065902578 0.7041311134235171 0.10028653295128939
1 0.35865764828303853 0.6905444126074498 0.6937252861602496 0.06113180515759307
1 0.8484183142559834 0.6556876790830946 0.1803642039542143 0.03534383954154722
0 0.9562955254942768 0.6150859598853868 0.060353798126951096 0.02674785100286527
1 0.8751300728407908 0.8600716332378224 0.21713839750260153 0.08882521489971347
0 0.8189386056191468 0.9574928366762179 0.10752341311134228 0.08118911174785111
0 0.9344432882414152 0.9563037249283668 0.12486992715920915 0.08739255014326648