0 0.9353883495145632 0.07866425992779784 0.08421521035598717 0.04287605294825511
0 0.8305744336569578 0.07593261131167267 0.08789644012944983 0.03741275571600481
0 0.7224595469255664 0.08099879663056558 0.09966019417475733 0.030024067388688323
0 0.6085436893203883 0.08140794223826715 0.0906553398058252 0.03741275571600482
0 0.5106310679611651 0.07580024067388688 0.06583333333333342 0.04589651022864019
0 0.28483009708737866 0.23535499398315285 0.16585760517799353 0.03025270758122742
0 0.24952265372168286 0.279927797833935 0.09525080906148868 0.03407942238267147
0 0.24998381877022655 0.32669073405535504 0.08697411003236245 0.03351383874849582
0 0.9204045307443365 0.9627436823104693 0.06711974110032365 0.04098676293622135
0 0.7742152103559871 0.9626113116726834 0.06527508090614892 0.04947051744885668
0 0.6287702265372168 0.9620577617328521 0.06491100323624598 0.05056558363417567
0 0.4830501618122977 0.9626113116726834 0.06950647249190946 0.038531889290012014