0 0.9496156439649359 0.01886035313001605 0.02592043155765344 0.025056179775280896
0 0.9116857720836142 0.017479935794542538 0.0330815913688469 0.02029695024077046
1 0.9319150370869859 0.10687800963081862 0.04952124072825358 0.024534510433386832
0 0.8889278489548212 0.10850722311396468 0.022548887390424852 0.033812199036918136
0 0.8605866486850978 0.10500000000000001 0.026972353337828724 0.030802568218298552
0 0.8189683074848281 0.10662921348314608 0.041510451786918375 0.020016051364365968
0 0.7788267026298045 0.10763242375601927 0.026972353337828724 0.01800963081861958
0 0.7394268374915711 0.10963884430176567 0.04256237356709366 0.024028892455858746
0 0.6871679028995281 0.10951043338683787 0.037505057316250846 0.021773675762439805
0 0.6509238031018206 0.108884430176565 0.017275792312879224 0.020521669341894054
0 0.6036008091706001 0.1069422150882825 0.06129467296021584 0.02313804173354734
0 0.5501550910316925 0.10658908507223114 0.03434929197572492 0.023844301765650076
0 0.5025556304787593 0.10800160513643658 0.05018880647336484 0.021019261637239165
0 0.45488873904248145 0.10878812199036919 0.031834120026972376 0.021195826645264856
0 0.4161699258260283 0.10800160513643658 0.02398516520566415 0.021019261637239165
0 0.3685704652730951 0.11099518459069022 0.06351314902225223 0.02560192616372391
0 0.3191975724881996 0.10817817014446228 0.022501685772083616 0.02418940609951845
0 0.2870734996628456 0.10447833065810594 0.026351989211058694 0.021019261637239165
0 0.25161159811193523 0.10685393258426965 0.02502360080917061 0.028595505617977524
0 0.22008091706001348 0.11020064205457464 0.024133513149022227 0.01837881219903691
0 0.1889885367498314 0.11090690208667736 0.02709372892784892 0.01696629213483145
0 0.1563452461227242 0.10738362760834672 0.022501685772083616 0.024020866773675768
0 0.11732973701955496 0.10826645264847512 0.0259069453809845 0.03282504012841091
0 0.9280512474713418 0.5669261637239166 0.04841537424140269 0.02821829855537727
0 0.9425623735670937 0.9826966292134832 0.018213081591368994 0.01959069020866762
0 0.9219824679703303 0.9836677367576244 0.014066082265677767 0.015890850722311542
0 0.7952528658125421 0.9863964686998394 0.01672960215778823 0.022760834670947132
3 0.4255697909642616 0.5791894060995184 0.6246257585974376 0.05134028892455861
3 0.039750505731625085 0.4960674157303371 0.06025623735670936 0.43768860353130007
0 0.8534389750505732 0.4592375601926164 0.06499662845583269 0.021476725521669335