2 0.46648377125193197 0.04645128205128205 0.2988794435857805 0.05124102564102564
0 0.8575193199381763 0.11888205128205127 0.06858578052550232 0.0525025641025641
0 0.7876738794435858 0.11913846153846154 0.05757341576506955 0.057117948717948716
0 0.7351236476043277 0.12054358974358974 0.0312982998454405 0.05173333333333333
0 0.6799690880989181 0.12067692307692307 0.058539412673879444 0.05404102564102564
0 0.8032302936630603 0.18156923076923076 0.1319551777434312 0.039928205128205135
0 0.6392040185471406 0.18131282051282052 0.1420015455950541 0.037876923076923086
0 0.47333848531684697 0.18528205128205127 0.15224111282843894 0.037620512820512826
0 0.30187789799072645 0.1820820512820513 0.10877125193199381 0.04146666666666667
0 0.13051004636785163 0.1820820512820513 0.16402627511591963 0.031210256410256418
0 0.14876352395672335 0.11477948717948717 0.0285935085007728 0.04020512820512819
0 0.21367851622874806 0.11926153846153846 0.06568778979907264 0.03891282051282051
0 0.2850695517774343 0.11862564102564102 0.05583462132921175 0.027384615384615372
0 0.3498840803709428 0.1208 0.06375579598145285 0.035835897435897435
0 0.41016228748068007 0.11722051282051282 0.037480680061823805 0.0225128205128205
0 0.5392194744976816 0.11824615384615386 0.040571870170015456 0.03071794871794872
0 0.49469088098918085 0.1197846153846154 0.03071870170015456 0.027641025641025645
0 0.06375579598145285 0.12131282051282051 0.03632148377125193 0.045066666666666665
0 0.8308578052550233 0.5694564102564103 0.10027047913446677 0.05109743589743583
2 0.6734930448222566 0.5717641025641026 0.1893353941267388 0.05161025641025634
2 0.410741885625966 0.5717641025641026 0.3207109737248841 0.05161025641025634
2 0.14934312210200928 0.5717641025641026 0.19049459041731068 0.05161025641025634
0 0.08027820710973725 0.4872923076923077 0.05583462132921175 0.02829743589743593
0 0.1365919629057187 0.4879282051282052 0.054482225656877895 0.02957948717948721
0 0.7908655332302937 0.8229948717948717 0.20189335394126748 0.2976512820512821
0 0.5743817619783617 0.8255589743589743 0.2036321483771252 0.29252307692307694
0 0.35935085007727974 0.8235076923076923 0.20247295208655333 0.29662564102564104
0 0.14306800618238022 0.8267076923076923 0.20073415765069552 0.2927794871794872