1 0.17239177489177487 0.241956106870229 0.2149025974025974 0.03135496183206108
1 0.3741450216450216 0.2405916030534351 0.15151515151515152 0.02862595419847328
1 0.21335497835497835 0.36736641221374045 0.2875649350649351 0.025896946564885483
1 0.28679653679653677 0.4096278625954199 0.44681818181818184 0.02862595419847328
1 0.29838744588744587 0.449837786259542 0.46691558441558434 0.027261450381679438
1 0.2844805194805195 0.4920896946564886 0.4329004329004329 0.02999045801526718
1 0.1971212121212121 0.5738835877862595 0.10358225108225105 0.02453244274809164
1 0.18475108225108225 0.6093225190839695 0.08812770562770564 0.019083969465648856
1 0.3022619047619048 0.6045515267175573 0.06957792207792207 0.02862595419847328
1 0.41435064935064936 0.6086450381679389 0.05875541125541121 0.0231774809160305
1 0.5163852813852814 0.6093225190839695 0.08040043290043286 0.021812977099236547
0 0.5179329004329004 0.6958874045801526 0.4947402597402597 0.07770038167938938