0 0.11494252873563218 0.06399841646872526 0.07662835249042145 0.035629453681710214
0 0.2000830140485313 0.06730007917656373 0.07236909323116222 0.03695170229612035
0 0.3043869731800767 0.0613618368962787 0.10217113665389531 0.04091053048297705
0 0.4219859514687101 0.06532066508313539 0.09471902937420174 0.03826603325415676
0 0.5225606641123883 0.06664291369754553 0.07236909323116215 0.0303483768804434
0 0.6268646232439337 0.0659778305621536 0.06385696040868462 0.03167062549485352
0 0.7008301404853129 0.06466349960411719 0.05853767560664117 0.03167062549485352
0 0.7976819923371647 0.06532066508313539 0.06492337164750962 0.035629453681710214
0 0.7955491698595146 0.01979414093428345 0.07130906768837808 0.021116389548693586
0 0.8785632183908045 0.01583531274742676 0.06492337164750962 0.018471892319873316
0 0.9003831417624522 0.06201900237529691 0.029802043422733123 0.03167062549485352
0 0.8620689655172413 0.45856690419635787 0.05959770114942524 0.030348376880443333
0 0.280970625798212 0.8617022961203483 0.3874010217113666 0.13460015835312747
0 0.7125351213282247 0.865661124307205 0.39697956577266924 0.13196357878068096