0 0.32354903268845897 0.03965785381026438 0.05203468979319546 0.02021772939346812
0 0.3762508338892595 0.041990668740279936 0.02401601067378252 0.01866251944012442
0 0.41027351567711806 0.04121306376360809 0.028018679119412943 0.02021772939346812
0 0.44496330887258173 0.04432348367029549 0.025350233488992662 0.013996889580093312
0 0.48432288192128087 0.042768273716951785 0.02134756504336224 0.013996889580093312
0 0.5190126751167445 0.03732503888024884 0.02935290193462308 0.015552099533437015
0 0.5643762508338893 0.038880248833592534 0.03468979319546364 0.012441679626749611
0 0.7745163442294863 0.04510108864696734 0.0200133422281521 0.01866251944012442
0 0.8112074716477652 0.03965785381026438 0.018679119412941963 0.013996889580093312
0 0.8405603735823882 0.03654743390357698 0.0266844563042028 0.017107309486780714
2 0.9252835223482322 0.374805598755832 0.09472981987991995 0.4665629860031104
0 0.7505003335557038 0.6461897356143079 0.21747831887925284 0.04510108864696734