0 0.13356854838709678 0.3035137614678899 0.19657258064516128 0.04128440366972477
0 0.3242641129032258 0.3065779816513762 0.15793346774193545 0.04128440366972477
0 0.5300705645161291 0.3035137614678899 0.18984879032258062 0.0382293577981651
0 0.746804435483871 0.3012201834862385 0.17641129032258066 0.03975229357798169
0 0.7745262096774194 0.6865412844036698 0.07056451612903226 0.01834862385321101
0 0.7711693548387096 0.7285963302752293 0.05712701612903233 0.022935779816513763
0 0.7728528225806451 0.7721743119266055 0.05712701612903233 0.02446788990825695
0 0.7745262096774194 0.8119266055045872 0.0436794354838709 0.01834862385321101
1 0.16129032258064516 0.8990825688073395 0.24865927419354836 0.03669724770642202
1 0.16381048387096775 0.6322660550458715 0.2772177419354839 0.03211009174311927
1 0.31670362903225807 0.36009174311926606 0.09576612903225806 0.019880733944954092
1 0.42086693548387094 0.35626605504587155 0.08568548387096774 0.027522935779816515
1 0.19405241935483872 0.35091743119266056 0.13944556451612908 0.025990825688073434
1 0.07308467741935484 0.3524495412844037 0.08232862903225809 0.01681651376146793