0 0.011004401760704281 0.13672711571675303 0.022008803521408563 0.02303108808290157
0 0.04134853941576631 0.13601036269430053 0.0213405362144858 0.01582901554404144
0 0.068359343737495 0.13601036269430053 0.014005602240896359 0.01582901554404144
0 0.09637054821928771 0.135293609671848 0.03268107242897159 0.017271157167530225
0 0.13338535414165667 0.13888601036269432 0.030680272108843522 0.01582901554404144
0 0.1774029611844738 0.135293609671848 0.044017607042817125 0.025906735751295335
0 0.21741896758703483 0.13385146804835923 0.022677070828331362 0.020146804835923994
0 0.2501000400160064 0.135293609671848 0.01867547018807526 0.020146804835923994
0 0.2764425770308123 0.13888601036269432 0.022008803521408563 0.012953367875647668
0 0.30979191676670664 0.1410449050086356 0.026010404161664665 0.017271157167530225
0 0.33946778711484593 0.13888601036269432 0.01867547018807526 0.01582901554404144
0 0.3684793917567027 0.14032815198618306 0.028679471788715515 0.02158894645941278
0 0.4034933973589436 0.14177029360967183 0.03201280512204877 0.01582901554404144
0 0.43150460184073625 0.13672711571675303 0.01600640256102441 0.014395509499136455
0 0.469187675070028 0.13961139896373057 0.03668267306922772 0.020146804835923994
1 0.49819927971188477 0.2079706390328152 0.03601440576230492 0.02446459412780655
1 0.6132452981192477 0.7275474956822107 0.234093637454982 0.027348877374784173
0 0.6532613045218087 0.7707253886010362 0.04601840736294518 0.027348877374784173
0 0.5552220888355343 0.8981001727115717 0.11271308523409367 0.04030224525043184
0 0.672937174869948 0.8973834196891193 0.11737895158063222 0.038860103626943004
0 0.7142857142857143 0.46632124352331605 0.028011204481792718 0.020146804835923945
0 0.7112845138055222 0.37061312607944735 0.015338135254101612 0.024464594127806598
0 0.7052821128451381 0.2756217616580311 0.05268907563025213 0.03598445595854919
0 0.868015206082433 0.02950777202072539 0.02734293717486992 0.02158894645941278
0 0.8990276110444178 0.028065630397236616 0.020008003201280513 0.02734887737478411
0 0.937374949979992 0.028065630397236616 0.03801520608243297 0.024464594127806563
0 0.9717206882753101 0.02950777202072539 0.01867547018807526 0.02158894645941278
0 0.975390156062425 0.08348013816925734 0.015338135254101612 0.048937823834196884
1 0.7002801120448179 0.5152590673575129 0.05068827531012408 0.020146804835923945