3 0.32802901023890785 0.49662983425414364 0.3446501706484641 0.4588555643251775
3 0.6860494880546074 0.49873717442778215 0.34327645051194533 0.4612628255722177
0 0.32982081911262806 0.66991318074191 0.32852389078498295 0.036069455406472016
0 0.6892747440273038 0.6719810576164167 0.32607508532423213 0.0402131018153118
0 0.23341296928327646 0.7088161010260459 0.1219112627986348 0.02453827940015779
0 0.45300341296928326 0.7079005524861878 0.06245733788395908 0.026361483820047427
0 0.5886604095563139 0.7096053670086819 0.1189334470989762 0.027940015785319725
0 0.8093259385665529 0.7109707971586424 0.053737201365187726 0.02520126282557227
3 0.5019709897610921 0.018445146014206788 0.9960494880546075 0.036890292028413575
3 0.8656484641638225 0.06692186266771903 0.09623720136518768 0.038855564325177575
0 0.9312201365187714 0.05039463299131808 0.026433447098976125 0.01915548539857932
0 0.9623464163822525 0.05042620363062352 0.024436860068259278 0.017947908445146016
0 0.95320819112628 0.09183898973954223 0.03897610921501692 0.01730071033938436
0 0.9067320819112629 0.09417521704814522 0.04309726962457357 0.013764798737174426
0 0.8597525597269625 0.09311760063141279 0.04139931740614343 0.014167324388318855
0 0.8164931740614334 0.09387529597474349 0.03348976109215017 0.013796369376479866
0 0.8617064846416382 0.11718232044198895 0.027542662116040933 0.0275217048145225
0 0.8955887372013652 0.11838989739542226 0.026262798634812456 0.027411207576953447
0 0.9267576791808875 0.12019731649565903 0.029138225255972774 0.027237569060773473
0 0.960401023890785 0.12007103393843725 0.030802047781569888 0.02634569850039463
0 0.8724829351535835 0.17425414364640884 0.06686860068259376 0.03291239147592738
0 0.9449402730375427 0.17406471981057617 0.07166382252559708 0.03443567482241515
0 0.7536774744027304 0.17234411996842938 0.12455631399317407 0.02530386740331492
0 0.6416638225255973 0.17086819258089977 0.06662116040955625 0.034356748224151516
0 0.5657764505119455 0.17209944751381218 0.06931740614334472 0.03303867403314918
0 0.49463310580204783 0.17382794001578533 0.06100682593856655 0.030797158642462494
0 0.40716723549488054 0.17248618784530387 0.09182593856655291 0.04265982636148383
0 0.283660409556314 0.17112075769534332 0.1434556313993174 0.03941594317284925
0 0.17464163822525597 0.17176795580110496 0.06219283276450511 0.03490923441199686
0 0.0998037542662116 0.17568271507498026 0.06153583617747441 0.02881610102604577
0 0.042841296928327645 0.17391475927387529 0.02825085324232082 0.03349644830307814
0 0.052158703071672356 0.05211523283346488 0.03936860068259386 0.01816101026045777
0 0.10856655290102388 0.051846882399368584 0.04953924914675767 0.020434096290449875
0 0.16526450511945392 0.05188634569850039 0.03865187713310581 0.021499605367008682
0 0.21660409556313995 0.05192580899763221 0.04153583617747438 0.017790055248618777
0 0.2628327645051195 0.05304656669297553 0.03418941979522189 0.02129439621152328
0 0.3041296928327645 0.052462509865824784 0.027244027303754224 0.021381215469613263
0 0.3497184300341297 0.05267561168113654 0.046646757679180854 0.018650355169692184
0 0.4010409556313993 0.05145224940805051 0.03034982935153588 0.019368587213891075
0 0.44532423208191124 0.05045777426992896 0.03348122866894199 0.01864246250986582
0 0.5052559726962457 0.05112075769534333 0.07201365187713318 0.02249408050513023
0 0.5749061433447099 0.052186266771902134 0.05136518771331062 0.022091554853985795
0 0.504778156996587 0.10860299921073402 0.13558020477815708 0.05699289660615626
3 0.6868686006825938 0.8866298342541435 0.5645307167235496 0.22673243883188632