0 0.7547877358490567 0.30529042386185246 0.10206367924528305 0.05817896389324961
0 0.6391116352201258 0.30486656200941914 0.11216981132075476 0.0506122448979592
0 0.5362775157232704 0.30711145996860284 0.08198506289308183 0.0461302982731554
0 0.43520047169811327 0.3078100470957614 0.0988325471698113 0.04752747252747249
0 0.32590801886792453 0.30823390894819463 0.10627358490566034 0.043885400313971715
0 0.7377319182389936 0.4766954474097331 0.14516116352201255 0.08565934065934075
0 0.7361871069182391 0.5794113029827315 0.14488207547169818 0.09285714285714282
0 0.7370990566037736 0.6843799058084772 0.14530267295597488 0.0875039246467818
0 0.7370990566037736 0.7874018838304553 0.14530267295597488 0.08770800627943486
0 0.7386438679245283 0.8954395604395604 0.14558176100628936 0.09697017268445837
0 0.6172798742138365 0.4015698587127159 0.027798742138364703 0.019756671899529055
0 0.041415094339622635 0.4139010989010989 0.05643474842767295 0.028720565149136557
0 0.04008254716981132 0.37157770800627943 0.04674921383647799 0.029293563579277905
0 0.04295990566037736 0.33121664050235483 0.06233097484276729 0.03154631083202516
0 0.03523977987421384 0.29001569858712717 0.04408018867924528 0.041091051805337536
3 0.0488561320754717 0.915337519623234 0.0977122641509434 0.1636734693877551
3 0.5451926100628931 0.16837519623233907 0.8997366352201257 0.33675039246467814