0 0.6661720067453626 0.08200321802091715 0.02832630691399665 0.022582461786001602
0 0.632318718381113 0.07958970233306517 0.033376897133220944 0.01744971842316975
0 0.5590261382799325 0.08001609010458567 0.10662731871838114 0.01830249396621078
0 0.6534106239460371 0.13011263073209975 0.052424114671163535 0.0505470635559131
0 0.41368465430016865 0.12399839098954143 0.031327993254637414 0.02881737731295253
0 0.3812858347386172 0.1242558326629123 0.027057335581787547 0.026604987932421557
0 0.3443971332209106 0.12485116653258246 0.03248735244519391 0.02371681415929205
0 0.30959527824620575 0.12526950925181013 0.028747892074199012 0.02456958970233308
1 0.26602866779089374 0.127135961383749 0.04040893760539625 0.03102172164119067
3 0.49795531197301857 0.38773129525341915 0.9959064080944351 0.45987127916331455
0 0.6013069139966273 0.12575221238938053 0.043145025295109676 0.033483507642799684
0 0.561070826306914 0.1275543041029767 0.03442664418212473 0.02156074014481095
0 0.5304932546374367 0.12575221238938053 0.024401349072512693 0.02239742558326627
0 0.49308600337268127 0.12436041834271924 0.04836846543001687 0.019621882542236513
3 0.2708389544688027 0.06338696701528561 0.06493254637436761 0.07506838294448914