0 0.9165304606240714 0.13449257425742575 0.13202823179791978 0.06825495049504951
0 0.1872882615156018 0.02245049504950495 0.06500742942050522 0.0449009900990099
0 0.11531203566121843 0.02428217821782178 0.06036404160475483 0.04379950495049505
0 0.04705794947994057 0.026311881188118814 0.06315007429420505 0.05262376237623763
0 0.235111441307578 0.2633910891089109 0.04612184249628532 0.04759900990099007
0 0.299888558692422 0.26133663366336635 0.07506686478454677 0.051720297029702995
0 0.3791381872213967 0.261200495049505 0.07259286775631499 0.04940594059405943
0 0.44684992570579496 0.26004950495049506 0.05479197622585438 0.04914603960396037
0 0.5199034175334324 0.26403465346534655 0.07708023774145617 0.04888613861386139
0 0.6045690936106983 0.261980198019802 0.08234769687964333 0.05301980198019806
0 0.6801040118870728 0.26262376237623763 0.06005943536404154 0.04398514851485151
0 0.772890044576523 0.26172029702970295 0.1171693907875186 0.048378712871287095
0 0.4774962852897474 0.9429579207920792 0.017028231797919815 0.02884900990099003
0 0.9710104011887073 0.94490099009901 0.018112927191679132 0.03271039603960404
1 0.7980460624071323 0.13320544554455446 0.07306092124814276 0.04506188118811881
1 0.8105794947994056 0.02235148514851485 0.13218424962852904 0.03993811881188119
0 0.5109286775631501 0.1335891089108911 0.0900817236255572 0.041707920792079196
1 0.3842421991084696 0.1351361386138614 0.08590638930163451 0.048923267326732654
1 0.2579420505200594 0.17316831683168316 0.04999257057949477 0.042475247524752464
1 0.06826151560178306 0.17316831683168316 0.046745913818722146 0.03215346534653466
0 0.6660921248142645 0.1366831683168317 0.1326448736998514 0.056138613861386154
0 0.16329123328380385 0.1589851485148515 0.026315007429420518 0.04504950495049504
0 0.19247399702823179 0.26274752475247526 0.02739970282317979 0.04631188118811883
0 0.9788261515601783 0.3301608910891089 0.02600297176820208 0.04294554455445547
0 0.9840861812778603 0.7072029702970296 0.030334323922733972 0.07506188118811892
0 0.5095393759286776 0.3283663366336634 0.022288261515601784 0.031076732673267344