0 0.08679262672811061 0.1551743264659271 0.08755760368663595 0.0224484944532488
0 0.17204608294930873 0.1531933438985737 0.07680184331797234 0.02113312202852616
0 0.24961290322580643 0.1531933438985737 0.07219354838709678 0.018486529318541983
0 0.3294930875576037 0.1531933438985737 0.05069124423963134 0.018486529318541983
0 0.3970783410138249 0.14857369255150554 0.06605529953917047 0.019809825673534072
0 0.5491520737327189 0.15253565768621236 0.06297695852534556 0.025095087163232978
0 0.6098341013824884 0.1512123613312203 0.03379723502304154 0.011885895404120444
0 0.6674377880184331 0.14725039619651348 0.041474654377880185 0.0224484944532488
0 0.7288755760368664 0.15253565768621236 0.05069124423963134 0.01717115689381935
0 0.8087557603686636 0.15385895404120442 0.09984331797235016 0.01717115689381935
0 0.6152073732718893 0.10499207606973059 0.03840552995391712 0.01452456418383517
0 0.6812626728110599 0.10829635499207606 0.07527188940092172 0.01584786053882726
0 0.7534562211981567 0.10829635499207606 0.03840552995391712 0.018486529318541983
0 0.8079907834101382 0.10961172741679874 0.04608294930875576 0.02113312202852616
0 0.880184331797235 0.10564976228209193 0.07066359447004615 0.01584786053882726
0 0.9539170506912442 0.10829635499207606 0.05836866359446998 0.01584786053882726
0 0.9285714285714286 0.22252773375594292 0.10905990783410131 0.06735340729001585
0 0.923963133640553 0.29120443740095087 0.11213824884792634 0.05414421553090336
0 0.0867926267281106 0.26875594294770205 0.13670967741935486 0.017171156893819303
0 0.0867926267281106 0.2964896988906498 0.13670967741935486 0.019809825673534072
0 0.0867926267281106 0.3262044374009509 0.13670967741935486 0.01584786053882726
0 0.08294930875576037 0.34667194928684625 0.1505345622119816 0.017171156893819303
0 0.08371428571428571 0.3829873217115689 0.1397880184331797 0.021133122028526116
0 0.0860184331797235 0.40874009508716325 0.13210138248847927 0.025095087163232978
0 0.08525345622119816 0.4384548335974644 0.13057142857142853 0.01848652931854194
0 0.08832258064516128 0.46024564183835187 0.13057142857142856 0.017171156893819393
0 0.08525345622119816 0.48864500792393023 0.12442396313364056 0.02377179080824089
0 0.08525345622119816 0.5203407290015848 0.1152073732718894 0.02377179080824089
0 0.0837142857142857 0.5520364500792393 0.1336405529953917 0.02377179080824089
0 0.08832258064516128 0.588351822503962 0.14900460829493087 0.025095087163233023
0 0.07834101382488479 0.6233518225039619 0.12596313364055295 0.026410459587955567
0 0.7849493087557603 0.8108795562599048 0.1382488479262673 0.01584786053882717
1 0.2242672811059908 0.8465372424722661 0.0829493087557604 0.01848652931854194
0 0.6274930875576037 0.3803486529318542 0.0967741935483871 0.013209191759112487
0 0.15207373271889402 0.013209191759112521 0.2857142857142857 0.02113312202852615