0 0.7985852568875651 0.25437499999999996 0.23454951600893523 0.037744565217391265
0 0.8047877885331347 0.29438405797101447 0.21469099032017866 0.024157608695652137
0 0.6999255398361877 0.3562771739130435 0.05212211466865227 0.015099637681159383
0 0.6304318689501116 0.0384963768115942 0.049642591213700724 0.016603260869565217
0 0.7098510796723753 0.03774456521739131 0.06701414743112435 0.018115942028985508
0 0.77066269545793 0.03170289855072464 0.024817572598659663 0.018115942028985508
0 0.8296128071481758 0.03698369565217391 0.031027550260610628 0.022644927536231884
0 0.8693224125093075 0.033967391304347824 0.018615040953090096 0.0196286231884058
0 0.9096574832464632 0.02717391304347826 0.022338049143708117 0.018115942028985508
0 0.5534847356664185 0.03321557971014493 0.07942665673864488 0.021132246376811593
0 0.3654728220402085 0.1539855072463768 0.05832464631422192 0.07850543478260871
0 0.4349739389426656 0.14945652173913043 0.0459195830230827 0.0754800724637681
0 0.5088086373790023 0.14719202898550723 0.054601638123603816 0.07095108695652172
0 0.586373790022338 0.14417572463768114 0.05832464631422184 0.07095108695652172
0 0.3487192851824274 0.3842119565217391 0.5907148175725987 0.06189311594202902
1 0.08438570364854803 0.2807971014492754 0.0570886075949367 0.018115942028985508
2 0.18428890543559195 0.23324275362318841 0.25440804169769177 0.03170289855072464
2 0.4616530156366344 0.23097826086956522 0.2705361131794489 0.04528985507246377
0 0.06825763216679077 0.5359329710144927 0.06701414743112435 0.03321557971014499
0 0.12224125093075204 0.5321557971014492 0.031027550260610586 0.025661231884057906
0 0.17746090841399853 0.5344202898550725 0.044676098287416255 0.030190217391304282
0 0.22896500372300818 0.5351721014492754 0.038473566641846584 0.025661231884057906
0 0.27674609084139984 0.5344202898550725 0.03970960536113183 0.021132246376811527
0 0.3505807892777364 0.5374365942028986 0.0608116157855547 0.030190217391304282
0 0.8786299329858526 0.8235235507246377 0.09431868950111695 0.022644927536231884
0 0.08687267311988088 0.8204981884057971 0.10424422933730454 0.03471920289855066