0 0.0322809667673716 0.03955188679245283 0.05700151057401812 0.05516509433962264
0 0.10487915407854986 0.03125 0.047364048338368575 0.05034198113207547
0 0.1846450151057402 0.03185141509433963 0.05772658610271904 0.05450471698113207
1 0.8144712990936556 0.029375000000000002 0.14856495468277942 0.04069575471698113
0 0.9498716012084593 0.02553066037735849 0.10025679758308141 0.05106132075471698
1 0.06334592145015105 0.17320754716981132 0.0549320241691843 0.04240566037735847
1 0.2626510574018127 0.1682547169811321 0.06645015105740183 0.044280660377358505
0 0.40149546827794563 0.13950471698113207 0.1251057401812689 0.07228773584905658
0 0.5291842900302115 0.1359551886792453 0.1236858006042296 0.07403301886792453
0 0.6824848942598187 0.1372995283018868 0.16027945619335351 0.07670990566037737
1 0.8106117824773413 0.13810141509433962 0.08420694864048331 0.07242924528301885
0 0.9258987915407856 0.13682783018867925 0.1316238670694864 0.06693396226415094
0 0.22343655589123865 0.2574882075471698 0.03333836858006041 0.06944575471698111
0 0.26848942598187314 0.2597641509433962 0.04791540785498494 0.06220518867924528
0 0.33524924471299095 0.25849056603773585 0.07569486404833839 0.056721698113207576
0 0.41496978851963745 0.2592334905660377 0.06898036253776434 0.05524764150943399
0 0.48705438066465256 0.26043632075471695 0.06208459214501514 0.06354952830188677
0 0.5577190332326284 0.26036556603773586 0.07691087613293046 0.06636792452830192
0 0.6437915407854985 0.2653891509433962 0.08666163141993959 0.061674528301886807
0 0.7512311178247734 0.26478773584905657 0.12404833836858006 0.05752358490566041
1 0.9890483383685801 0.4328066037735849 0.021895770392749078 0.04568396226415095
1 0.9885800604229608 0.6124882075471698 0.022839879154078386 0.04536556603773588
1 0.9904682779456194 0.7940448113207548 0.019063444108761166 0.0547051886792454
1 0.9890483383685801 0.967558962264151 0.021895770392749078 0.047948113207547265
0 0.5098262839879154 0.9710495283018868 0.16239425981873112 0.057900943396226305
1 0.5671978851963746 0.3733254716981132 0.1317447129909366 0.03873820754716984
1 0.5663368580060423 0.432747641509434 0.1300302114803626 0.048502358490566035
1 0.5650528700906344 0.5739622641509434 0.12745468277945618 0.042028301886792435
1 0.5654380664652567 0.6189858490566037 0.1301132930513595 0.03772405660377359
1 0.5682250755287009 0.725436320754717 0.12625377643504537 0.04721698113207543
1 0.570845921450151 0.7936438679245283 0.12959969788519632 0.04209905660377364