0 0.43375068343357026 0.03204849498327759 0.05285401858939315 0.036229096989966555
0 0.49389283761618374 0.030660535117056856 0.04373974849644614 0.04180602006688963
0 0.5563149261891744 0.026479933110367896 0.046473482777474026 0.04180602006688963
0 0.9176216511755056 0.03275083612040134 0.03280481137233461 0.020903010033444816
0 0.9549863313285949 0.029264214046822744 0.014581738655002773 0.030660535117056856
0 0.9850574084199016 0.030660535117056856 0.012755604155276067 0.022299331103678932
0 0.4929852378348824 0.1059113712374582 0.1293985784581739 0.04459030100334449
0 0.6433406232914162 0.10729933110367894 0.1129961727720066 0.04180602006688963
0 0.3376161837069437 0.10173076923076924 0.11755057408419901 0.039021739130434774
0 0.5266976489885185 0.19091137123745822 0.11117003827227996 0.016722408026755852
0 0.1289393110989612 0.30518394648829433 0.01366867140513942 0.01114548494983281
0 0.27155276107162385 0.3037876254180602 0.0182230727173319 0.01393812709030097
0 0.4155276107162384 0.3037876254180602 0.02186987424822307 0.016722408026755852
0 0.5585948605795517 0.3037876254180602 0.016402405686167368 0.01393812709030097
0 0.6975560415527611 0.30448996655518396 0.01184800437397489 0.01254180602006689
0 0.8442700929469656 0.30658026755852846 0.01913613996719519 0.019506688963210738
0 0.9841443411700382 0.3030936454849498 0.018223072717331836 0.020903010033444816
0 0.9855112083105522 0.6006103678929766 0.01366867140513942 0.02229933110367899
0 0.839710224166211 0.6020066889632107 0.01366867140513942 0.016722408026755852
0 0.6930016402405687 0.5964297658862877 0.015489338436303951 0.013938127090301065
0 0.4132476763258611 0.3943729096989967 0.01184800437397489 0.008361204013377926
0 0.12438490978676872 0.5978260869565217 0.01366867140513942 0.016722408026755852
0 0.26881902679059594 0.5950418060200668 0.014581738655002712 0.013938127090301065
0 0.12666484417714596 0.9085869565217392 0.014581738655002742 0.016722408026755852
0 0.2660852925095681 0.9078846153846153 0.016402405686167305 0.020903010033444816
0 0.41051394204483327 0.9064966555183948 0.01184800437397489 0.015326086956521679
0 0.5535811919081465 0.9085869565217392 0.01184800437397489 0.016722408026755852
0 0.6993821760524878 0.9064966555183948 0.02095680699835972 0.015326086956521679
0 0.8406232914160744 0.9099749163879598 0.01366867140513942 0.01950668896321064
0 0.9814106068890104 0.9044063545150502 0.010934937124111536 0.016722408026755852
0 0.9823236741388738 0.864690635451505 0.02186987424822307 0.01254180602006689
0 0.5048277747402952 0.6549581939799332 0.18042646254784028 0.03902173913043484
3 0.503920174958994 0.5288461538461539 0.21323127392017502 0.32469063545150495