0 0.8732963988919668 0.34113814074717635 0.12321329639889202 0.10166811468288443
0 0.8686795937211449 0.4407732406602954 0.09089566020313948 0.03811468288444831
0 0.7575900277008311 0.43981754995655953 0.08224376731301933 0.031876629018245055
0 0.6511172668513389 0.4391398783666377 0.08281625115420134 0.030521285838401385
0 0.5331024930747923 0.43981754995655953 0.09493074792243762 0.04273675065160735
0 0.4264819944598338 0.4411815812337098 0.0865650969529086 0.03458731537793228
0 0.3045706371191136 0.4391398783666377 0.08800554016620493 0.041372719374456995
0 0.21064635272391505 0.4399565595134665 0.07040627885503231 0.03431798436142485
0 0.10156971375807941 0.44294526498696785 0.09464450600184672 0.033770634231103394
0 0.5006371191135734 0.5619808861859253 0.06752539242843957 0.02641181581233718
0 0.08383194829178209 0.5603562119895743 0.06781163434903047 0.029669852302345864
0 0.5140535549399815 0.8348045178105995 0.02221606648199441 0.029044309296264174
0 0.4488457987072946 0.836837532580365 0.018753462603878068 0.022258905299739264
0 0.08022160664819944 0.2875325803649001 0.07502308402585411 0.027028670721112088
0 0.1526500461680517 0.04688097306689835 0.06406278855032317 0.027914856646394447
0 0.08570637119113572 0.049052997393570816 0.05713758079409049 0.023570807993049524
0 0.896814404432133 0.9254648132059079 0.08079409048938135 0.08657688966116428
0 0.8101108033240998 0.927367506516073 0.06031394275161582 0.0773414422241529
0 0.726426592797784 0.9298088618592528 0.06608494921514306 0.07788879235447445
0 0.6377008310249307 0.9280451781059949 0.07040627885503231 0.07869678540399647
0 0.5473868882733149 0.925742832319722 0.05713758079409059 0.06973935708079929
0 0.4689012003693444 0.9285925282363162 0.07329639889196675 0.07761077324066024
0 0.376269621421976 0.9277758470894873 0.055401662049861494 0.07381407471763687
0 0.29085872576177285 0.9279061685490877 0.05771006463527239 0.09797567332754126
0 0.08281625115420128 0.9376889661164205 0.08599261311172668 0.024135534317984535
0 0.9184579870729456 0.012119895742832319 0.0259741458910435 0.02423110338835795
0 0.871191135734072 0.00999131190269331 0.06371191135734072 0.01998262380538662
0 0.783471837488458 0.00999131190269331 0.0840258541089566 0.01998262380538662
0 0.7146352723915051 0.012510860121633362 0.03689750692520779 0.025021720243266724
0 0.6612096029547554 0.012510860121633362 0.057783933518005474 0.025021720243266724
0 0.6071098799630655 0.010425716768027803 0.04339796860572484 0.020851433536055605
0 0.5454478301015697 0.011485664639443963 0.057377654662973315 0.01944396177237185
0 0.4704432132963989 0.012510860121633362 0.06143120960295473 0.025021720243266724
0 0.40951061865189287 0.014335360556038228 0.04524469067405355 0.028670721112076455
0 0.355595567867036 0.011555169417897481 0.052714681440443244 0.023110338835794962