0 0.0553422619047619 0.05231277533039647 0.026971726190476192 0.04129955947136564
0 0.859375 0.05300660792951541 0.02976190476190476 0.042676211453744485
0 0.9193675595238096 0.0454295154185022 0.03813244047619048 0.04955947136563876
0 0.8310119047619049 0.4962885462555066 0.19252232142857142 0.06470264317180617
0 0.09114583333333333 0.5506607929515418 0.10230654761904762 0.23403083700440527
0 0.2190327380952381 0.5368942731277533 0.11811755952380952 0.22301762114537446
1 0.05348214285714285 0.4205726872246696 0.025111607142857144 0.028909691629955946
1 0.08928571428571429 0.25812775330396476 0.09486607142857142 0.03441629955947136
1 0.18229166666666666 0.41437224669603523 0.04092261904761905 0.03303964757709251
1 0.8049702380952382 0.43984581497797354 0.13113839285714285 0.0454295154185022
2 0.3869047619047619 0.04955947136563876 0.3645833333333333 0.04405286343612335