0 0.05512886597938144 0.15424242424242426 0.03865979381443299 0.030032760032760047
0 0.12528350515463918 0.15083538083538084 0.06443298969072164 0.031392301392301376
0 0.19258591065292094 0.15356265356265356 0.0529810996563574 0.020475020475020474
0 0.24555841924398625 0.1562899262899263 0.04152061855670107 0.023202293202293188
0 0.2913831615120275 0.15083538083538084 0.018616838487972475 0.015012285012285
0 0.3329037800687285 0.15356265356265356 0.04725085910652921 0.01774774774774776
0 0.38373711340206185 0.15424242424242426 0.031503436426116804 0.01638001638001638
0 0.43743127147766325 0.14946764946764945 0.052981099656357354 0.015012285012285
0 0.7481357388316151 0.15424242424242426 0.03865979381443299 0.013652743652743667
0 0.8075601374570447 0.15424242424242426 0.04868556701030934 0.01638001638001638
0 0.8676975945017182 0.15356265356265356 0.04581615120274908 0.012285012285012284
0 0.7946735395189003 0.09555282555282557 0.05154639175257732 0.04095004095004096
0 0.8447852233676977 0.0894103194103194 0.05154639175257732 0.042317772317772305
0 0.9507474226804125 0.2416052416052416 0.07731958762886598 0.1119328419328419
0 0.9485996563573884 0.35626535626535627 0.07302405498281787 0.10647010647010648
0 0.9478780068728522 0.4518181818181818 0.0429553264604811 0.04095004095004095
0 0.9485996563573884 0.5084602784602785 0.03006872852233677 0.042317772317772374
0 0.9514604810996563 0.5746683046683047 0.05584192439862543 0.054602784602784664
0 0.7230841924398625 0.6524733824733825 0.08877147766323018 0.027297297297297237
0 0.48253436426116836 0.7371007371007371 0.07731958762886598 0.04095004095004095
0 0.5791838487972508 0.7377805077805079 0.1016580756013745 0.03958230958230952
0 0.7553006872852234 0.7336855036855037 0.21621134020618563 0.03958230958230952
0 0.6572164948453608 0.7930630630630631 0.41523195876288654 0.05733005733005733
0 0.6536340206185567 0.8579033579033579 0.4281185567010309 0.05323505323505324
0 0.663659793814433 0.9227436527436528 0.4338487972508591 0.05733005733005733
0 0.7302405498281787 0.4258804258804259 0.07158934707903773 0.013652743652743667
0 0.7996821305841925 0.2996150696150696 0.14175257731958762 0.020475020475020474
0 0.13030068728522334 0.5828583128583128 0.04009450171821307 0.046412776412776476
0 0.18184707903780067 0.5855855855855856 0.04581615120274913 0.04367731367731362
0 0.24198453608247425 0.5849058149058148 0.037225085910652954 0.03958230958230952
0 0.29280927835051546 0.5862653562653563 0.04725085910652921 0.042317772317772374
0 0.34579037800687284 0.5855855855855856 0.04725085910652921 0.04914004914004914
0 0.39590206185567006 0.5862653562653563 0.018616838487972475 0.034127764127764186
0 0.23983676975945017 0.6285831285831286 0.08734536082474226 0.020475020475020474
0 0.07731958762886598 0.5801228501228501 0.020042955326460467 0.027297297297297237
2 0.4538917525773196 0.09281736281736282 0.426692439862543 0.0354873054873055
3 0.502860824742268 0.027985257985257986 0.9942697594501717 0.05596232596232597