3 0.053879500367376924 0.2519884963023829 0.10041880969875092 0.19447000821692684
3 0.33002939015429833 0.4608299096138045 0.2265466568699486 0.2697863599013968
3 0.9429316678912564 0.2512982744453574 0.10286554004408523 0.19857847165160228
0 0.15185157972079352 0.11640920295809366 0.0440852314474651 0.03834839769926049
0 0.20512123438648053 0.11571898110106821 0.06000734753857457 0.02875924404272802
0 0.26634827332843497 0.11435497124075594 0.042858192505510685 0.031495480690221844
0 0.32206465833945624 0.1136647493837305 0.03918442321822192 0.03560394412489728
0 0.36737692872887584 0.11503697617091208 0.0440852314474651 0.024650780608052588
0 0.4126891991182953 0.11640920295809366 0.026943423952975807 0.030131470829909628
0 0.45064658339456287 0.11640920295809366 0.03918442321822184 0.01917009038619555
0 0.5222850844966936 0.12051766639276909 0.09184423218221896 0.03560394412489728
0 0.7194489346069066 0.11092851273623665 0.023269654665687048 0.030131470829909628
0 0.7531227038941954 0.11298274445357437 0.029390154298310066 0.02875924404272802
0 0.7941440117560616 0.11298274445357437 0.04775900073475386 0.031495480690221844
0 0.8602718589272593 0.11024650780608052 0.07959588537839818 0.031495480690221844
0 0.9478324761204996 0.7203533278553821 0.08082292432035268 0.03560394412489723
0 0.9481998530492285 0.7614379622021363 0.10360029390154299 0.027387017255546365
0 0.9493019838354151 0.7900575184880855 0.10139603232916973 0.027115858668857847
0 0.904974283614989 0.8853738701725554 0.029390154298310066 0.026023007395234242
0 0.9404849375459221 0.5443714050944947 0.09796473181484197 0.031495480690221796
0 0.9453857457751653 0.522456861133936 0.1053122703894195 0.026023007395234242
0 0.9447685525349008 0.4998603122432211 0.07714915503306392 0.027387017255546365
0 0.925789860396767 0.47384552177485617 0.08082292432035268 0.027387017255546365
0 0.9362013225569434 0.4512489728841413 0.07224834680382067 0.020542317173377157
0 0.9221160911094783 0.4300164338537387 0.0440852314474651 0.024650780608052588
0 0.926399706098457 0.39989317995069845 0.06980161645848641 0.02738701725554646
0 0.8780308596620132 0.06162695152013147 0.03183688464364433 0.019170090386195555
3 0.21430565760470244 0.05409202958093673 0.1959368111682586 0.04519309778142974