0 0.04186028257456829 0.33394327538883806 0.02093406593406593 0.015251601097895662
0 0.09288069073783359 0.33851784080512354 0.02354788069073782 0.024400731930466567
0 0.032708006279434855 0.20204025617566332 0.018312401883830452 0.019826166514181166
0 0.23024332810047093 0.34004574565416285 0.03139717425431711 0.030494053064958865
0 0.28126373626373624 0.3331838975297347 0.02878335949764518 0.025919487648673415
0 0.42843799058084775 0.33623055809698077 0.027472527472527472 0.03202195791399817
0 0.4735714285714286 0.3369899359560842 0.03401098901098895 0.024400731930466567
0 0.6142072213500785 0.3392772186642269 0.02485871271585563 0.03202195791399817
0 0.6645761381475667 0.33851784080512354 0.03139717425431711 0.018298261665141813
0 0.7352197802197802 0.33394327538883806 0.04970957613814751 0.03354986276303747
0 0.5507613814756671 0.3354711802378774 0.04970957613814751 0.027447392497712716
0 0.36434065934065935 0.3347026532479414 0.048406593406593375 0.03506861848124432
0 0.1733359497645212 0.3347026532479414 0.04578492935635792 0.02897529734675202
0 0.9353767660910519 0.34004574565416285 0.06802982731554166 0.04269899359560838
0 0.8058634222919938 0.34080512351326625 0.026161695447409677 0.025919487648673415
0 0.8555729984301413 0.3446203110704483 0.026161695447409677 0.03354986276303747
0 0.9641522762951333 0.20356816102470265 0.03139717425431711 0.028975297346752072
0 0.9347174254317111 0.576395242451967 0.07980376766091057 0.03354986276303758
0 0.9635007849293563 0.723540713632205 0.030086342229199314 0.05642268984446484
0 0.936679748822606 0.8417200365965233 0.04709576138147567 0.03354986276303758
0 0.8097880690737834 0.8417200365965233 0.023547880690737835 0.02440073193046667
0 0.8660361067503924 0.8432479414455626 0.023547880690737835 0.021344922232387858
0 0.6691522762951334 0.8455352241537054 0.027472527472527472 0.028975297346752124
0 0.7482967032967033 0.8409606587374199 0.04970957613814751 0.022872827081427266
0 0.6122448979591837 0.8409606587374199 0.026161695447409677 0.016770356816102405
0 0.423861852433281 0.8462946020128088 0.026161695447409677 0.021344922232387858
0 0.47619309262166404 0.8424794144556268 0.026161695447409677 0.019826166514181218
0 0.5520643642072214 0.8379048490393413 0.04448194662480383 0.028975297346752124
0 0.35910518053375196 0.8424794144556268 0.05102040816326531 0.02591948764867331
0 0.28126373626373624 0.8447666971637695 0.023547880690737835 0.021344922232387858
0 0.23482731554160127 0.8409606587374199 0.030086342229199405 0.019826166514181218
0 0.09222919937205651 0.8424794144556268 0.03270800627943486 0.019826166514181218
0 0.03597331240188383 0.8386733760292772 0.030086342229199377 0.021344922232387858
0 0.17529827315541605 0.8409606587374199 0.06279434850863425 0.03202195791399817
0 0.026821036106750393 0.7044830741079597 0.022237048665620093 0.03049405306495876
0 0.18380690737833594 0.37129917657822503 0.017009419152276307 0.01677035681610251
0 0.3761145996860283 0.3728270814272644 0.019623233908948195 0.013723696248856358
0 0.5644976452119309 0.36749313815187556 0.02485871271585563 0.024400731930466567
0 0.7554945054945055 0.37206770356816105 0.040557299843014184 0.021344922232387962
0 0.9582653061224489 0.37435498627630376 0.03270800627943491 0.01677035681610251
0 0.19099686028257457 0.8722140896614822 0.028783359497645225 0.018298261665141813
0 0.3754552590266876 0.8767886550777676 0.026161695447409764 0.018298261665141813
0 0.5658006279434851 0.8737419945105215 0.027472527472527472 0.02440073193046667
0 0.7633437990580848 0.8760292772186642 0.03270800627943491 0.019826166514181218
0 0.9504160125588696 0.8752698993595608 0.030086342229199314 0.027447392497712716