0 0.14010507880910683 0.11792094861660078 0.04962346760070054 0.0329407114624506
0 0.209430823117338 0.11989723320158102 0.08902802101576184 0.04479841897233203
0 0.2926182136602452 0.11792094861660078 0.06859019264448339 0.0329407114624506
0 0.36120840630472856 0.11923320158102768 0.07151488616462343 0.02766798418972332
0 0.4414798598949213 0.11857707509881422 0.06567425569176888 0.02634782608695651
0 0.5297723292469352 0.11132806324110672 0.043782837127845885 0.02766798418972332
0 0.5896059544658494 0.1093517786561265 0.06421190893169872 0.023715415019762844
0 0.7683887915936952 0.116600790513834 0.07151488616462354 0.02766798418972332
0 0.8143607705779334 0.11857707509881422 0.03794220665499118 0.01844268774703556
0 0.8771190893169878 0.1152806324110672 0.06421190893169881 0.02766798418972332
0 0.9530035026269702 0.11725691699604744 0.07589316987740811 0.021083003952569183
0 0.8063309982486866 0.05533596837944664 0.09778458844133106 0.028988142292490124
0 0.9150612959719789 0.06126482213438735 0.09048161120840624 0.03030039525691699
0 0.6377670753064799 0.011201581027667986 0.06129597197898424 0.022395256916996047
0 0.6913309982486865 0.010276679841897233 0.05516637478108581 0.020553359683794466
0 0.7537915936952715 0.01383399209486166 0.05691768826619965 0.025035573122529645
0 0.8165499124343257 0.01383399209486166 0.05107705779334495 0.025035573122529645
0 0.9004640980735551 0.011857707509881422 0.07005253940455342 0.023715415019762844
0 0.9690630472854641 0.011857707509881422 0.05838003502626977 0.023715415019762844
0 0.09413309982486866 0.16468774703557312 0.09778458844133102 0.02898814229249013
0 0.2072416812609457 0.15875889328063242 0.07589316987740807 0.0329407114624506
0 0.3159632224168126 0.1627114624505929 0.10654115586690013 0.030300395256916985
0 0.43710157618213663 0.16073517786561267 0.1036164623467601 0.02898814229249013
0 0.5662609457092819 0.16403162055335968 0.1138353765323993 0.030300395256916985
0 0.6888528896672504 0.16205533596837945 0.07880910683012259 0.03162055335968379
0 0.801952714535902 0.16403162055335968 0.11237302977232919 0.03820553359683793
0 0.9201663747810858 0.16535177865612646 0.11821366024518389 0.03557312252964427
0 0.907031523642732 0.35836363636363633 0.10070052539404553 0.04743083003952569
0 0.826768826619965 0.42622134387351773 0.10654115586690024 0.0250355731225297
0 0.9486252189141856 0.421604743083004 0.07880910683012259 0.026347826086956464
0 0.8880647985989493 0.5592885375494071 0.15615586690017516 0.043478260869565216
0 0.8982749562171628 0.6890671936758893 0.17659369527145366 0.039525691699604744
0 0.8873292469352013 0.8346482213438735 0.1576182136602451 0.040845849802371596
0 0.8982749562171628 0.9683794466403162 0.14156742556917695 0.05006324110671931
0 0.8296847635726795 0.36298023715415023 0.03064798598949212 0.02239525691699608
0 0.06421190893169877 0.2924901185770751 0.04962346760070052 0.01317786561264819
0 0.12405429071803852 0.2990750988142292 0.043782837127845885 0.010537549407114656
1 0.14302101576182139 0.3616600790513834 0.2159982486865149 0.03030039525691703
2 0.43636602451838874 0.36363636363636365 0.3590192644483362 0.0342529644268775
2 0.7355516637478109 0.35968379446640314 0.21891418563922943 0.036893280632411034
2 0.4991243432574431 0.057968379446640315 0.3327495621716287 0.039525691699604744