0 0.5152878464818764 0.27375494071146245 0.8505117270788912 0.06733860342555996
0 0.3020682302771855 0.17932806324110673 0.43829424307036247 0.06295125164690381
0 0.7249466950959488 0.1786034255599473 0.4311727078891259 0.058550724637681156
0 0.3826012793176972 0.3857444005270092 0.08765458422174843 0.051238471673254266
0 0.5176545842217484 0.3857444005270092 0.08765458422174836 0.060026350461133
0 0.6491257995735608 0.3850065876152833 0.08528784648187633 0.05855072463768123
0 0.4406609808102345 0.46992094861660083 0.10424307036247332 0.05855072463768108
0 0.5839872068230277 0.47138339920948613 0.08292110874200423 0.05855072463768123
0 0.24756929637526656 0.6346113306982872 0.23454157782515994 0.08637681159420298
0 0.5069936034115139 0.6331488801054018 0.25113006396588494 0.08051383399209489
0 0.7746908315565032 0.6411989459815547 0.236908315565032 0.090764163372859
0 0.3802345415778252 0.826376811594203 0.24400852878464818 0.08343873517786551
0 0.6384648187633262 0.8307773386034255 0.2345415778251599 0.08637681159420282