0 0.9381463414634147 0.011762767710049422 0.052448780487804866 0.017808896210873146
0 0.8872975609756097 0.011762767710049424 0.0417463414634146 0.013294892915980232
0 0.8377951219512195 0.012660626029654037 0.0390634146341463 0.01600494233937397
0 0.7739121951219512 0.0135667215815486 0.06516097560975606 0.01420098846787479
0 0.7074243902439025 0.015205930807248766 0.057931707317073276 0.016573311367380564
0 0.5683414634146341 0.24312191103789124 0.15840975609756092 0.08924217462932457
0 0.4080682926829268 0.24300658978583195 0.15359024390243908 0.09172981878088964
0 0.24818536585365852 0.24437397034596378 0.15546341463414637 0.090831960461285
0 0.08877073170731707 0.2432372322899506 0.15934634146341464 0.0930971993410214
0 0.21760975609756097 0.08682042833607909 0.06355121951219511 0.01971993410214168
0 0.13513170731707316 0.0871004942339374 0.06582439024390245 0.020288303130148268
0 0.048897560975609745 0.0872158154859967 0.07130731707317073 0.022322899505766058
0 0.7074243902439025 0.08992586490939045 0.03866341463414645 0.01599670510708401
0 0.750839024390244 0.08958813838550247 0.03853658536585366 0.014415156507413509
0 0.8060878048780488 0.08913509060955518 0.055395121951219484 0.015321252059308068
0 0.9097073170731708 0.08354200988467875 0.10609756097560975 0.02311367380560132
0 0.922419512195122 0.31910214168039536 0.05605853658536589 0.014373970345963794
1 0.8772682926829268 0.45831960461285004 0.13352195121951232 0.013566721581548622
0 0.9304487804878049 0.43872322899505767 0.027160975609756017 0.013237232289950523
0 0.921219512195122 0.3732701812191104 0.048839024390243846 0.01426688632619444
0 0.942019512195122 0.5420922570016474 0.0457560975609757 0.014827018121911038
0 0.9001463414634147 0.7245634266886326 0.12736585365853653 0.02371499176276768
0 0.7705658536585366 0.7240527182866557 0.1250926829268293 0.023599670510708475
0 0.8949268292682926 0.7777182866556837 0.06395121951219508 0.013459637561779175
0 0.825619512195122 0.7779489291598023 0.06448780487804869 0.01300658978583193
0 0.6662829268292684 0.7984596375617793 0.04280975609756108 0.01607907742998351
0 0.28477073170731704 0.7984596375617793 0.04374634146341466 0.01607907742998351
0 0.5078731707317073 0.9306013179571664 0.36819512195121945 0.0815485996705107
0 0.5053268292682928 0.8532948929159803 0.3657853658536586 0.0679077429983526
0 0.2321268292682927 0.8323558484349258 0.08160975609756095 0.02512355848434926
0 0.14609756097560975 0.8329736408566721 0.07813658536585368 0.0227512355848434
0 0.059004878048780476 0.8338797364085667 0.07786341463414634 0.020947281713344368
0 0.6270829268292683 0.7390280065897857 0.03666341463414627 0.017405271828665657
0 0.5350341463414634 0.7382948929159802 0.03987317073170721 0.017742998352553514
0 0.44305365853658535 0.7384102141680395 0.03652682926829274 0.019777594728171328
0 0.34913170731707316 0.7393080724876442 0.03599024390243901 0.017973640856672107
0 0.6531707317073171 0.5500164744645799 0.0433463414634147 0.017116968698517275
0 0.21566829268292684 0.7013014827018121 0.040673170731707314 0.020576606260296556
0 0.6301560975609756 0.48287479406919276 0.14181463414634138 0.024719934102141673
0 0.48886829268292686 0.484003294892916 0.1321853658536586 0.03149917627677101
0 0.3475219512195122 0.4834431630971993 0.1344585365853659 0.030370675453047686
0 0.1404780487804878 0.40227347611202635 0.25420487804878045 0.19608731466227344