3 0.9219526285384172 0.5144453186467348 0.09552859618717512 0.4707002360346184
3 0.769688041594454 0.3710385523210071 0.17888503755054888 0.19287962234461054
3 0.5042518775274408 0.10161290322580646 0.5661467359907568 0.07439024390243903
3 0.08418255343731947 0.5151455546813533 0.08913344887348355 0.4721007081038552
3 0.768053148469093 0.9657749803304485 0.17157712305025996 0.06845003933910307
3 0.3443558636626228 0.9773013375295044 0.15143847487001735 0.045397324940991204
0 0.8502541883304449 0.025759244689221087 0.024350086655112704 0.023839496459480723
0 0.8224032351242057 0.024634146341463416 0.014032351242056594 0.02608969315499606
0 0.7925880993645292 0.025334382376081828 0.022489890236857213 0.027490165224232886
0 0.6085499711149625 0.024217151848937846 0.034043905257076804 0.02974036191974823
0 0.5722357019064125 0.025617623918174667 0.027440785673021374 0.03254917387883557
0 0.5396360485268631 0.02041699449252557 0.020017331022530383 0.028898505114083397
0 0.5102368573079146 0.02336742722265932 0.021045638359329905 0.025806451612903222
0 0.47825534373194684 0.022808811959087332 0.027238590410167587 0.038166797797010224
0 0.4439052570768342 0.023509047993705744 0.02661467359907564 0.03957513768686074
0 0.40459849797804737 0.023933910306845007 0.04085499711149626 0.024681353265145558