0 0.28257596685082875 0.05369928400954654 0.047189226519337046 0.030493237867939532
0 0.36256906077348067 0.05105011933174224 0.08057320441988951 0.025194908512330944
0 0.46904005524861875 0.055027844073190134 0.08862569060773476 0.025194908512330944
0 0.16804558011049725 0.2181145584725537 0.22560082872928178 0.04640413683373112
0 0.3907665745856354 0.21612569610182977 0.21293508287292812 0.03712808273667461
0 0.6077348066298343 0.21280827366746222 0.21408839779005526 0.0411058074781225
0 0.8293024861878453 0.21280827366746222 0.21293508287292812 0.03049323786793955
0 0.8724654696132597 0.3586555290373906 0.0851726519337016 0.0331503579952267
0 0.10647099447513811 0.27778042959427207 0.05870165745856354 0.025194908512330916
0 0.18589088397790057 0.28042959427207637 0.08402624309392265 0.025194908512330916
0 0.28544889502762427 0.27313444709626095 0.0368301104972376 0.02121718377088302
0 0.324585635359116 0.27313444709626095 0.02532458563535909 0.02121718377088302
0 0.37810773480662985 0.2738027048528242 0.05870165745856354 0.009284009546539346
0 0.10013812154696132 0.3593237867939539 0.06676104972375692 0.07690533015115351
0 0.2238743093922652 0.33810660302307083 0.05640193370165743 0.06099443118536194
0 0.698549723756906 0.010342084327764518 0.057320441988950276 0.020684168655529037
0 0.7798135359116023 0.012593476531424024 0.07251381215469613 0.01988862370723946
0 0.8880041436464088 0.015910898965791568 0.09783839779005529 0.015910898965791568
0 0.9741022099447514 0.013126491646778043 0.05179558011049724 0.026252983293556086
0 0.9568370165745856 0.0513126491646778 0.08632596685082873 0.026252983293556086
2 0.8339088397790055 0.05303898170246619 0.15308701657458568 0.031821797931583136
2 0.7521892265193371 0.3639618138424821 0.12315607734806625 0.04110580747812248
0 0.5006906077348067 0.6112410501193318 0.09898480662983421 0.02651551312649159
0 0.33437154696132604 0.3639618138424821 0.10704419889502767 0.025194908512330916
0 0.6117610497237569 0.3626332537788385 0.13006215469613255 0.03049323786793957
1 0.8442679558011049 0.27778042959427207 0.14157458563535913 0.022537788385043788
0 0.8810980662983425 0.9195147175815434 0.13236878453038678 0.04375497215592681
0 0.8736187845303868 0.9612808273667461 0.05985497237569066 0.02121718377088311
3 0.5012638121546961 0.9281384248210024 0.9956284530386741 0.14054892601431987