1 0.6626860254083484 0.399625468164794 0.13460980036297635 0.0578651685393258
1 0.41566243194192376 0.404438202247191 0.14468239564428306 0.06123595505617976
1 0.18098003629764065 0.39844569288389514 0.16435571687840292 0.06799625468164794
1 0.16397459165154263 0.48348314606741577 0.1177132486388385 0.05913857677902624
1 0.17116152450090744 0.5697003745318353 0.13965517241379308 0.05052434456928842
1 0.17116152450090744 0.6495318352059926 0.1094010889292196 0.041666666666666664
1 0.40822141560798547 0.6500561797752809 0.1172050816696915 0.06142322097378269
1 0.40243194192377496 0.5668352059925094 0.12074410163339377 0.06144194756554318
1 0.4295281306715063 0.48621722846441945 0.16736842105263153 0.05627340823970034
1 0.6770598911070781 0.48558052434456933 0.16838475499092553 0.054981273408239724
1 0.6539927404718694 0.5707490636704119 0.11972776769509987 0.048445692883895136
0 0.7036479128856624 0.8495131086142322 0.3753357531760437 0.1045318352059926
0 0.3160980036297641 0.8497752808988763 0.37406533575317613 0.1092134831460675