2 0.40091692789968647 0.0431525076765609 0.45219435736677116 0.05932446264073696
1 0.22575235109717867 0.0422517911975435 0.08947492163009403 0.04135107471852611
0 0.03475705329153605 0.11281473899692937 0.03923197492163009 0.05303991811668372
0 0.1170062695924765 0.11281473899692937 0.08947492163009406 0.04404298874104403
0 0.18721003134796238 0.11416581371545548 0.03166144200626957 0.04135107471852611
0 0.2336677115987461 0.11460593654042989 0.04061128526645772 0.04225179119754351
0 0.2832210031347962 0.11236438075742068 0.043362068965517274 0.03415557830092119
0 0.328307210031348 0.11326509723643807 0.03166144200626957 0.035957011258955986
0 0.3720141065830721 0.11326509723643807 0.03923197492163014 0.035957011258955986
0 0.41847178683385583 0.11326509723643807 0.03166144200626966 0.035957011258955986
0 0.45949059561128525 0.10987717502558852 0.03177115987460812 0.03687819856704196
0 0.5224451410658307 0.11256908904810645 0.06942006269592471 0.03457523029682702
0 0.590987460815047 0.11410440122824975 0.052358934169278955 0.03303991811668373
0 0.7701332288401255 0.043029682702149435 0.03647335423197489 0.0507164790174002
0 0.8104310344827585 0.04418628454452406 0.034710031347962356 0.049948822927328544
0 0.8522021943573669 0.042262026612077785 0.033534482758620664 0.0507164790174002
0 0.8922100313479624 0.04149437052200614 0.033534482758620664 0.046100307062436036
0 0.938691222570533 0.042640736949846464 0.04294670846394998 0.05762538382804504
0 0.7730721003134796 0.11410440122824975 0.03647335423197489 0.025353121801432968
0 0.8269043887147336 0.11372569089048107 0.057068965517241416 0.026120777891504618
0 0.912217868338558 0.11103377686796316 0.09472570532915352 0.029969293756397137
0 0.9439890282131661 0.268935516888434 0.04294670846394998 0.055322415557830074
0 0.9286912225705329 0.5540122824974412 0.06648119122257047 0.03534288638689864
1 0.8292633228840126 0.7591709314227226 0.2712225705329153 0.03534288638689864
1 0.8295532915360502 0.8840327533265098 0.2741614420062695 0.03919140225179116
0 0.4868495297805643 0.8963254861821904 0.0629545454545454 0.03457523029682699
0 0.097076802507837 0.38573183213920165 0.16826802507836994 0.03534288638689864
0 0.16032131661442006 0.8091197543500511 0.1288479623824451 0.027666325486182163
0 0.024373040752351097 0.18885363357215967 0.015000000000000001 0.027543500511770753
1 0.06467868338557994 0.18854657113613102 0.04780564263322884 0.02693961105424769
1 0.11881661442006271 0.18823950870010234 0.03984326018808779 0.026325486182190348
1 0.17927899686520377 0.18915046059365406 0.05764890282131659 0.030603889457523008