0 0.9272849083215797 0.030822711471610663 0.12261636107193222 0.061645422943221326
0 0.9393018335684062 0.11433371958285052 0.10498589562764449 0.04470451911935112
0 0.8224612129760226 0.11524913093858632 0.10530324400564187 0.06129779837775203
0 0.5205007052186178 0.12407879490150638 0.03349788434414669 0.030486674391657014
0 0.46961212976022565 0.12420625724217844 0.032700987306064806 0.03286210892236386
0 0.4067842031029619 0.123279258400927 0.0544922425952045 0.03733487833140208
0 0.31334273624823694 0.12406720741599073 0.09520451339915374 0.0410196987253766
0 0.22246826516220028 0.12420625724217844 0.044880112834978836 0.03286210892236386
0 0.15619181946403388 0.12486674391657011 0.05818053596614953 0.03417149478563153
0 0.0908815232722144 0.12249130938586326 0.03494358251057829 0.03365005793742757
0 0.03846967559943582 0.12512166859791427 0.02949224259520451 0.028377752027809976
0 0.9048448519040903 0.9134878331402086 0.11620592383638942 0.06290845886442638
0 0.8001057827926656 0.9171726535341831 0.04616361071932302 0.06607184241019697
0 0.9039633286318758 0.45782155272305913 0.11283497884344147 0.06594438006952488
0 0.8001057827926656 0.4590034762456547 0.04616361071932302 0.06619930475086906
1 0.7579548660084626 0.029675550405561992 0.20868124118476725 0.058690614136732336
1 0.5712270803949224 0.029942062572421786 0.15899858956276447 0.052896871378910776
1 0.41383638928067706 0.03280417149478563 0.1455289139633286 0.06559675550405562
2 0.17066290550070523 0.030127462340672075 0.3215796897038082 0.06025492468134415