0 0.9537521815008726 0.04514572864321608 0.05759162303664921 0.043437185929648243
0 0.8902705061082025 0.04514572864321608 0.05715532286212915 0.043437185929648243
0 0.824066317626527 0.04715577889447237 0.053446771378708555 0.02936683417085427
0 0.5780977312390925 0.04665326633165829 0.07417102966841187 0.04042211055276382
0 0.9214659685863874 0.11774874371859297 0.12390924956369982 0.05395979899497487
0 0.7976701570680628 0.11423115577889446 0.07482547993019197 0.04090452261306531
0 0.698848167539267 0.11925628140703518 0.08224258289703316 0.04090452261306531
0 0.6024258289703316 0.12051256281407034 0.07264397905759162 0.03336683417085426
0 0.4981500872600349 0.11888442211055276 0.09096858638743456 0.03412060301507539
0 0.3946335078534031 0.12215075376884423 0.0868237347294939 0.03261306532663318
0 0.29668411867364747 0.11888442211055276 0.06980802792321117 0.03412060301507539
0 0.21727748691099477 0.11699497487437185 0.0506108202443281 0.04040201005025124
0 0.12587260034904013 0.12076381909547738 0.09904013961605584 0.037889447236180894
0 0.032722513089005235 0.12001005025125627 0.04799301919720768 0.04442211055276381
0 0.975130890052356 0.7246934673366835 0.02181500872600349 0.03569849246231154
0 0.8275567190226876 0.7248241206030152 0.016797556719022687 0.02791959798994972
0 0.9053228621291448 0.7216884422110553 0.08289703315881326 0.03168844221105525
3 0.5012041884816755 0.8251758793969849 0.9609511343804538 0.15626130653266335
3 0.17582897033158812 0.39682412060301503 0.3080279232111693 0.4553366834170855
3 0.504694589877836 0.3962010050251257 0.31348167539267013 0.4641306532663316
3 0.8293019197207679 0.39179899497487436 0.3082460732984294 0.4653869346733669