1 0.10846402586903799 0.10391686650679456 0.05793856103476153 0.018649080735411657
1 0.18054163298302345 0.10058353317346123 0.05389652384801941 0.017322142286171054
1 0.2526273241713824 0.09992006394884093 0.06332255456750205 0.018649080735411657
0 0.11182700080840745 0.17119904076738607 0.18054163298302342 0.0413029576338929
0 0.30382376717865806 0.1705275779376499 0.19266774454324984 0.03730615507593926
0 0.5005416329830235 0.1718625099920064 0.19266774454324978 0.03996802557953637
0 0.692538399353274 0.17119904076738607 0.1805416329830234 0.03597122302158273
0 0.891269199676637 0.16852917665867306 0.16303152789005665 0.038633093525179844
0 0.8643249797898142 0.055291766586730615 0.07140662894098619 0.025315747402078332
0 0.959983831851253 0.055955235811350916 0.05793856103476158 0.0319744204636291
0 0.957962813257882 0.017322142286171065 0.04042037186742118 0.023980815347721823
0 0.8905982215036379 0.2797761790567546 0.0889248181083266 0.029312549960031943
0 0.8784721099434115 0.39168665067945646 0.10240097008892488 0.03463629096722625