3 0.9487285441830896 0.4795885810243493 0.07808010171646546 0.5345088161209067
2 0.5340114431023522 0.03035264483627204 0.5022250476795931 0.03486146095717884
0 0.18923076923076926 0.09278757346767422 0.049071837253655395 0.046389588581024335
0 0.296013986013986 0.08557514693534844 0.050063572790845515 0.021469353484466828
0 0.24187539732994282 0.08780856423173804 0.04708200890019068 0.030125944584382867
0 0.14870311506675143 0.08689336691855583 0.023642720915448185 0.024089000839630562
0 0.12118881118881118 0.08899244332493703 0.021455816910362364 0.03038623005877414
3 0.06277813095994914 0.2285474391267842 0.09059122695486332 0.2129387069689337
3 0.833502860775588 0.22722921914357683 0.08879847425301961 0.21031905961376995
3 0.8327082008900191 0.6351889168765743 0.08244119516846779 0.09214105793450883
3 0.6976160203432931 0.8569941225860622 0.16985378258105527 0.2334844668345928
3 0.3578003814367451 0.16389588581024347 0.4795804195804195 0.08008396305625524
3 0.6966179275270185 0.16571788413098237 0.1678703115066751 0.07890008396305628
0 0.8311188811188811 0.7386901763224181 0.08920534011443113 0.09762384550797648
0 0.24346471710108075 0.032451721242653234 0.05026064844246659 0.030663308144416455
0 0.20174825174825176 0.0319311502938707 0.022447552447552414 0.031712846347607064