0 0.21590047393364928 0.018579686209744012 0.08161927330173777 0.037159372419488024
0 0.2902843601895735 0.02064409578860446 0.06714060031595577 0.0385383980181668
0 0.35281990521327017 0.02202312138728324 0.05529225908372828 0.0385383980181668
0 0.42522116903633495 0.021329479768786127 0.050023696682464446 0.02615194054500413
0 0.5009241706161137 0.025458298926507018 0.07766982622432854 0.028901734104046242
0 0.5996603475513428 0.024087530966143685 0.07766982622432854 0.02615194054500413
0 0.7161690363349131 0.018579686209744012 0.04476303317535551 0.031651527663088354
0 0.7576382306477093 0.017200660611065233 0.030276461295418583 0.02064409578860446
0 0.8050315955766193 0.02202312138728324 0.04607424960505532 0.02477291494632535
0 0.867559241706161 0.02064409578860446 0.03686413902053718 0.02202312138728324
0 0.9136413902053713 0.022708505367464906 0.05529225908372828 0.02615194054500413
0 0.9603712480252764 0.022708505367464906 0.03291469194312802 0.02064409578860446
0 0.910347551342812 0.07776218001651528 0.03291469194312802 0.03990916597853015
0 0.9551105845181675 0.07706853839801817 0.035545023696682464 0.038538398018166796
0 0.12308846761453397 0.13969446738232863 0.0750394944707741 0.028901734104046242
0 0.20997630331753553 0.13556564822460776 0.05397314375987363 0.03165152766308835
0 0.2751421800947867 0.1335012386457473 0.05266192733017375 0.02202312138728325
0 0.33570300157977884 0.13900082576383155 0.05002369668246449 0.030280759702725035
0 0.37980252764612954 0.1376300578034682 0.035545023696682464 0.019265070189925668
0 0.43509478672985785 0.14037985136251033 0.05924170616113744 0.027522708505367453
0 0.4943364928909953 0.13969446738232863 0.04871248025276467 0.02339388934764656
0 0.5502922590837283 0.1369364161849711 0.0500236966824644 0.02615194054500414
0 0.631255924170616 0.13280759702725023 0.0750394944707741 0.02064409578860446
0 0.7951579778830964 0.1376300578034682 0.05529225908372837 0.02477291494632535
0 0.8688783570300158 0.14244426094137078 0.05529225908372828 0.02339388934764656
0 0.948522906793049 0.1451940545004129 0.08030805687203797 0.02615194054500414
0 0.8418878357030015 0.4589843104872007 0.022377567140600258 0.017894302229562405
0 0.9024486571879937 0.4631131296449216 0.019747235387045814 0.023393889347646513
0 0.05397314375987362 0.5546407927332783 0.05266192733017377 0.09634186622625936
0 0.12045813586097946 0.5422543352601156 0.05661137440758295 0.0990916597853014
0 0.1968167456556082 0.5532617671345995 0.06451026856240127 0.09634186622625936
0 0.2672432859399684 0.5525763831544178 0.05529225908372828 0.08670520231213873
0 0.3389968404423381 0.5594549958711809 0.06451026856240123 0.08670520231213873
0 0.4048183254344392 0.5594549958711809 0.06714060031595577 0.09221304706853846
0 0.4890758293838862 0.5587696118909992 0.06451026856240132 0.0990916597853014
0 0.5627962085308057 0.5615194054500413 0.05924170616113744 0.08532617671345989
0 0.6325671406003159 0.55532617671346 0.05924170616113744 0.11422791081750613
0 0.7082701421800948 0.5546407927332783 0.0631911532385466 0.09358381502890167
0 0.9531358609794629 0.6509744013212222 0.05266192733017383 0.03028075970272508
0 0.9491864139020537 0.9124690338563171 0.02106635071090053 0.03028075970272508
3 0.5035545023696683 0.9424690338563171 0.9333886255924171 0.11505367464905031
3 0.8655845181674565 0.5560115606936417 0.2145892575039495 0.08532617671345989
2 0.41732227488151663 0.08670520231213873 0.43180884676145326 0.04128819157720892