0 0.059192200557103065 0.08753515301902398 0.08356545961002786 0.028949545078577336
0 0.1851183844011142 0.08546732837055418 0.059192200557103065 0.035839536807278756
0 0.2576601671309192 0.08891645988420183 0.05106545961002788 0.028949545078577336
0 0.3064066852367688 0.0916708023159636 0.020891364902506964 0.0206782464846981
0 0.32961699164345404 0.08891645988420183 0.025536211699164316 0.017923904052936323
0 0.37546657381615595 0.09443341604631927 0.04526462395543175 0.0206782464846981
0 0.42479108635097496 0.09236559139784946 0.0394637883008357 0.019296939619520274
0 0.4659958217270195 0.09029776674937966 0.031337047353760444 0.017923904052936302
0 0.7648537604456824 0.09236559139784946 0.06035515320334267 0.019296939619520274
0 0.8298537604456825 0.0916708023159636 0.04178272980501393 0.02619520264681554
0 0.8768593314763232 0.09098428453267163 0.04526462395543175 0.016542597187758478
0 0.9412743732590529 0.08891645988420183 0.04642757660167136 0.03170388751033911
0 0.8089623955431755 0.028949545078577336 0.03713788300835649 0.04962779156327544
0 0.859449860724234 0.031703887510339125 0.05687325905292484 0.04962779156327544
0 0.9319846796657381 0.21436724565756826 0.07892061281337043 0.1282051282051282
0 0.9360515320334263 0.3322332506203474 0.059192200557103065 0.10477253928866828
0 0.9372075208913648 0.41770057899090157 0.029018105849582223 0.0413564929693962
0 0.9331476323119777 0.4845574855252275 0.03017409470752084 0.045492142266335814
0 0.9383704735376045 0.5583126550868487 0.029018105849582223 0.05514474772539295
0 0.9325696378830084 0.6637717121588089 0.0383008356545961 0.06478908188585603
0 0.31917130919220055 0.8374689826302729 0.06963788300835655 0.028949545078577336
0 0.6865111420612815 0.8354011579818031 0.07543871866295268 0.027568238213399442
0 0.32091225626740943 0.9928287841191067 0.07311977715877434 0.014334160463192662
0 0.693474930362117 0.9942100909842845 0.08240250696378833 0.011579818031430935
0 0.31337047353760444 0.6568817204301075 0.06963788300835655 0.023432588916459825
0 0.314533426183844 0.47146401985111663 0.08356545961002786 0.02481389578163772
0 0.07254178272980502 0.23297766749379653 0.03830083565459611 0.04687344913151364
0 0.14043871866295263 0.23228287841191067 0.04642757660167132 0.045492142266335814
0 0.20311281337047354 0.23435070306038047 0.04874651810584958 0.04687344913151364
0 0.27681058495821725 0.23159636062861869 0.04526462395543175 0.04687344913151364
0 0.3423885793871867 0.23021505376344084 0.04178272980501397 0.04411083540115799
0 0.4184052924791087 0.23986765922249792 0.05222841225626741 0.05238213399503725
0 0.49152506963788306 0.23228287841191067 0.04526462395543175 0.04273779983457402
0 0.5594220055710307 0.23435070306038047 0.0394637883008357 0.038602150537634376
0 0.6162952646239555 0.23297766749379653 0.03017409470752084 0.038602150537634376
0 0.6888370473537605 0.22952853598014888 0.05454735376044571 0.04273779983457402
0 0.7700766016713091 0.23504549214226636 0.04526462395543175 0.048246484698097614
0 0.8246309192200557 0.23228287841191067 0.029018105849582223 0.03722084367245657
0 0.8722144846796658 0.23090984284532673 0.026692200557103012 0.026195202646815515
2 0.44162256267409467 0.031017369727047148 0.41666434540389985 0.03997518610421836