0 0.9420281456953643 0.02330645161290323 0.041647350993377436 0.046586021505376336
0 0.8975993377483443 0.02225806451612903 0.04462748344370849 0.04448924731182796
0 0.8507119205298014 0.02225806451612903 0.034925496688741765 0.04448924731182796
0 0.8010430463576159 0.024354838709677425 0.054586092715231835 0.04868279569892473
0 0.7423841059602648 0.026451612903225806 0.05497516556291397 0.05290322580645161
0 0.9437086092715232 0.17473118279569894 0.04242549668874172 0.13002688172043012
0 0.89682119205298 0.1829301075268817 0.032723509933775 0.12623655913978496
0 0.8535596026490065 0.17158602150537633 0.03543874172185426 0.14051075268817206
0 0.8071854304635762 0.17768817204301074 0.03712748344370853 0.13252688172043012
0 0.7606870860927152 0.1804032258064516 0.035960264900662293 0.13129032258064516
0 0.6112913907284768 0.17935483870967742 0.08123344370860937 0.09559139784946237
0 0.5168708609271523 0.17747311827956988 0.06312086092715231 0.09516129032258067
0 0.42464403973509934 0.1722311827956989 0.06751655629139068 0.10145161290322582
0 0.32524006622516555 0.1682258064516129 0.082135761589404 0.09685483870967743
0 0.22952814569536423 0.18166666666666667 0.0614403973509934 0.0867741935483871
0 0.44288079470198677 0.03494623655913978 0.12251655629139073 0.06989247311827956
0 0.3399917218543046 0.03169354838709677 0.07540562913907288 0.06338709677419355
0 0.2504801324503311 0.032741935483870964 0.09299668874172189 0.06548387096774193
0 0.1706705298013245 0.032741935483870964 0.06014900662251658 0.06548387096774193
0 0.07822847682119205 0.036290322580645164 0.11009933774834436 0.07258064516129033
0 0.2356705298013245 0.41518817204301073 0.05432947019867549 0.07325268817204302
0 0.2456953642384106 0.525 0.07049668874172182 0.06776881720430102
0 0.2398758278145695 0.6272580645161291 0.056266556291390754 0.09419354838709683
0 0.24524006622516556 0.7475806451612904 0.08381622516556292 0.07610215053763426
3 0.8638245033112583 0.6397849462365591 0.18129139072847683 0.7204301075268817