0 0.9692112564407452 0.036988783433994823 0.02254458977407852 0.02584124245038827
0 0.9350257629805787 0.037661777394305436 0.038398731668648475 0.027195858498705778
0 0.8993539437177963 0.03900776531492666 0.02650812524772101 0.01910267471958585
0 0.8662187871581449 0.03819672131147541 0.028367023384859177 0.015332182916307158
0 0.9710661910424099 0.08496980155306298 0.018826793499801823 0.037696289905090594
0 0.4020531113753468 0.14360655737704917 0.030221957986524023 0.02554788610871442
0 0.3689813713832739 0.1414495254529767 0.03096710265556881 0.019076790336496993
0 0.34030915576694415 0.14293356341673857 0.016967895362663476 0.024193270060396913
0 0.3125644074514467 0.14280414150129422 0.030840269520412186 0.021768766177739447
0 0.28413793103448276 0.14630716134598792 0.022294887039239 0.02015530629853323
0 0.25342053111375346 0.14360655737704917 0.030221957986523978 0.02554788610871442
0 0.22152596115735235 0.14388265746333045 0.029603646452635773 0.01961173425366697
0 0.18238604835513278 0.14684210526315788 0.04545778834720569 0.019076790336496993
0 0.13854141894569957 0.14388265746333045 0.03208085612366229 0.01961173425366697
0 0.10361078081648832 0.14496117342536669 0.031585414189456984 0.017454702329594493
0 0.07320253666270313 0.14333908541846418 0.019076496234641298 0.02069025021570321
0 0.04743955608402695 0.14388265746333045 0.027003567181926275 0.01961173425366697
0 0.019635354736424887 0.14333908541846418 0.02217201743955608 0.02069025021570321
0 0.7021046373365042 0.2775927523727351 0.05437574316290133 0.0432959447799827
0 0.7120134760206104 0.3781535806729939 0.01474038842647644 0.030871440897325256
1 0.6128616726119699 0.48652286453839516 0.22889417360285375 0.05132873166522865
1 0.6128022195798652 0.7910181190681622 0.23000792707094728 0.22674719585849876
0 0.43586603250099093 0.14671268334771354 0.021058263971462588 0.027428817946505625
0 0.4646650812524772 0.1456341673856773 0.03282203725723343 0.029585849870578104
0 0.46175188267934997 0.5936928386540121 0.025762980578676178 0.049948231233822346
0 0.36991280221957984 0.8421225194132873 0.04397146254458979 0.024805867126833477