0 0.35780925778132483 0.031724524076147814 0.01596169193934557 0.04852183650615901
0 0.6454509177972865 0.03452407614781635 0.04855147645650442 0.05039193729003359
0 0.6068754988028731 0.031724524076147814 0.02327613727055065 0.04479283314669653
0 0.5816041500399042 0.027995520716685332 0.02061851556264967 0.03732362821948488
0 0.559656823623304 0.02892497200447928 0.012637669592976885 0.03546472564389698
0 0.5134357541899441 0.032665173572228444 0.01729050279329606 0.031724524076147814
0 0.44460095770151636 0.030795072788353865 0.03923782920989622 0.024266517357222846
0 0.39039505187549883 0.02892497200447928 0.03059457302474065 0.027995520716685332
0 0.012302474062250598 0.11291153415453527 0.01662809257781325 0.03546472564389696
0 0.01097366320830008 0.15677491601343785 0.009976057462090982 0.022396416573348264
0 0.010642458100558659 0.2043673012318029 0.010642458100558659 0.027995520716685332
0 0.010307262569832401 0.251030235162374 0.015295291300877893 0.020526315789473667
0 0.011640063846767757 0.31075027995520715 0.01662809257781325 0.03919372900335946
0 0.007980845969672785 0.3630123180291154 0.013300079808459696 0.03919372900335946
0 0.011640063846767757 0.41620380739081747 0.02194732641660016 0.029865621500559866
0 0.013300079808459696 0.4628555431131019 0.014632881085395053 0.026125419932810798
0 0.012637669592976856 0.5169876819708846 0.010642458100558659 0.026125419932810798
0 0.011971268954509178 0.5869764837625979 0.013300079808459696 0.03919372900335946
0 0.0113048683160415 0.6270996640537514 0.014632881085395053 0.0335946248600224
0 0.013966480446927373 0.6774916013437849 0.011971268954509178 0.02612541993281067
0 0.3036033519553073 0.5617805151175812 0.07515163607342375 0.041063829787233996
0 0.2813248204309657 0.8958566629339306 0.038575418994413434 0.0335946248600224
0 0.3258858739026337 0.8902575587905935 0.033252194732641634 0.02986562150055999
0 0.3750997605746209 0.7848040313549832 0.025271348762968847 0.027995520716685332
0 0.4030327214684757 0.7801455767077268 0.01729050279329606 0.01866741321388586
0 0.3734357541899441 0.5440425531914893 0.025937749401436554 0.024266517357222798
0 0.40270151636073426 0.5449832026875701 0.019285714285714302 0.022396416573348264
0 0.3734357541899441 0.3023516237402016 0.024608938547486064 0.018667413213885733
0 0.40270151636073426 0.30142217245240766 0.023276137270550695 0.02052631578947373
0 0.396049481245012 0.14184770436730124 0.08180367118914605 0.0634602463605823
0 0.47685554668794894 0.14464725643896975 0.07182761372705507 0.06531914893617019
0 0.5556664006384677 0.1409070548712206 0.06584197924980048 0.06531914893617023
0 0.6208419792498004 0.12784994400895858 0.03923782920989622 0.06159014557670774
0 0.9483918595371109 0.02986562150055991 0.009309656823623275 0.03732362821948488
0 0.9818435754189944 0.030795072788353865 0.036312849162011177 0.06159014557670773
0 0.6128611332801277 0.7036170212765958 0.057861133280127694 0.04852183650615893
0 0.6115323224261772 0.46192609182530797 0.05918994413407818 0.04292273236282199
0 0.6112011173184357 0.9481187010078387 0.055865921787709494 0.0373236282194848
3 0.7122905027932961 0.43673012318029114 0.11971268954509177 0.6793617021276597
1 0.3036033519553073 0.2248936170212766 0.07781324820430965 0.0317245240761478
2 0.3049361532322426 0.44325867861142215 0.07648443735035916 0.15864501679731238
1 0.2733439744612929 0.72508398656215 0.025271348762968847 0.020526315789473604
1 0.2773343974461293 0.7577491601343784 0.033252194732641634 0.011198208286674132
1 0.280658419792498 0.7885442329227323 0.03990422984836393 0.024266517357222926
1 0.36345969672785317 0.3490145576707727 0.012637669592976885 0.029865621500559866
1 0.3637948922585794 0.4124636058230683 0.009309656823623275 0.026125419932810798
1 0.36213088587390263 0.5972340425531916 0.008647246608140492 0.02612541993281067
1 0.36246209098164406 0.6569652855543112 0.006652035115722295 0.01866741321388586
1 0.3637948922585794 0.8398656215005599 0.009309656823623275 0.02612541993281067
1 0.36412609736632084 0.8986562150055991 0.008647246608140492 0.0167973124300112