0 0.03551065393093314 0.07146772767462423 0.05387950036737694 0.028001768346595922
0 0.14327700220426157 0.08251989389920424 0.05387950036737692 0.023580901856763915
0 0.24675238795003673 0.07736516357206012 0.106539309331374 0.042732095490716174
0 0.39248346803820716 0.07809902740937223 0.09919177075679647 0.02946949602122017
0 0.5131006612784718 0.07809902740937223 0.10286554004408523 0.038311229000884184
0 0.6165833945628214 0.07736516357206012 0.07714915503306392 0.036843501326259964
0 0.7237325495958854 0.07515473032714412 0.07837619397501842 0.03536693191865606
0 0.8180235121234386 0.07736516357206012 0.07102865540044091 0.036843501326259964
0 0.9417119764878766 0.07884173297966401 0.03429096252755332 0.022104332449160036
0 0.0740852314474651 0.39861184792219273 0.10409257898603967 0.042732095490716215
0 0.059390154298310065 0.4472413793103448 0.06490080822924321 0.019160035366931883
0 0.0440852314474651 0.5069230769230769 0.05633357825128583 0.03831122900088411
0 0.05571638501102131 0.5570291777188329 0.055106539309331376 0.02358090185676399
0 0.05755326965466567 0.6071352785145888 0.08082292432035267 0.026525198938992044
0 0.06796473181484203 0.6601856763925729 0.0673548861131521 0.029469496021220096
0 0.03857457751653196 0.7088152077807249 0.04285819250551065 0.03536693191865606
0 0.5700440852314475 0.9040671971706454 0.02816311535635557 0.02504862953138809
0 0.8957898603967671 0.46492484526967287 0.025716385011021307 0.03094606542882405
2 0.7953710506980162 0.4612466843501326 0.16287288758265986 0.029469496021220145
1 0.828434974283615 0.02431476569407604 0.07224834680382067 0.0073651635720601225
1 0.9270168993387216 0.01989389920424403 0.05878030859662013 0.013262599469496022