0 0.1335725677830941 0.4433540925266904 0.21664274322169064 0.0563434163701068
0 0.37745614035087716 0.44483985765124556 0.21796650717703353 0.05338078291814947
0 0.6240031897926634 0.4463256227758008 0.21929824561403508 0.062277580071174427
0 0.8685566188197767 0.4441014234875445 0.2113237639553429 0.051895017793594345
0 0.7648883572567783 0.028176156583629895 0.03588516746411483 0.02372775800711744
0 0.845956937799043 0.02372775800711744 0.10500000000000005 0.04744661921708185
0 0.9635805422647528 0.02372775800711744 0.06114035087719304 0.04448398576512456
1 0.13291068580542265 0.029653024911032028 0.034553429027113225 0.011859430604982206
1 0.19471291866028706 0.028176156583629895 0.043859649122806994 0.017793594306049824
1 0.34555821371610845 0.025951957295373668 0.04519138755980858 0.013345195729537367
0 0.27047049441786286 0.02372775800711744 0.06778309409888357 0.017793594306049824
0 0.3993859649122806 0.024466192170818506 0.0279106858054226 0.028167259786476866