2 0.36060894386298764 0.04709576138147567 0.32540437678401524 0.03453689167974882
0 0.6412940057088488 0.012558869701726845 0.038058991436726926 0.015698587127158554
0 0.7117031398667936 0.01020408163265306 0.03425309229305423 0.02040816326530612
0 0.7811607992388202 0.01098901098901099 0.05137963843958135 0.02197802197802198
0 0.8372978116079924 0.009419152276295133 0.04567078972407231 0.018838304552590265
0 0.9295908658420552 0.00706436420722135 0.10085632730732635 0.0141287284144427
0 0.9628924833491912 0.065149136577708 0.038058991436726926 0.01098901098901099
0 0.05137963843958135 0.10204081632653061 0.060894386298763085 0.0282574568288854
0 0.13415794481446242 0.1043956043956044 0.08943862987630828 0.029827315541601257
0 0.26450999048525214 0.09654631083202511 0.1065651760228354 0.02040816326530612
0 0.362511893434824 0.09968602825745683 0.047573739295908656 0.029827315541601257
0 0.461465271170314 0.09340659340659341 0.07421503330161751 0.02040816326530612
0 0.5699333967649858 0.10596546310832025 0.0780209324452902 0.026687598116169546
0 0.6470028544243578 0.10047095761381476 0.030447193149381543 0.03139717425431711
0 0.7269267364414843 0.0989010989010989 0.08372978116079924 0.018838304552590265
0 0.8220742150333016 0.10282574568288853 0.0532825880114177 0.02040816326530612
0 0.9467174119885823 0.10675039246467818 0.09705042816365367 0.018838304552590265
0 0.06945765937202664 0.576138147566719 0.0780209324452902 0.03139717425431711
0 0.1522359657469077 0.5800627943485086 0.04567078972407231 0.03610675039246468
0 0.2530922930542341 0.576138147566719 0.09895337773549001 0.0282574568288854
0 0.37012369172216936 0.5808477237048666 0.0818268315889629 0.0282574568288854
0 0.47288296860133205 0.5808477237048666 0.07040913415794481 0.03767660910518053
0 0.5632730732635585 0.5808477237048666 0.07611798287345385 0.03139717425431711
0 0.6384395813510942 0.5777080062794349 0.06279733587059944 0.0282574568288854
0 0.7288296860133207 0.5792778649921507 0.06470028544243578 0.02197802197802198
0 0.7421503330161751 0.652276295133438 0.05708848715509039 0.026687598116169546
0 0.8353948620361561 0.6507064364207221 0.09514747859181731 0.029827315541601257
0 0.9486203615604186 0.6491365777080063 0.0780209324452902 0.023547880690737835
0 0.06660323501427212 0.6428571428571429 0.022835394862036156 0.0141287284144427
0 0.024738344433872503 0.6452119309262166 0.03425309229305423 0.02511773940345369