0 0.12116316639741519 0.6301868327402136 0.048465266558966075 0.05338078291814947
0 0.18039579967689823 0.6331583629893238 0.05115508885298868 0.047446619217081785
0 0.24165589660743136 0.6346352313167261 0.0498142164781906 0.05338078291814947
0 0.3055977382875606 0.6301868327402136 0.04307754442649438 0.047446619217081785
0 0.3675282714054927 0.6279626334519574 0.05115508885298872 0.05189501779359424
0 0.4079159935379645 0.6361209964412812 0.013465266558966087 0.017793594306049824
0 0.06731017770597739 0.6212900355871886 0.01884491114701132 0.017793594306049824
0 0.9504604200323102 0.19201957295373667 0.04038772213247173 0.03707295373665482
0 0.9497819063004846 0.1386387900355872 0.036348949919224556 0.02817615658362991
0 0.9168012924071083 0.27580071174377224 0.09693053311793215 0.04448398576512456
0 0.9369951534733441 0.498220640569395 0.048465266558966075 0.023727758007117503
0 0.946421647819063 0.6086921708185054 0.05923263327948298 0.02224199288256228
0 0.9201696284329565 0.9074733096085409 0.07673667205169628 0.04152135231316732
0 0.5889903069466882 0.1964679715302491 0.0713489499192245 0.013345195729537367