0 0.07758845437616387 0.5658179419525066 0.10552141527001864 0.03224274406332461
0 0.039832402234636875 0.1245910290237467 0.0258659217877095 0.026385224274406333
0 0.3036405959031657 0.13266490765171504 0.013445065176908803 0.030778364116094966
0 0.35899441340782123 0.12679419525065963 0.012411545623836165 0.01905013192612137
0 0.6197020484171322 0.12240105540897098 0.0186219739292365 0.0219920844327177
0 0.6745251396648045 0.12606860158311345 0.014487895716945946 0.017585751978891836
0 0.9466201117318436 0.13559366754617413 0.020689013035381777 0.030778364116094966
0 0.7055679702048416 0.5628891820580475 0.07862197392923655 0.02931398416886547
0 0.38692737430167595 0.5680211081794195 0.09517690875232777 0.030778364116095042
0 0.1706983240223464 0.9161477572559368 0.283463687150838 0.04397097625329806
0 0.49089385474860336 0.9176253298153033 0.28657355679702046 0.049841688654353525
0 0.8079888268156424 0.9132189973614776 0.27932960893854747 0.049841688654353525
1 0.7086685288640596 0.6772163588390502 0.07655493482309127 0.03518469656992086
1 0.06931098696461825 0.6801583113456464 0.08069832402234639 0.026385224274406333
1 0.39519553072625696 0.679419525065963 0.08483240223463688 0.027849604221635828
1 0.11638733705772812 0.7255936675461742 0.17277467411545624 0.026385224274406333
1 0.43813780260707635 0.7248548812664909 0.17069832402234641 0.021992084432717773
1 0.7557448789571695 0.7248548812664909 0.1727746741154562 0.021992084432717773