0 0.39964994165694284 0.22913309982486865 0.13030338389731616 0.02626970227670753
0 0.5737106184364061 0.22694395796847638 0.1828121353558926 0.03356392294220666
0 0.7477596266044341 0.22548161120840632 0.1303033838973163 0.027732049036777572
0 0.9539089848308051 0.15908056042031524 0.040840140023337225 0.020429071803852877
0 0.1516919486581097 0.31450963222416817 0.0661260210035006 0.024807355516637514
0 0.24212368728121353 0.31450963222416817 0.07196032672112021 0.024807355516637514
0 0.33060676779463244 0.3159632224168126 0.07389731621936992 0.021891418563922942
0 0.4122870478413069 0.3188879159369527 0.07389731621936994 0.024807355516637514
0 0.5017502917152858 0.31450963222416817 0.07001166861143523 0.024807355516637514
0 0.6038506417736289 0.31961471103327493 0.10306884480746789 0.029185639229422102
0 0.7137339556592766 0.3159632224168126 0.0622287047841306 0.021891418563922942
0 0.15947491248541423 0.35172504378283714 0.08556592765460909 0.02335376532399296
0 0.31408401400233377 0.3553677758318739 0.1691948658109685 0.021891418563922942
0 0.4511901983663944 0.35610332749562174 0.07001166861143523 0.02626970227670753
0 0.5591248541423571 0.3524518388791594 0.11473745624270716 0.024807355516637514
0 0.21683780630105018 0.9063047285464098 0.18864644107351228 0.029185639229422
0 0.4268728121353559 0.9055779334500876 0.20420070011668612 0.024807355516637413
0 0.6495565927654608 0.9055779334500876 0.18281213535589266 0.03064798598949212
0 0.852777129521587 0.944246935201401 0.1069661610268379 0.029185639229422
0 0.3665927654609102 0.7537915936952715 0.5231388564760794 0.021891418563922942
1 0.28491248541423564 0.4108318739054291 0.3442240373395566 0.0452451838879159
1 0.7992998833138857 0.4115586690017513 0.3539439906651108 0.043782837127845885
2 0.4764644107351225 0.16637478108581435 0.824585764294049 0.043782837127845885