2 0.39401639344262296 0.043234767025089604 0.4560573770491803 0.04601254480286738
0 0.8630491803278689 0.04136200716845878 0.04622131147540973 0.05224014336917563
0 0.9160983606557378 0.042356630824372764 0.0384836065573769 0.05025089605734767
0 0.9688114754098361 0.03725806451612903 0.045991803278688626 0.05796594982078853
0 0.8188770491803279 0.10569892473118278 0.06717213114754093 0.025591397849462356
0 0.7464754098360656 0.10457885304659498 0.06808196721311471 0.025340501792114695
0 0.6826065573770491 0.1007258064516129 0.05191803278688518 0.025591397849462367
0 0.6107704918032787 0.10271505376344085 0.07900819672131155 0.031568100358422946
0 0.5284672131147541 0.10208781362007169 0.06694262295081974 0.030322580645161305
0 0.4641393442622951 0.09984767025089607 0.05897540983606561 0.02982078853046594
0 0.3850245901639344 0.10732078853046594 0.07149180327868855 0.014892473118279561
0 0.3174016393442623 0.10508064516129031 0.031877049180327854 0.024345878136200705
0 0.273 0.10396057347670251 0.03870491803278691 0.02409498207885306
0 0.2163032786885246 0.09847670250896058 0.04827049180327868 0.03505376344086022
1 0.09085245901639344 0.10731182795698926 0.12067213114754095 0.044749103942652343
2 0.49100819672131146 0.2964516129032258 0.3768196721311476 0.04469534050179211
2 0.4887295081967213 0.37696236559139784 0.38137704918032783 0.04044802867383512
2 0.4885081967213115 0.4238799283154122 0.37636885245901647 0.04094982078853051
2 0.48975409836065575 0.5013978494623655 0.38114754098360654 0.04041218637992823
2 0.4885081967213115 0.5822849462365591 0.37636885245901647 0.04287634408602142
2 0.4873688524590164 0.6603046594982078 0.3786475409836066 0.043602150537634485
2 0.33561475409836067 0.7291129032258065 0.07741803278688528 0.037858422939068104
2 0.3467704918032787 0.7836200716845878 0.10427868852459019 0.03336021505376346
2 0.37795901639344265 0.8220698924731182 0.17122131147540987 0.028620071684587862
2 0.42031147540983604 0.855663082437276 0.25591803278688524 0.026120071684587895
2 0.3771639344262295 0.8872759856630825 0.12181147540983603 0.02760752688172038
2 0.5551065573770492 0.8874014336917563 0.11566393442622962 0.02984767025089601
0 0.664844262295082 0.7829928315412187 0.0346065573770492 0.02215949820788532
0 0.6668934426229508 0.8168458781362007 0.029598360655737625 0.024139784946236607
0 0.6684918032786885 0.8519354838709677 0.03278688524590164 0.018655913978494566
0 0.484516393442623 0.9594444444444444 0.3897950819672131 0.04251792114695324