0 0.39244357976653693 0.7403545359749739 0.1133929961089494 0.044692387904066634
0 0.5063891050583658 0.7396141814389989 0.09894163424124522 0.03128258602711158
0 0.6114474708171207 0.7388633993743483 0.09115953307393004 0.035755995828988495
0 0.6892684824902724 0.34633993743482794 0.026684824902723708 0.022346193952033317
0 0.1339610894941634 0.12736183524504693 0.09672373540856033 0.04021897810218979
0 0.21178210116731516 0.12662148070907195 0.03224124513618675 0.029791449426485917
0 0.2590350194552529 0.12363920750782063 0.042249027237354055 0.029791449426485917
0 0.3018365758754864 0.12662148070907195 0.043354085603112866 0.026809176225234613
0 0.34575097276264594 0.1251303441084463 0.022233463035019493 0.026809176225234613
0 0.3902178988326849 0.1318352450469239 0.04669260700389109 0.025328467153284677
0 0.438023346303502 0.13257559958289886 0.042249027237354055 0.023837330552659006
0 0.48360311284046686 0.1281126173096976 0.03335408560311276 0.02979144942648593
0 0.5458599221789883 0.1281126173096976 0.060031128404669336 0.020855057351407733
0 0.6120077821011672 0.12289885297184568 0.05003112840466923 0.034264859228362865
0 0.7893307392996108 0.11693430656934306 0.040023346303501905 0.028300312825860287
0 0.8482490272373541 0.1161939520333681 0.04891828793774329 0.0178727841501564
0 0.91884046692607 0.1251303441084463 0.08115953307392994 0.032773722627737235
0 0.7871050583657587 0.04841501564129301 0.040023346303501996 0.05511991657977059
0 0.82768093385214 0.06033368091762252 0.025571984435797765 0.04021897810218977
0 0.8632607003891051 0.05586027111574557 0.03224124513618664 0.03723670490093847
0 0.9016108949416342 0.05511991657977059 0.03557198443579769 0.03575599582898852
0 0.9622023346303502 0.05436913451511992 0.05003112840466923 0.055119916579770584
0 0.9349649805447471 0.7887695516162669 0.11339299610894944 0.05809176225234623
0 0.06809338521400778 0.935349322210636 0.07859922178988327 0.12930135557872785
0 0.19789105058365758 0.9379562043795621 0.06670038910505835 0.12408759124087591
0 0.3224046692607004 0.9213451511991658 0.08671595330739296 0.13854014598540135
0 0.4363501945525292 0.9287904066736183 0.07670817120622563 0.11470281543274244
0 0.5730972762645914 0.9280500521376434 0.08782879377431899 0.11917622523461936
0 0.694272373540856 0.9265589155370177 0.08560311284046693 0.13108446298227325
0 0.8126770428015564 0.925067778936392 0.07782101167315175 0.10427528675703858
0 0.9405214007782101 0.9317726798748697 0.08004669260700399 0.09384775808133472
2 0.4257898832684825 0.05064650677789364 0.4402412451361868 0.06851929092805005
3 0.5030583657587548 0.545213764337852 0.44357976653696496 0.4886027111574556