2 0.41519063545150503 0.24405208333333334 0.37745150501672237 0.03571875000000002
2 0.4123277591973244 0.34003125 0.3640735785953177 0.03125
2 0.4142408026755853 0.43378125 0.37171237458193984 0.040177083333333384
2 0.35642809364548494 0.5074375 0.26755852842809363 0.03571874999999996
2 0.3607290969899665 0.5714270833333334 0.2608695652173913 0.0327395833333334
2 0.842809364548495 0.5751458333333334 0.26755852842809363 0.037197916666666705
2 0.26517056856187293 0.6703854166666667 0.08313712374581937 0.037197916666666705
2 0.59961872909699 0.7366041666666666 0.736742474916388 0.038687500000000104
1 0.7381739130434782 0.5059479166666666 0.06211371237458203 0.020833333333333332
1 0.2603946488294315 0.8653229166666667 0.07739799331103682 0.022322916666666734
1 0.2670836120401338 0.9211354166666667 0.0793110367892977 0.026781250000000038
0 0.34161204013377927 0.6681562499999999 0.05446822742474913 0.0327395833333334