0 0.7558951406649617 0.35446499339498017 0.08240409207161133 0.027886393659180997
0 0.8454092071611253 0.35006605019815057 0.08809462915601037 0.03376486129458385
0 0.9313682864450128 0.3522721268163805 0.06961636828644509 0.02348745046235135
0 0.07388746803069055 0.17466314398943197 0.10230179028132992 0.014676354029062106
0 0.03907928388746802 0.19961690885072658 0.04973145780051151 0.02348745046235135
0 0.04262148337595908 0.22089828269484807 0.04262148337595908 0.01614266842800532
0 0.03978260869565217 0.24585204755614268 0.03978260869565217 0.019075297225891675
0 0.035524296675191816 0.261994715984148 0.03978260869565217 0.01027741083223246
0 0.03694373401534527 0.15631439894319682 0.03694373401534527 0.016142668428005283
0 0.8603324808184143 0.008071334214002643 0.171918158567775 0.016142668428005286
0 0.30193094629156014 0.9621268163804492 0.021317135549872142 0.027886393659180844
0 0.33531969309462917 0.9650726552179656 0.02273657289002554 0.01907529722589175
0 0.37226342710997445 0.964332892998679 0.03410485933503831 0.02055482166446492
0 0.41631713554987215 0.9665389696169088 0.03125319693094636 0.022021136063408286
0 0.4497058823529412 0.9701981505944518 0.02699488491048595 0.014676354029061955
0 0.4873529411764706 0.9672655217965654 0.03125319693094636 0.014676354029061955
0 0.5186189258312021 0.964332892998679 0.03125319693094636 0.017608982826948383
0 0.5704731457800511 0.9665389696169088 0.02983375959079289 0.01907529722589175
0 0.6038618925831203 0.9657992073976223 0.02273657289002554 0.014676354029061955
0 0.6443606138107417 0.9635931307793925 0.021317135549872142 0.01907529722589175
0 0.6670971867007672 0.9657992073976223 0.021317135549872215 0.014676354029061955
0 0.2777749360613811 0.9591941875825628 0.02415601023017901 0.013210039630118891
1 0.1882608695652174 0.3537384412153236 0.10372122762148339 0.0322853368560106
1 0.07886189258312021 0.06165125495376486 0.11792838874680307 0.026420079260237782
1 0.06749360613810741 0.35520475561426684 0.11508951406649616 0.02348745046235135