0 0.16831801470588234 0.1872855464159812 0.07927389705882353 0.03672150411280846
0 0.2516084558823529 0.17700352526439483 0.07352941176470588 0.033783783783783786
0 0.32916360294117647 0.18287896592244418 0.05629595588235294 0.033783783783783786
0 0.40670955882352944 0.1755346650998825 0.06893382352941177 0.030846063454759105
0 0.4469209558823529 0.3517978848413631 0.11029411764705882 0.04553466509988249
0 0.4515165441176471 0.5361339600470035 0.11948529411764706 0.026439482961222092
0 0.5922610294117647 0.5390716803760282 0.12293198529411764 0.026439482961222092
0 0.2590808823529412 0.6257344300822562 0.16888786764705882 0.05875440658049354
0 0.41934742647058826 0.6235370152761457 0.14476102941176472 0.03965922444183314
0 0.5945588235294118 0.6286721504112809 0.15510110294117646 0.04406580493537015
0 0.7749356617647059 0.6205992949471211 0.14820772058823528 0.03965922444183314
0 0.9265900735294119 0.386310223266745 0.10454963235294128 0.07931844888366628
0 0.9151011029411765 0.286427732079906 0.09306066176470598 0.08519388954171563
0 0.5537683823529411 0.18213866039952997 0.05974264705882353 0.023501762632197415
0 0.6077665441176471 0.1836075205640423 0.03676470588235294 0.02937720329024677
0 0.6508547794117647 0.18581668625146885 0.05170036764705882 0.02790834312573443
0 0.7266819852941176 0.1872855464159812 0.08157169117647059 0.022032902467685075
0 0.8048069852941176 0.18581668625146885 0.07697610294117647 0.02790834312573443
0 0.6198345588235294 0.11824911868390128 0.04940257352941176 0.02497062279670975
0 0.68359375 0.11897767332549941 0.07582720588235294 0.026439482961222092
0 0.7427665441176471 0.11384253819036427 0.047104779411764705 0.022032902467685075
0 0.8030790441176471 0.11971797884841362 0.05744485294117647 0.022032902467685075
0 0.8743106617647058 0.1145710928319624 0.07352941176470588 0.014688601645123384
0 0.950716911764706 0.11531139835487661 0.06548713235294118 0.02497062279670975
0 0.9225643382352942 0.1792009400705053 0.1056985294117647 0.05581668625146886
0 0.0729595588235294 0.35693301997649823 0.09076286764705882 0.02937720329024677
0 0.08904411764705882 0.3988014101057579 0.11603860294117647 0.02497062279670975
0 0.06204044117647059 0.4480023501762632 0.08501838235294118 0.03231492361927144
0 0.06548713235294118 0.4891304347826087 0.08042279411764706 0.02937720329024677
0 0.053998161764705885 0.5258519388954171 0.07352941176470588 0.026439482961222092
0 0.08846507352941177 0.5794712103407755 0.11029411764705882 0.030846063454759105
0 0.06951286764705882 0.616192714453584 0.0700827205882353 0.02790834312573443
0 0.06204044117647059 0.6624559341950647 0.08042279411764706 0.011750881316098707
0 0.05572610294117647 0.7101997649823737 0.05170036764705882 0.01615746180963572
0 0.5164338235294118 0.963572267920094 0.24701286764705882 0.0499412455934195
0 0.6284466911764706 0.45314923619271447 0.12178308823529412 0.02497062279670975
1 0.06893382352941177 0.18581668625146885 0.10340073529411764 0.02790834312573443
3 0.08559742647058823 0.09253819036427732 0.13212316176470587 0.1028202115158637