0 0.04194300518134715 0.13907237512742102 0.06661485319516408 0.033496432212028554
0 0.05120034542314335 0.10047910295616717 0.057979274611398963 0.017471967380224246
0 0.10609671848013819 0.10411824668705402 0.03454231433506046 0.018929663608562686
0 0.15667530224525045 0.10557594291539245 0.041943005181347144 0.016014271151885837
0 0.17086355785837654 0.14708460754332314 0.0456476683937824 0.029123343527013245
0 0.24426597582037998 0.14635066258919469 0.059214162348877344 0.02476044852191643
0 0.32691709844559586 0.14926605504587157 0.05921416234887742 0.02766564729867481
0 0.6451986183074266 0.1441692150866463 0.06415371329879099 0.026207951070336372
0 0.7321761658031088 0.14198776758409784 0.045647668393782294 0.02766564729867481
0 0.8191450777202073 0.1412538226299694 0.03947322970639036 0.020387359836901122
0 0.8290155440414507 0.10557594291539245 0.03454231433506045 0.018929663608562686
0 0.8832987910189982 0.09975535168195719 0.039473229706390264 0.018929663608562686
0 0.9400431778929188 0.10775739041794087 0.029611398963730537 0.017471967380224277
0 0.9122884283246978 0.14198776758409784 0.030837651122625247 0.02766564729867481
0 0.9505267702936097 0.14343527013251783 0.023436960276338403 0.02184505606523956
0 0.626692573402418 0.29415902140672784 0.032072538860103715 0.020387359836901122
0 0.1548272884283247 0.6895310907237512 0.13940414507772023 0.03640163098878699
0 0.050578583765112255 0.6866156982670745 0.0616839378238342 0.024760448521916376
0 0.29422279792746114 0.6895310907237512 0.06291882556131262 0.027665647298674923
0 0.40402417962003456 0.6902548419979613 0.1270639032815199 0.03203873598369018
0 0.5539119170984456 0.6858919469928645 0.06415371329879099 0.029123343527013186
0 0.6519861830742659 0.6887971457696229 0.12213298791019003 0.03495412844036694
0 0.7907685664939551 0.6895310907237512 0.0740155440414508 0.03640163098878699
0 0.8999481865284975 0.6858919469928645 0.12213298791018994 0.029123343527013186
2 0.12953367875647667 0.7914678899082568 0.18505181347150257 0.03349643221202844
0 0.3768825561312608 0.7951070336391437 0.14927461139896375 0.04659531090723755
0 0.6174438687392055 0.7929255861365954 0.11226252158894647 0.04223241590214074
0 0.8586269430051813 0.7972884811416922 0.11842832469775463 0.04223241590214074
0 0.9067357512953368 0.2723139653414883 0.12089810017271158 0.023302752293577995
3 0.5 0.037135575942915396 1 0.06844036697247706
3 0.47187392055267696 0.4507033639143731 0.31951640759930916 0.3276554536187564