0 0.0713166144200627 0.09788566953797964 0.06426332288401254 0.02975724353954581
0 0.15517241379310345 0.09866875489428348 0.08463949843260188 0.031323414252153486
0 0.2554858934169279 0.10023492560689115 0.09404388714733543 0.031323414252153486
0 0.33072100313479624 0.09866875489428348 0.047021943573667714 0.028191072826938137
0 0.4106583072100313 0.10023492560689115 0.06896551724137931 0.025058731401722788
0 0.4882445141065831 0.10415035238841033 0.07366771159874608 0.02975724353954581
0 0.5595611285266457 0.09866875489428348 0.03761755485893417 0.018794048551292093
0 0.6324451410658307 0.1033672670321065 0.06739811912225706 0.018794048551292093
0 0.7147335423197492 0.10023492560689115 0.047021943573667714 0.015661707126076743
0 0.7962382445141066 0.09945184025058731 0.06896551724137931 0.023492560689115115
0 0.5587774294670846 0.014878621769772905 0.04231974921630094 0.017227877838684416
0 0.6136363636363636 0.01331245105716523 0.05172413793103448 0.02662490211433046
0 0.6653605015673981 0.010180109631949883 0.03605015673981191 0.020360219263899765
0 0.7170846394984326 0.010180109631949883 0.03918495297805643 0.020360219263899765
0 0.786833855799373 0.007830853563038372 0.07523510971786834 0.015661707126076743
0 0.8181818181818182 0.06656225528582616 0.018808777429467086 0.014095536413469069
0 0.6269592476489029 0.6844166014095536 0.02821316614420063 0.015661707126076743
0 0.27037617554858934 0.889584964761159 0.04231974921630094 0.018794048551292093
0 0.5407523510971787 0.8841033672670321 0.047021943573667714 0.017227877838684416
0 0.8142633228840125 0.8911511354737667 0.07366771159874608 0.015661707126076743
3 0.9200626959247649 0.7000783085356304 0.14106583072100312 0.4635865309318716
1 0.30877742946708464 0.6805011746280345 0.12852664576802508 0.020360219263899765
3 0.4396551724137931 0.41503523884103366 0.4153605015673981 0.5763508222396241
2 0.3275862068965517 0.0485512920908379 0.2664576802507837 0.028191072826938137