0 0.2752583798882682 0.036968576709796676 0.036082402234636844 0.040046210720887244
0 0.36778631284916197 0.053909426987061 0.06517458100558658 0.036968576709796676
0 0.4952304469273743 0.04697781885397412 0.13151536312849157 0.035425138632162664
0 0.9649650837988827 0.04466728280961183 0.07006284916201112 0.024648798521256933
2 0.8420600558659217 0.041589648798521256 0.16178072625698328 0.043133086876155274
1 0.17807262569832402 0.41435304990757854 0.19553072625698323 0.018484288354898338
1 0.13268156424581007 0.47597042513863214 0.09543994413407818 0.021561922365988896
1 0.16992318435754192 0.5314232902033271 0.18388966480446925 0.018484288354898338
1 0.17574720670391059 0.5984288354898336 0.18854748603351956 0.02310536044362292
1 0.16585195530726257 0.6600462107208872 0.18273044692737436 0.029269870609981583
1 0.18447625698324024 0.7185767097966729 0.20600558659217877 0.029269870609981583
1 0.13442737430167598 0.7786506469500925 0.06634078212290503 0.020027726432532415
1 0.24499301675977653 0.7801940850277264 0.08263268156424584 0.02310536044362292
1 0.33112430167597773 0.7817282809611831 0.05935754189944138 0.020027726432532415
1 0.39687849162011174 0.7794177449168207 0.058191340782122854 0.01540665434380783
0 0.9270251396648045 0.47365988909426987 0.04771648044692732 0.03542513863216265
0 0.9241131284916201 0.5291127541589649 0.04422486033519548 0.026182994454713428
0 0.9252793296089385 0.5999722735674676 0.058191340782122854 0.035425138632162595
0 0.9270251396648045 0.6615804066543438 0.050048882681564294 0.035425138632162595
0 0.9206215083798882 0.7239648798521258 0.04888268156424581 0.024648798521257
0 0.45391061452513964 0.8880129390018484 0.11405726256983235 0.041589648798521256
0 0.5790293296089385 0.8864787430683918 0.10125698324022346 0.03851201478743075