0 0.0983477576711251 0.1341779661016949 0.07081038552321008 0.05366949152542372
0 0.1848937844217152 0.1391271186440678 0.0760582218725413 0.043788135593220354
0 0.25373721479150274 0.1320593220338983 0.04589299763965385 0.038135593220338986
0 0.30159716758457905 0.1299406779661017 0.04195908733280884 0.04519491525423727
0 0.3547049567269866 0.1341779661016949 0.043273013375295044 0.0423728813559322
0 0.4189614476789929 0.1391271186440678 0.07212431156569632 0.038135593220338986
0 0.4805900865460268 0.13347457627118645 0.053760818253343765 0.038135593220338986
0 0.536978756884343 0.13559322033898305 0.059008654602675056 0.03955084745762713
0 0.6136900078678206 0.13629661016949154 0.0944138473642801 0.029661016949152543
0 0.1947285601888277 0.014127118644067798 0.08261211644374508 0.028245762711864405
0 0.27209284028324154 0.01836440677966102 0.059008654602675056 0.031076271186440678
0 0.33896931549960657 0.01694915254237288 0.05638867033831625 0.03389830508474576
0 0.4084736428009441 0.014830508474576272 0.08523210070810384 0.029661016949152543
0 0.4766561762391818 0.017652542372881354 0.06425649095200635 0.02683898305084746
0 0.5533674272226593 0.01836440677966102 0.07343036978756878 0.019771186440677966
0 0.6858143194335169 0.017652542372881354 0.05769472856018877 0.02683898305084746
0 0.7421951219512195 0.012008474576271189 0.03147128245476003 0.024008474576271185
0 0.7848151062155783 0.014830508474576272 0.04589299763965376 0.024008474576271185
0 0.8392368214004722 0.020483050847457628 0.03933910306845004 0.024008474576271185
0 0.8857828481510621 0.012008474576271189 0.048520849724626336 0.024008474576271185
0 0.9454523996852873 0.019067796610169493 0.05245476003147134 0.032483050847457624
0 0.8956176239181746 0.06921186440677966 0.034091266719118746 0.048025423728813556
0 0.9408575924468922 0.07203389830508475 0.059008654602675056 0.03672033898305084
0 0.7703933910306844 0.08898305084745763 0.13506687647521634 0.0423728813559322
0 0.03147128245476003 0.13277118644067795 0.049826907946498813 0.031076271186440692
2 0.3973249409913454 0.07697457627118644 0.4301101494885917 0.038135593220338986
0 0.780228166797797 0.13347457627118645 0.06556254917387887 0.026838983050847472
0 0.8484107002360346 0.1341779661016949 0.04458693941778133 0.02260169491525425
0 0.9139811172305272 0.13347457627118645 0.07605822187254137 0.0211864406779661
0 0.485837922895358 0.4343220338983051 0.1744059795436664 0.029661016949152543