2 0.38771012574454006 0.08647798742138364 0.3695102581072139 0.03930817610062893
0 0.14394440767703506 0.13364779874213836 0.06949040370615486 0.03930817610062893
0 0.2112309728656519 0.13102987421383647 0.05845797485109202 0.041926100628930804
0 0.2724487094639312 0.13954402515723272 0.0375049636002647 0.014410377358490553
0 0.31821972203838517 0.13889150943396225 0.034195896757114465 0.026202830188679232
0 0.357928524156188 0.13823113207547172 0.03198544010589009 0.019654088050314465
0 0.4108735936465917 0.13823113207547172 0.04301786896095301 0.019654088050314465
0 0.4599602911978822 0.13757861635220126 0.04853077432164125 0.013105345911949697
0 0.5184182660489742 0.13823113207547172 0.03529450694904032 0.024897798742138377
0 0.5950827266710788 0.1421619496855346 0.04963600264725347 0.009174528301886805
0 0.2228127068166777 0.026863207547169813 0.05074123097286563 0.02227201257861635
0 0.28237590999338186 0.030794025157232705 0.041912640635340864 0.014410377358490564
0 0.34303772336201194 0.030133647798742138 0.05294506949040371 0.02358490566037736
0 0.400946393117141 0.025550314465408806 0.03860357379219055 0.024897798742138367
0 0.45830575777630705 0.025550314465408806 0.05405029781601593 0.02227201257861635
0 0.5311052283256121 0.031446540880503145 0.04081403044341501 0.015723270440251572
0 0.6430641958967571 0.020966981132075475 0.03309066843150232 0.031446540880503145
0 0.6794639311714097 0.024897798742138367 0.02867637326273986 0.015723270440251572
0 0.7230311052283256 0.02882861635220126 0.04081403044341501 0.013105345911949687
0 0.7737723362011913 0.027515723270440252 0.036399735274652546 0.013105345911949687
0 0.8057577763070815 0.028168238993710692 0.03198544010589009 0.014410377358490564
0 0.8471211118464593 0.02293238993710692 0.03750496360026477 0.019654088050314465
0 0.8085175380542687 0.08516509433962265 0.022058239576439397 0.03406446540880504
0 0.8493249503639974 0.08386006289308177 0.04853077432164125 0.03930817610062894
0 0.456101919258769 0.7239229559748428 0.31656518861681 0.03275943396226421
0 0.6193448047650563 0.2443632075471698 0.02316346790205162 0.00917452830188676
3 0.46050959629384514 0.5096933962264151 0.3695102581072139 0.5948663522012577