0 0.08472301136363637 0.22339641434262947 0.14914772727272727 0.04837649402390438
0 0.23285511363636366 0.3059262948207171 0.14914772727272727 0.04837649402390443
0 0.23387073863636365 0.2248207171314741 0.14914772727272727 0.04837649402390438
0 0.5311505681818182 0.2248207171314741 0.14914772727272727 0.04837649402390438
0 0.6813139204545454 0.22339641434262947 0.14914772727272727 0.04837649402390438
0 0.3830184659090909 0.2248207171314741 0.14914772727272727 0.04837649402390438
0 0.8274147727272727 0.22054780876494023 0.14914772727272727 0.04837649402390438
0 0.08472301136363637 0.3059262948207171 0.14914772727272727 0.04837649402390443
0 0.5331818181818182 0.2731972111553785 0.14914772727272727 0.048376494023904405
0 0.3850497159090909 0.2731972111553785 0.14914772727272727 0.048376494023904405
0 0.6833451704545456 0.2717729083665339 0.14914772727272735 0.048376494023904405
0 0.2359019886363636 0.2731972111553785 0.14914772727272727 0.048376494023904405
0 0.8345170454545454 0.27462151394422313 0.14914772727272727 0.048376494023904405
0 0.08472301136363637 0.27105577689243027 0.14914772727272727 0.04695219123505975
0 0.2049502840909091 0.11098605577689244 0.050731534090909074 0.04268924302788846
0 0.2627840909090909 0.1145418326693227 0.05884943181818183 0.029880478087649404
0 0.3074289772727273 0.11098605577689244 0.016235795454545465 0.034153386454183275
0 0.3398934659090909 0.11026892430278884 0.028409090909090908 0.027031872509960173
0 0.3880894886363636 0.12165338645418326 0.04768465909090916 0.03272908366533863
0 0.4291832386363636 0.1145418326693227 0.02637784090909098 0.03556772908366533
0 0.4682457386363636 0.11026892430278884 0.04159801136363632 0.029880478087649404
0 0.7944389204545454 0.11809760956175298 0.044644886363636456 0.028456175298804773
0 0.8431392045454547 0.11383466135458166 0.03246448863636366 0.031304780876494014
0 0.885752840909091 0.11241035856573706 0.03855823863636361 0.0199203187250996
0 0.8263991477272726 0.04339641434262948 0.04566051136363634 0.06118525896414342
0 0.8806818181818182 0.04411354581673307 0.05884943181818191 0.07683266932270916
0 0.9004687499999999 0.8274003984063746 0.02130681818181818 0.029880478087649404
0 0.6665980113636364 0.8195816733067729 0.02637784090909098 0.022768924302788745
0 0.4347585227272727 0.8252689243027889 0.03551136363636364 0.028456175298804717
0 0.1993678977272727 0.8252689243027889 0.01927556818181817 0.0199203187250996
0 0.9608380681818182 0.466703187250996 0.06493607954545443 0.06829681274900404
0 0.9643892045454545 0.5428286852589641 0.055802556818181935 0.04695219123505986
0 0.9613423295454545 0.6281972111553785 0.04362926136363625 0.08679282868525906
0 0.9603267045454547 0.7505677290836654 0.047684659090909 0.06687250996015946
0 0.9598224431818182 0.8224203187250997 0.05073153409090898 0.06829681274900393
0 0.9613423295454545 0.8949900398406375 0.051747159090909184 0.07114541832669329
0 0.9588068181818182 0.35073705179282866 0.06899147727272718 0.10671314741035855
0 0.9618536931818181 0.22695219123505977 0.06696732954545452 0.14086653386454187