1 0.22707818930041154 0.17930041152263373 0.360082304526749 0.03820987654320986
1 0.28952674897119346 0.29100823045267493 0.4732510288065844 0.03820987654320986
1 0.29100823045267493 0.3696296296296296 0.5026543209876543 0.036748971193415664
1 0.3056995884773662 0.4534156378600823 0.5085185185185185 0.030864197530864196
1 0.2976131687242798 0.5364403292181069 0.5276337448559673 0.0411522633744856
1 0.29981481481481487 0.6165432098765432 0.5144032921810701 0.06318930041152271
1 0.28586419753086423 0.6966460905349794 0.49236625514403287 0.04409465020576121
0 0.49676954732510287 0.903888888888889 0.9082921810699588 0.1146296296296297
0 0.9185802469135803 0.3711111111111111 0.05290123456790131 0.027921810699588462
0 0.9141769547325104 0.4445884773662551 0.06172839506172839 0.027921810699588462
0 0.9354732510288065 0.5467283950617283 0.06318930041152271 0.047037037037037065
0 0.9303292181069959 0.6158230452674898 0.055843621399176924 0.0411522633744856
0 0.9288683127572016 0.688559670781893 0.05290123456790131 0.03969135802469128