0 0.23921787709497208 0.17408421052631579 0.04870577281191809 0.03400000000000001
0 0.3069087523277467 0.17408421052631579 0.05228119180633145 0.04696842105263158
0 0.35703910614525136 0.17408421052631579 0.02649906890130357 0.03400000000000001
0 0.4046741154562384 0.17408421052631579 0.0243482309124767 0.03724210526315789
0 0.43654562383612666 0.17652631578947367 0.023631284916201114 0.03237894736842104
0 0.4773649906890131 0.17894736842105263 0.029366852886405927 0.03724210526315789
0 0.5199813780260708 0.17894736842105263 0.03867783985102417 0.04048421052631577
0 0.5719087523277467 0.17894736842105263 0.035093109869646234 0.04048421052631577
0 0.6284916201117319 0.17408421052631579 0.052281191806331555 0.04048421052631577
0 0.6890130353817505 0.17408421052631579 0.03867783985102417 0.03400000000000001
0 0.7524022346368715 0.18218947368421054 0.04655493482309125 0.05021052631578946
0 0.8451489757914339 0.10768421052631579 0.04297020484171331 0.024294736842105275
0 0.8927839851024209 0.11012631578947368 0.029366852886405927 0.029157894736842094
0 0.9293109869646183 0.11174736842105262 0.02649906890130357 0.022673684210526308
0 0.9629702048417133 0.11012631578947368 0.01790502793296091 0.019431578947368428
0 0.9382588454376164 0.17894736842105263 0.0186219739292365 0.0437263157894737
0 0.9683426443202979 0.18785263157894738 0.015754189944134148 0.045347368421052615
0 0.05908752327746741 0.18381052631578948 0.015037243947858466 0.030778947368421062
0 0.029366852886405958 0.17408421052631579 0.014320297951582867 0.030778947368421062