0 0.2589465408805031 0.10893028846153846 0.08156446540880503 0.03756009615384615
0 0.2898977987421384 0.052584134615384616 0.031446540880503145 0.018028846153846152
0 0.3351022012578616 0.04657451923076923 0.03537735849056604 0.027043269230769232
0 0.38669811320754716 0.10141826923076923 0.044221698113207544 0.01953125
0 0.45352201257861635 0.10366586538461539 0.04815251572327044 0.009014423076923076
0 0.5331210691823899 0.10216346153846154 0.05994496855345912 0.02403846153846154
0 0.6063286163522013 0.09841346153846153 0.03537735849056604 0.022536057692307692
0 0.7439072327044025 0.1074278846153846 0.07665094339622641 0.03155048076923077
0 0.6987028301886793 0.052584134615384616 0.027515723270440252 0.021033653846153848
0 0.7340801886792453 0.05709134615384615 0.015723270440251572 0.018028846153846152
0 0.7635613207547169 0.053341346153846156 0.01768867924528302 0.022536057692307692
0 0.6898584905660378 0.016526442307692308 0.0294811320754717 0.01201923076923077
0 0.724748427672956 0.018786057692307696 0.01867138364779874 0.013521634615384618
1 0.7566823899371069 0.014278846153846158 0.025550314465408806 0.013521634615384618
2 0.49577830188679245 0.04957932692307692 0.20931603773584906 0.027043269230769232
0 0.7414544025157233 0.39138221153846153 0.06387578616352202 0.028545673076923076
0 0.5169025157232704 0.5018028846153846 0.17295597484276728 0.045072115384615384
0 0.2884276729559748 0.8706490384615384 0.12873427672955975 0.028545673076923076
0 0.42797169811320757 0.8668870192307693 0.1267688679245283 0.030048076923076924
0 0.5645676100628931 0.8698918269230769 0.11890723270440251 0.02403846153846154
0 0.7080424528301886 0.8646394230769231 0.13266509433962265 0.028545673076923076