0 0.03798670465337132 0.2158587088915956 0.03798670465337132 0.03383678440925704
0 0.10130104463437797 0.2158587088915956 0.06331433998100663 0.028416565164433596
0 0.16144349477682812 0.21315468940316687 0.044320987654321 0.028416565164433596
0 0.04168091168091168 0.25781973203410474 0.04326685660018994 0.03383678440925704
0 0.0928584995251662 0.2605237515225335 0.04220322886989553 0.03113276492082826
0 0.14773029439696106 0.25848964677222896 0.0506457739791073 0.027064555420219207
0 0.04801519468186135 0.30247259439707674 0.060142450142450135 0.03383678440925704
0 0.04062678062678063 0.41953714981729595 0.03904083570750237 0.032484774665042584
0 0.0928584995251662 0.41953714981729595 0.03798670465337132 0.032484774665042584
0 0.15247863247863247 0.41886723507917173 0.07069325735992403 0.028416565164433666
0 0.04484330484330484 0.46488428745432403 0.04114909781576447 0.028416565164433666
0 0.09180436847103514 0.46555420219244825 0.033770180436847104 0.027064555420219277
0 0.14034188034188033 0.4614981729598051 0.04009496676163341 0.029768574908648055
0 0.19098765432098766 0.46488428745432403 0.033770180436847104 0.031132764920828192
0 0.0464292497625831 0.5812667478684531 0.04642924976258311 0.025712545676004887
0 0.09760683760683761 0.5826187576126675 0.030598290598290598 0.025712545676004887
0 0.13664767331433997 0.5826187576126675 0.032706552706552705 0.028416565164433666
0 0.17885090218423552 0.5833008526187576 0.03482431149097817 0.024360535931790498
0 0.03587844254510921 0.6225456760048721 0.021101614434947766 0.027064555420219277
0 0.03851851851851852 0.7416443361753958 0.030598290598290598 0.027064555420219277
0 0.08916429249762584 0.7423142509135202 0.04114909781576449 0.02030450669914747
0 0.04378917378917379 0.8587088915956151 0.041149097815764486 0.02841656516443353
0 0.1034093067426401 0.8587088915956151 0.06119658119658121 0.031132764920828192
0 0.17304843304843304 0.8614129110840438 0.0548717948717949 0.023008526187576248
0 0.052231718898385564 0.9020219244823385 0.05381766381766383 0.02841656516443353
0 0.11660018993352327 0.9020219244823385 0.04959164292497625 0.023008526187576248
0 0.17147198480531814 0.9060779537149817 0.02849002849002849 0.02571254567600475
0 0.04853751187084521 0.9466747868453106 0.054871794871794874 0.031132764920828192
0 0.10551756885090217 0.948026796589525 0.04220322886989552 0.023008526187576248
0 0.16302943969610634 0.9460048721071863 0.039040835707502386 0.027064555420219277
0 0.05698005698005698 0.9899147381242388 0.06331433998100666 0.02017052375152247
0 0.12979107312440644 0.9905968331303289 0.04220322886989553 0.018806333739342332
0 0.1872934472934473 0.9838976857490864 0.02849002849002849 0.027064555420219277
0 0.44475783475783476 0.8384043848964677 0.01793922127255459 0.017588306942752808
0 0.4421272554605888 0.6252496954933009 0.010550807217473897 0.02165651644336172
0 0.4452896486229819 0.41344701583434834 0.02320987654320993 0.014884287454324028
0 0.4405413105413105 0.20232643118148602 0.01793922127255459 0.012180267965895249
1 0.45478632478632475 0.09676004872107186 0.33554605887939215 0.041948842874543237
1 0.801937321937322 0.09879415347137636 0.329221272554606 0.040596833130328885
1 0.6278347578347578 0.033836784409257005 0.7006457739791073 0.056845310596833135