0 0.9587795992714025 0.01524260355029586 0.04967213114754095 0.025514792899408282
0 0.8784699453551912 0.012662721893491123 0.0546448087431694 0.025313609467455624
0 0.7888342440801457 0.011988165680473374 0.061693989071038256 0.023976331360946748
2 0.49429872495446264 0.05262721893491124 0.9885792349726776 0.04217751479289941
1 0.4951183970856102 0.16584615384615384 0.927304189435337 0.03623668639053255
1 0.1616575591985428 0.588319526627219 0.3059380692167578 0.03557396449704135
1 0.3549908925318761 0.784094674556213 0.651183970856102 0.031218934911242734
2 0.2773770491803279 0.8770059171597634 0.4255737704918033 0.036295857988165765
0 0.44522768670309654 0.9475976331360947 0.10307832422586527 0.037621301775147886
0 0.5567941712204008 0.9450532544378699 0.11508196721311466 0.03466272189349108
1 0.23285974499089254 0.33889940828402365 0.4152276867030965 0.03160946745562134
0 0.1883606557377049 0.6692662721893491 0.28896174863387974 0.04039053254437883
0 0.4837340619307832 0.6699408284023669 0.2711657559198543 0.04173964497041418
0 0.7743533697632058 0.6683313609467456 0.3059380692167578 0.044958579881656816