0 0.9546886120996441 0.12057273768613976 0.043069395017793465 0.04680412371134019
0 0.9546886120996441 0.17848797250859105 0.043069395017793465 0.04808705612829326
0 0.9272864768683274 0.307205040091638 0.0994839857651246 0.05351660939289808
0 0.7423754448398576 0.01827033218785796 0.02284697508896803 0.02757159221076747
0 0.9536743772241993 0.5439518900343643 0.02891459074733096 0.025074455899198152
0 0.9527669039145908 0.3812600229095074 0.02911921708185055 0.03293241695303551
0 0.9541814946619217 0.7832875143184421 0.01982206405693968 0.03306987399770892
0 0.9555960854092526 0.8307903780068728 0.026690391459074734 0.023951890034364355
0 0.958932384341637 0.8764719358533791 0.023256227758007005 0.023676975945017265
0 0.9540836298932385 0.9267124856815578 0.02163701067615673 0.022096219931271435
0 0.4224021352313167 0.6864604810996563 0.031948398576512424 0.03934707903780058
0 0.08734875444839858 0.6843757159221077 0.029119217081850526 0.043516609392898066
3 0.2565925266903915 0.5611225658648339 0.48487544483985767 0.12605956471935847