0 0.9445700483091788 0.023358050847457623 0.03357487922705314 0.031218220338983044
0 0.9020579710144927 0.028919491525423727 0.025845410628019323 0.03598516949152542
0 0.8690821256038648 0.02904661016949153 0.02995169082125604 0.02777542372881356
0 0.8340579710144927 0.028919491525423727 0.0323671497584541 0.025391949152542368
0 0.6330917874396135 0.025476694915254235 0.036231884057971016 0.026980932203389825
0 0.5795942028985507 0.02574152542372881 0.05241545893719807 0.02115466101694915
0 0.5321256038647343 0.024279661016949155 0.02753623188405797 0.026716101694915253
0 0.46751690821256037 0.020042372881355935 0.07946859903381642 0.035190677966101695
0 0.38708212560386474 0.01951271186440678 0.07801932367149758 0.03625
0 0.3079710144927536 0.02070974576271186 0.06231884057971015 0.03651483050847457
0 0.2572463768115942 0.023485169491525425 0.028502415458937197 0.033601694915254235
0 0.2037487922705314 0.022033898305084742 0.0640096618357488 0.039163135593220336
0 0.14589371980676327 0.020127118644067795 0.0463768115942029 0.04025423728813559
0 0.09722705314009661 0.019480932203389832 0.04903381642512077 0.038961864406779664
0 0.04819323671497584 0.02533898305084746 0.03309178743961352 0.035190677966101695
0 0.9217391304347826 0.3784427966101695 0.0966183574879227 0.0358792372881356
0 0.9308019323671498 0.8532203389830509 0.06884057971014493 0.023569915254237288
3 0.4954106280193237 0.21478813559322033 0.9299516908212561 0.16197033898305083
0 0.1780193236714976 0.5459110169491526 0.2951690821256039 0.1801483050847457