3 0.7372392974753018 0.051271739130434785 0.5189352360043907 0.10030434782608695
3 0.23600439077936333 0.04854347826086956 0.47200878155872666 0.09707608695652174
0 0.31332601536772775 0.12856521739130436 0.03389132821075741 0.019499999999999997
0 0.3553128430296378 0.12992391304347825 0.03773326015367728 0.022217391304347824
0 0.40120746432491766 0.1293804347826087 0.04610318331503842 0.023304347826086955
0 0.48895718990120746 0.12992391304347825 0.011937431394072448 0.022217391304347824
0 0.5016245883644347 0.12856521739130436 0.009527991218441218 0.018771739130434794
0 0.514390779363337 0.12993478260869565 0.00883095499451148 0.019413043478260852
0 0.5262458836443469 0.1297282608695652 0.009527991218441218 0.018989130434782592
0 0.5384248079034029 0.12967391304347825 0.008726673984632323 0.019934782608695654
0 0.551059275521405 0.13004347826086957 0.01043907793633369 0.017499999999999995
0 0.5630241492864984 0.12993478260869565 0.009209659714599389 0.019413043478260852
0 0.574742041712404 0.1299891304347826 0.008029637760702585 0.018456521739130437
0 0.5889297475301866 0.1299891304347826 0.01605927552140517 0.018456521739130437
0 0.6117892425905599 0.13078260869565217 0.02216245883644353 0.0168695652173913
0 0.6391657519209659 0.12993478260869565 0.02392974753018656 0.01517391304347827
0 0.6682327113062568 0.13083695652173913 0.027458836443468825 0.015913043478260856
0 0.6999231613611416 0.13041304347826088 0.03088913282107585 0.015065217391304331
0 0.7258836443468716 0.13041304347826088 0.014182217343578565 0.018858695652173907
0 0.743523600439078 0.13057608695652173 0.010922063666300818 0.01644565217391304
0 0.767371020856202 0.12919565217391304 0.029176728869374235 0.01580434782608695
2 0.824648737650933 0.12971739130434784 0.073496158068057 0.023402173913043493
0 0.7802140504939626 0.17375 0.03559824368825473 0.019880434782608716
0 0.816668496158068 0.1738586956521739 0.02392974753018656 0.017554347826086933
0 0.8530954994511525 0.17328260869565215 0.036295279912184474 0.01977173913043478
0 0.8951701427003294 0.17481521739130437 0.03907793633369913 0.02200000000000001
3 0.47869923161361144 0.9422173913043479 0.4433644346871569 0.1155543478260869
0 0.4360482985729967 0.17256521739130434 0.028809001097694846 0.02798913043478261
0 0.2991273326015368 0.17266304347826086 0.03318880351262351 0.019032608695652164
0 0.13749725576289792 0.17003260869565218 0.024061470911086704 0.022097826086956505
0 0.33472557628979144 0.17232608695652174 0.0305598243688255 0.019032608695652164
0 0.4676838638858397 0.17328260869565215 0.028616904500548903 0.025576086956521773
0 0.07910537870472009 0.17464130434782607 0.02406147091108673 0.022097826086956505
0 0.20239297475301865 0.17421739130434782 0.024061470911086735 0.022097826086956505
0 0.2615038419319429 0.1725 0.02917124039517013 0.022097826086956505
0 0.10701427003293083 0.1743804347826087 0.022239297475301855 0.019032608695652164
0 0.17086717892425904 0.17356521739130434 0.03318880351262351 0.019032608695652164
0 0.23065312843029637 0.17395652173913043 0.022239297475301855 0.019032608695652164
0 0.37008232711306255 0.1745 0.028468715697036164 0.015663043478260898
0 0.4039297475301866 0.17416304347826086 0.024736553238199746 0.017304347826086974
0 0.47710757409440174 0.3932173913043478 0.20895718990120754 0.05332608695652168
0 0.47686608122941826 0.4544891304347826 0.20847420417124035 0.049054347826086954
0 0.47883644346871573 0.5190760869565217 0.20644346871569696 0.05707608695652173