0 0.07103477523324851 0.11563231850117096 0.10602205258693809 0.043911007025761124
0 0.22106022052586938 0.11563231850117096 0.09648006785411366 0.0351288056206089
0 0.3249618320610687 0.117096018735363 0.07951653944020357 0.0351288056206089
0 0.4071246819338422 0.11855971896955504 0.06785411365564037 0.032201405152224825
0 0.4797540288379983 0.117096018735363 0.0498303647158609 0.0351288056206089
0 0.5576759966072943 0.11637002341920374 0.06361323155216285 0.030737704918032786
0 0.6393129770992366 0.1149063231850117 0.05089058524173028 0.02781030444964871
0 0.8381085665818491 0.035866510538641684 0.06467345207803232 0.07172131147540983
0 0.899067005937235 0.037330210772833716 0.03816793893129771 0.07464871194379391
0 0.954732824427481 0.04172131147540984 0.03710771840542833 0.06586651053864169
0 0.916030534351145 0.3125058548009368 0.0551314673452078 0.030737704918032786
0 0.0811111111111111 0.3915456674473068 0.15161153519932147 0.04537470725995316
0 0.08587786259541985 0.439847775175644 0.14631043256997456 0.042447306791569085
0 0.08005089058524173 0.4969320843091335 0.1494910941475827 0.036592505854800936
0 0.0811111111111111 0.5430327868852459 0.15585241730279897 0.043911007025761124
0 0.0811111111111111 0.6023185011709602 0.14525021204410518 0.048302107728337235
0 0.08057675996607294 0.6513466042154566 0.1484308736217133 0.038056206088992975
0 0.07899067005937234 0.7077049180327869 0.13464800678541136 0.048302107728337235
0 0.07899067005937234 0.7713700234192038 0.15161153519932147 0.0351288056206089
0 0.07899067005937234 0.819672131147541 0.1388888888888889 0.043911007025761124
0 0.25710771840542834 0.83211943793911 0.01166242578456319 0.016100702576112413
0 0.2857336726039016 0.9184777517564403 0.10072094995759118 0.019028103044496487
0 0.4633163698049194 0.9235948477751756 0.07421543681085666 0.01756440281030445
0 0.6424936386768448 0.8167447306791569 0.08057675996607294 0.02927400468384075
0 0.6308312128922816 0.44642857142857145 0.06997455470737914 0.038056206088992975
0 0.7914588634435963 0.6118266978922716 0.08375742154368108 0.038056206088992975
2 0.4972434266327396 0.036592505854800936 0.36259541984732824 0.05269320843091335
0 0.938295165394402 0.21370023419203746 0.0551314673452078 0.0234192037470726
0 0.6477947413061916 0.21370023419203746 0.089058524173028 0.02927400468384075