0 0.8204136504653569 0.13822109275730624 0.08618407445708368 0.025870393900889473
0 0.7206618407445708 0.13900889453621348 0.08057911065149956 0.029580686149936468
0 0.6230610134436402 0.13570520965692504 0.08790072388831438 0.03355781448538754
0 0.5313960703205791 0.13529860228716645 0.07475698035160286 0.026404066073697587
0 0.434229576008273 0.13715374841168995 0.0743329886246122 0.027992376111817027
0 0.3331851085832472 0.13822109275730624 0.07475698035160286 0.025870393900889473
0 0.2424819027921406 0.13729351969504447 0.08725956566701135 0.030381194409148663
1 0.7368148914167528 0.08157560355781449 0.09135470527404335 0.03330368487928845
2 0.8784694932781799 0.07693773824650571 0.18721820062047567 0.03462515883100381
1 0.04126163391933816 0.15105463786531131 0.05536711478800414 0.024015247776365937
1 0.06226473629782833 0.17329097839898347 0.09092037228541883 0.02189326556543838
1 0.0440641158221303 0.19670902160101653 0.06528438469493278 0.020038119440914843
1 0.04890382626680455 0.5449047013977129 0.06419855222337124 0.01966963151207118
1 0.043526370217166495 0.5676620076238882 0.057735263702171656 0.0164930114358323
1 0.041582213029989656 0.5851334180432021 0.04955532574974147 0.023900889453621278
1 0.03877973112719752 0.6109402795425667 0.03963805584281282 0.022566709021601006
1 0.055367114788004136 0.718005082592122 0.08574974146845915 0.022795425667090287
1 0.036949327817993795 0.7454002541296061 0.04675284384694932 0.018297331639136074
1 0.048262668045501556 0.7644472681067345 0.0672182006204757 0.011931385006353367
1 0.05957600827300931 0.7836340533672174 0.08768355739400206 0.029135959339263107
1 0.04750775594622544 0.8065311308767471 0.06355739400206827 0.02833545108005077
0 0.08338159255429162 0.22529860228716644 0.1331437435367115 0.026378653113087663
0 0.07745604963805584 0.44803049555273194 0.13638055842812824 0.022871664548919948
0 0.04750775594622544 0.30641677255400257 0.07217166494312308 0.025565438373570528
0 0.037600827300930714 0.33487928843710296 0.04373319544984487 0.018932655654383707
0 0.044819027921406414 0.3572426937738246 0.06032057911065149 0.01919949174078782
0 0.05095139607032059 0.3808005082592122 0.07045501551189244 0.019720457433290955
0 0.0450258531540848 0.40898348157560355 0.056442605997931744 0.02950444726810677
0 0.08294725956566701 0.6384625158831004 0.12366080661840746 0.020444726810673483
0 0.13228541882109618 0.6769758576874205 0.045677352637021704 0.02546378653113083
0 0.08165460186142709 0.836581956797967 0.1297001034126163 0.018526048284625066
0 0.08036194415718717 0.9173062261753494 0.1271147880041365 0.021156289707751068
0 0.08197518097207859 0.9461499364675985 0.12387797311271974 0.021677255400254062
0 0.08025853154084799 0.9726302414231258 0.1290486039296794 0.020686149936467564
1 0.9522647362978284 0.13822109275730624 0.08746639089968969 0.023227445997458705