0 0.9250176678445229 0.03162198391420912 0.052667844522968105 0.03167560321715818
0 0.8483922261484099 0.02994638069705094 0.045530035335689015 0.032453083109919574
0 0.9275618374558304 0.8151742627345845 0.11553003533568912 0.1036193029490616
0 0.8118727915194346 0.8181367292225201 0.10498233215547696 0.10542895442359261
0 0.6885335689045936 0.8151742627345845 0.10975265017667846 0.1036193029490616
0 0.5697879858657244 0.813887399463807 0.09989399293286212 0.10104557640750654
0 0.4484982332155477 0.8158176943699732 0.10872791519434633 0.11521447721179631
0 0.322773851590106 0.8165951742627345 0.10192579505300353 0.1085120643431636
0 0.20012367491166078 0.8172386058981232 0.10803886925795055 0.09949061662198395
0 0.08137809187279152 0.8158176943699732 0.09819787985865723 0.10490616621983913
3 0.49402826855123677 0.40493297587131355 0.9065017667844526 0.6895978552278821