1 0.7917214532871972 0.873422519509476 0.4030363321799308 0.05167224080267548
1 0.7900519031141868 0.817056856187291 0.4016608996539793 0.050412486064660006
0 0.964636678200692 0.7299108138238574 0.019463667820069204 0.03220735785953188
0 0.9473356401384082 0.3971571906354515 0.08709342560553619 0.04167224080267558
0 0.13782006920415224 0.0396989966555184 0.06251730103806227 0.03215161649944259
0 0.20663494809688582 0.038684503901895206 0.03500000000000001 0.034169453734671125
0 0.286159169550173 0.04147157190635452 0.08984429065743946 0.033667781493868454
0 0.9472318339100346 0.21906354515050167 0.03381487889273369 0.058439241917502806
0 0.7150432525951558 0.03919732441471571 0.02948961937716256 0.033154960981047935
2 0.559143598615917 0.03641025641025641 0.25637543252595163 0.04380156075808249
0 0.9808564013840829 0.21311036789297658 0.026349480968858162 0.042486064659977715
0 0.7597750865051903 0.038561872909699 0.04227508650519022 0.03189520624303233
0 0.8162975778546713 0.039576365663322184 0.04718858131487885 0.039999999999999994
0 0.8764532871972318 0.0374247491638796 0.05741349480968869 0.04177257525083612
0 0.9517560553633219 0.03703455964325529 0.08611591695501745 0.04507246376811595