0 0.22418181818181818 0.14240506329113925 0.22933884297520662 0.05178365937859609
0 0.5175702479338843 0.14096662830840045 0.2706611570247934 0.04602991944764097
0 0.8161157024793388 0.13737629459148445 0.1446280991735537 0.04459148446490219
0 0.512396694214876 0.45454545454545453 0.859504132231405 0.06904487917146145
0 0.5165289256198347 0.536536248561565 0.8636363636363636 0.0661680092059839
0 0.15702479338842976 0.6070195627157653 0.18181818181818182 0.023014959723820484
0 0.6869917355371901 0.6077445339470656 0.13429752066115702 0.030207134637514385
0 0.8801652892561983 0.6084579976985041 0.1487603305785124 0.028768699654775604
0 0.23864462809917356 0.7235327963176065 0.3367768595041322 0.028768699654775604
2 0.509305785123967 0.2474108170310702 0.890495867768595 0.05753739930955121
2 0.5051735537190083 0.31861910241657077 0.8863636363636364 0.056098964326812426
1 0.1590909090909091 0.37759493670886074 0.1652892561983471 0.018699654775604143
3 0.5072396694214876 0.8817606444188723 0.8533057851239669 0.1611047180667434