2 0.2782534246575342 0.21116780045351474 0.3595890410958904 0.025510204081632654
2 0.5051369863013698 0.376984126984127 0.8133561643835616 0.031179138321995464
2 0.503013698630137 0.45351473922902497 0.8261986301369864 0.031179138321995464
2 0.5008561643835616 0.5541383219954649 0.8047945205479452 0.036848072562358274
1 0.7127739726027397 0.21258503401360543 0.3895547945205479 0.031179138321995464
1 0.1969178082191781 0.6398866213151927 0.2054794520547945 0.018424036281179137
1 0.3296232876712329 0.6824036281179138 0.3681506849315068 0.021258503401360544
1 0.25900684931506845 0.7171201814058957 0.2440068493150685 0.017006802721088437
1 0.36602739726027395 0.7504308390022676 0.4666095890410959 0.018424036281179137
1 0.4837328767123288 0.7801927437641724 0.6592465753424658 0.021258503401360544
1 0.3125 0.8602607709750567 0.3595890410958904 0.02834467120181406
0 0.4901712328767123 0.9339569160997733 0.800513698630137 0.036848072562358274
0 0.49873287671232874 0.2756575963718821 0.8176369863013698 0.043934240362811794
0 0.3424657534246575 0.10487528344671201 0.1284246575342466 0.04251700680272109
0 0.49445205479452053 0.10770975056689343 0.11558219178082192 0.034013605442176874
0 0.6571232876712328 0.10842403628117914 0.09845890410958905 0.026927437641723357