0 0.8746208530805687 0.4470619235836627 0.040793838862559315 0.03811594202898544
0 0.8276777251184834 0.44389986824769434 0.02894549763033183 0.03177865612648222
0 0.7798341232227488 0.44389986824769434 0.03349526066350709 0.03177865612648222
0 0.4827132701421802 0.6067852437417655 0.8245971563981043 0.055546772068511156
0 0.8824763033175355 0.6584716732542819 0.026883886255924236 0.023109354413702193
0 0.7719668246445497 0.7511857707509881 0.07473933649289091 0.030171277997365072
0 0.48703791469194313 0.7501712779973649 0.0904620853080569 0.0322002635046114
0 0.19196682464454978 0.7523320158102766 0.08817535545023698 0.03042160737812901
1 0.6865284360189573 0.8167984189723321 0.4005687203791468 0.04586297760210797
1 0.27490521327014217 0.8164163372859025 0.39988151658767773 0.03901185770750975
0 0.4420379146919431 0.9475230566534913 0.0802014218009478 0.03770750988142278
0 0.3481635071090048 0.9453623188405796 0.08385071090047391 0.03948616600790517
0 0.2541706161137441 0.9459947299077733 0.0804383886255924 0.040750988142292575
0 0.15984597156398103 0.9472727272727273 0.08316350710900473 0.03314888010540195