2 0.8627142857142858 0.06742753623188405 0.1836734693877551 0.028768115942028976
1 0.7184591836734694 0.06660628019323671 0.08997959183673476 0.024927536231884057
0 0.8024183673469388 0.12807971014492753 0.10018367346938782 0.03369565217391305
0 0.701765306122449 0.12410628019323672 0.082561224489796 0.027934782608695648
0 0.6067959183673469 0.12286231884057972 0.08928571428571429 0.027657004830917882
0 0.5108979591836734 0.12464975845410627 0.0793163265306122 0.03781400966183575
0 0.4226632653061224 0.12712560386473432 0.08649999999999998 0.02737922705314008
0 0.3238673469387755 0.12780193236714976 0.07073469387755095 0.028756038647342996
0 0.22820408163265304 0.12739130434782608 0.0834897959183673 0.032318840579710136
1 0.933795918367347 0.12410628019323672 0.09161224489795916 0.027934782608695648
1 0.03977551020408163 0.1365942028985507 0.06145918367346939 0.022161835748792262
1 0.054040816326530614 0.15991545893719805 0.10158163265306122 0.024903381642512084
1 0.04139795918367347 0.18269323671497587 0.060061224489795915 0.017753623188405784
0 0.0776938775510204 0.20671497584541063 0.13033673469387755 0.02187198067632852
0 0.12894897959183674 0.6368961352657005 0.0426734693877551 0.025857487922705414
0 0.07479591836734692 0.5990338164251208 0.12685714285714284 0.024770531400966172
0 0.07896938775510204 0.7883937198067632 0.12592857142857142 0.019227053140096706
0 0.07514285714285716 0.8646859903381643 0.1205918367346939 0.02030193236714969
0 0.0778061224489796 0.8935024154589373 0.12824489795918367 0.012065217391304358
0 0.07804081632653062 0.9178019323671498 0.12407142857142857 0.021111111111111133
0 0.07653061224489796 0.9429106280193237 0.12337755102040815 0.02088164251207725
0 0.07339795918367348 0.9680193236714976 0.12407142857142858 0.018961352657004885
1 0.04870408163265306 0.5091425120772947 0.06771428571428571 0.020688405797101444
1 0.03804081632653061 0.5338526570048309 0.05566326530612245 0.017741545893719873
1 0.03768367346938775 0.5558091787439613 0.052642857142857144 0.017753623188405853
1 0.03711224489795918 0.5747463768115942 0.053806122448979594 0.017210144927536232
1 0.05183673469387755 0.6778019323671498 0.08557142857142856 0.017512077294685992
1 0.03397959183673469 0.6985144927536232 0.04522448979591836 0.01778985507246379
1 0.04139795918367347 0.7192391304347826 0.060061224489795915 0.01806763285024159
1 0.0545 0.7424275362318841 0.08394897959183671 0.01780193236714977
1 0.042561224489795914 0.7620531400966184 0.057744897959183666 0.015893719806763382