0 0.27237252861602496 0.24475728155339804 0.056711758584807495 0.022826321467098194
0 0.2043496357960458 0.24435814455231933 0.05332986472424558 0.026332254584681795
0 0.9330176899063476 0.30071197411003237 0.0382414151925078 0.026850053937432564
0 0.8751300728407908 0.29774541531823084 0.060353798126951096 0.027389428263214655
0 0.8155567117585848 0.2992233009708738 0.050468262226847034 0.021725997842502683
0 0.7519562955254943 0.29828478964401295 0.07154006243496358 0.02631067961165047
0 0.6674089490114464 0.29774541531823084 0.08454734651404787 0.027389428263214655
0 0.5996357960457857 0.29895361380798274 0.04526534859521332 0.027659115426105704
0 0.5507284079084287 0.30206040992448757 0.030697190426638918 0.01875943905070117
0 0.5032570239334027 0.30071197411003237 0.042403746097814776 0.026850053937432564
0 0.4323621227887617 0.2992233009708738 0.08012486992715921 0.021725997842502683
0 0.35509885535900104 0.29774541531823084 0.05567117585848075 0.027389428263214655
0 0.3016441207075963 0.29828478964401295 0.029396462018730488 0.02631067961165047
0 0.254162330905307 0.2976051779935275 0.041103017689906346 0.02496224379719524
0 0.2020083246618106 0.29841423948220064 0.043444328824141516 0.02873786407766989
0 0.46748178980228927 0.3551779935275081 0.051508844953173774 0.025760517799352747
0 0.4051821019771072 0.354638619201726 0.05957336108220603 0.026839266450916933
0 0.3537981269510926 0.35639697950377563 0.027055150884495317 0.026030204962243793
0 0.3212799167533819 0.3559870550161812 0.029656607700312174 0.01874865156418554
0 0.27237252861602496 0.35625674217907227 0.056711758584807495 0.023603020496224376
0 0.20733610822060353 0.35720604099244874 0.06191467221644121 0.02980582524271844
0 0.44198751300728406 0.41194174757281554 0.03173777315296566 0.033559870550161824
0 0.4445889698231009 0.4657389428263215 0.026534859521331947 0.031121898597626776
0 0.136576482830385 0.300571736785329 0.02445369406867846 0.024422869471413144
3 0.4994797086368366 0.14228694714131607 0.9531737773152965 0.10913700107874867
1 0.604318418314256 0.5224919093851133 0.11706555671175858 0.03892125134843586
1 0.4884287200832466 0.524789644012945 0.09079084287200832 0.037033441208198535
1 0.38931321540062436 0.5251887810140238 0.09547346514047866 0.03352750809061493
1 0.2882414151925078 0.525059331175836 0.09365244536940687 0.031100323624595513
1 0.1860041623309053 0.5234412081984898 0.09209157127991675 0.03433656957928807
1 0.08428720083246619 0.5245199568500539 0.09157127991675339 0.0321790722761597
1 0.9488865764828304 0.61 0.06477627471383975 0.028381877022653663
0 0.8738293444328824 0.6121574973031284 0.05254942767950052 0.02406688241639692
0 0.8163371488033299 0.6103991370010787 0.05723204994797086 0.024875943905070058
0 0.7513007284079084 0.6112081984897519 0.062434963579604576 0.017864077669902854
0 0.6836628511966701 0.6124271844660194 0.062434963579604576 0.028921251348435754
0 0.6230489073881373 0.6081121898597627 0.040062434963579606 0.026763754045307384
0 0.5776586888657648 0.6135059331175836 0.05593132154006244 0.026763754045307384
2 0.3647242455775234 0.4103236245954693 0.1113423517169615 0.036796116504854384
2 0.23998959417273671 0.4095145631067961 0.10900104058272633 0.03302049622437973
2 0.30150884495317376 0.46613807982740024 0.23985431841831426 0.03840345199568503
0 0.958636836628512 0.8375836030204963 0.03485952133194589 0.03694714131607336
0 0.7029136316337149 0.8396008629989212 0.03850156087408949 0.040992448759439054
0 0.4562955254942768 0.8413592233009709 0.044745057232049947 0.04018338727076591
0 0.2047346514047867 0.8410895361380799 0.03590010405827263 0.03532901833872708