0 0.22291358024691357 0.12258928571428572 0.10837037037037034 0.02409438775510206
0 0.2023333333333333 0.23738520408163266 0.053493827160493806 0.026926020408163283
0 0.26680246913580247 0.23383928571428572 0.04801234567901233 0.019846938775510206
0 0.2037037037037037 0.29761479591836737 0.039777777777777815 0.01700255102040814
0 0.09396296296296296 0.28982142857142856 0.1165925925925926 0.024094387755102024
0 0.2585679012345679 0.29408163265306125 0.04251851851851852 0.012755102040816327
0 0.29903703703703705 0.2926530612244898 0.027432098765432063 0.021262755102040835
0 0.35185185185185186 0.2905357142857143 0.053493827160493876 0.019846938775510206
0 0.4341604938271605 0.29691326530612244 0.07270370370370369 0.021262755102040835
0 0.49725925925925923 0.2905357142857143 0.03155555555555549 0.014170918367346956
0 0.5459506172839507 0.2947831632653061 0.024691358024691357 0.014170918367346956
0 0.5905308641975309 0.2919515306122449 0.039777777777777815 0.019846938775510206
0 0.6611851851851851 0.29336734693877553 0.06859259259259252 0.019846938775510206
0 0.7448518518518519 0.2926530612244898 0.054864197530864266 0.018418367346938774
0 0.7990370370370371 0.29549744897959185 0.03155555555555549 0.015586734693877585
0 0.8635061728395063 0.2947831632653061 0.04801234567901247 0.01700255102040814
0 0.929358024691358 0.2912372448979592 0.04251851851851859 0.012755102040816327
0 0.2050740740740741 0.3479336734693877 0.04801234567901233 0.018418367346938844
0 0.275037037037037 0.35005102040816327 0.04801234567901233 0.017002551020408214
0 0.31687654320987657 0.34934948979591834 0.016456790123456806 0.015586734693877585
0 0.3470493827160494 0.3514795918367347 0.021950617283950584 0.011339285714285698
0 0.3991728395061728 0.3486352040816326 0.04664197530864194 0.014170918367346956
0 0.4595308641975309 0.3514795918367347 0.05212345679012349 0.019846938775510133
0 0.439641975308642 0.40036989795918365 0.026061728395061746 0.026926020408163283
0 0.44170370370370365 0.4613137755102041 0.030172839506172906 0.02975765306122454
0 0.08916049382716049 0.5165816326530612 0.07681481481481481 0.03543367346938772
1 0.18175308641975307 0.5130357142857144 0.08916049382716047 0.03117346938775517
1 0.28669135802469137 0.5179974489795919 0.09328395061728395 0.02975765306122454
1 0.38614814814814813 0.5144515306122449 0.0809382716049382 0.028341836734693912
1 0.4842222222222223 0.5137499999999999 0.08779012345679015 0.02975765306122454
1 0.5973950617283951 0.5179974489795919 0.10837037037037034 0.024094387755102024
1 0.9417037037037037 0.6030357142857142 0.050753086419752964 0.015586734693877585
0 0.5630987654320988 0.6030357142857142 0.037037037037037035 0.012755102040816327
0 0.6124814814814815 0.5994897959183674 0.03155555555555549 0.014170918367346956
0 0.6680370370370371 0.5994897959183674 0.057617283950617375 0.019846938775510133
0 0.7428024691358024 0.6044515306122449 0.06172839506172839 0.012755102040816327
0 0.8093333333333332 0.6037372448979592 0.04664197530864194 0.011339285714285698
0 0.8607654320987654 0.5994897959183674 0.039777777777777815 0.014170918367346956
0 0.9492469135802469 0.8248341836734694 0.03566666666666679 0.03401785714285724
0 0.6995925925925925 0.8283673469387756 0.03292592592592602 0.029757653061224396
0 0.4492469135802469 0.8297959183673469 0.03155555555555549 0.032602040816326464
0 0.19959259259259257 0.8227040816326531 0.03429629629629633 0.029757653061224396
2 0.23525925925925925 0.40461734693877555 0.1111111111111111 0.026926020408163283
2 0.3600864197530864 0.4053316326530612 0.10837037037037034 0.028341836734693912
2 0.30246913580246915 0.45846938775510204 0.2345679012345679 0.032602040816326464