0 0.30311004784688994 0.23688229056203605 0.17272727272727273 0.2906998939554613
0 0.6822966507177034 0.23488865323435842 0.17033492822966506 0.2867232237539767
0 0.8720095693779905 0.23515376458112408 0.17177033492822966 0.2914952279957582
0 0.49354066985645934 0.23621420996818665 0.1708133971291866 0.2893743372216331
0 0.11507177033492823 0.23621420996818665 0.16985645933014354 0.2893743372216331
0 0.30191387559808613 0.543001060445387 0.17272727272727273 0.29069989395546136
0 0.6811004784688995 0.5410074231177094 0.17033492822966506 0.2867232237539767
0 0.11387559808612441 0.5423329798515376 0.16985645933014354 0.2893743372216331
0 0.49234449760765553 0.5423329798515376 0.1708133971291866 0.2893743372216331
0 0.8708133971291866 0.5412725344644751 0.17177033492822966 0.2914952279957582
0 0.3066985645933014 0.8438176033934253 0.17272727272727273 0.2906998939554614
0 0.6858851674641149 0.8458112407211029 0.17033492822966506 0.2867232237539765
0 0.11866028708133972 0.8444856839872746 0.16985645933014354 0.28937433722163297
0 0.4971291866028708 0.8444856839872746 0.1708133971291866 0.28937433722163297
0 0.8698564593301435 0.8434252386002121 0.17177033492822966 0.2914952279957581
0 0.9318181818181818 0.4982608695652174 0.04354066985645933 0.04781548250265115
0 0.0556267942583732 0.49667020148462354 0.043779904306220085 0.050996818663838844