0 0.9597815292949354 0.02187772925764192 0.022840119165839126 0.027794759825327506
0 0.9173286991062563 0.024203056768558953 0.022343594836146972 0.025884279475982538
0 0.8819563058589871 0.022565502183406114 0.02358490566037736 0.029159388646288215
0 0.8484409136047666 0.02351528384279476 0.021102284011916585 0.024519650655021832
0 0.6395233366434955 0.021473799126637556 0.027805362462760674 0.020436681222707424
0 0.5881330685203575 0.023384279475982536 0.049155908639523335 0.022074235807860262
0 0.5366236345580934 0.021058951965065503 0.0330188679245283 0.03489082969432314
0 0.47318768619662366 0.018558951965065504 0.07845084409136048 0.03711790393013101
0 0.38629592850049654 0.019650655021834062 0.07348560079443893 0.039301310043668124
0 0.3069811320754717 0.016528384279475984 0.06529294935451838 0.03305676855895197
0 0.2567030784508441 0.022019650655021837 0.026812313803376366 0.030251091703056773
0 0.1992353525322741 0.01925764192139738 0.0583416087388282 0.03851528384279476
0 0.13990069513406156 0.017893013100436683 0.04394240317775571 0.035786026200873365
0 0.08738828202581926 0.022019650655021837 0.04568023833167825 0.030251091703056773
0 0.036871896722939425 0.020382096069869 0.041459781529294935 0.03352620087336245