0 0.5726950354609929 0.027046783625730993 0.041371158392434985 0.033625730994152045
0 0.6252955082742316 0.027046783625730993 0.03546099290780142 0.03070175438596491
0 0.6873522458628841 0.027777777777777776 0.057919621749408984 0.023391812865497075
0 0.7553191489361702 0.02266081871345029 0.0591016548463357 0.024853801169590642
0 0.8197399527186762 0.02850877192982456 0.041371158392434985 0.021929824561403508
0 0.8794326241134752 0.029239766081871343 0.04491725768321513 0.023391812865497075
1 0.9539007092198581 0.023391812865497075 0.0425531914893617 0.02631578947368421
0 0.2033096926713948 0.3026315789473684 0.037825059101654845 0.049707602339181284
0 0.45567375886524825 0.30116959064327486 0.031914893617021274 0.04678362573099415
0 0.7080378250591016 0.2989766081871345 0.04018912529550828 0.039473684210526314
0 0.9621749408983451 0.2989766081871345 0.03546099290780142 0.04532163742690058
0 0.20094562647754138 0.7821637426900585 0.03309692671394799 0.043859649122807015
0 0.45449172576832153 0.7807017543859649 0.041371158392434985 0.04678362573099415
0 0.7080378250591016 0.7799707602339181 0.030732860520094562 0.04532163742690058
0 0.9621749408983451 0.7807017543859649 0.03546099290780142 0.043859649122807015