0 0.10648148148148148 0.17052884615384614 0.1712962962962963 0.043569711538461536
0 0.30672222222222223 0.1660216346153846 0.15046296296296297 0.04657451923076923
2 0.2835740740740741 0.25540865384615385 0.5069444444444444 0.04807692307692308
2 0.26505555555555554 0.3252764423076923 0.5069444444444444 0.055588942307692304
4 0.7534814814814814 0.3290264423076923 0.26157407407407407 0.15925480769230768
0 0.2743148148148148 0.3838701923076923 0.4930555555555556 0.043569711538461536
0 0.06944444444444445 0.4349519230769231 0.1388888888888889 0.052584134615384616
0 0.23842592592592593 0.44771634615384615 0.14814814814814814 0.027043269230769232
0 0.49422222222222223 0.44921875 0.12731481481481483 0.02403846153846154
0 0.8356481481481481 0.44471153846153844 0.046296296296296294 0.027043269230769232
0 0.08101851851851852 0.5085697115384615 0.10185185185185185 0.043569711538461536
0 0.18518518518518517 0.4980528846153846 0.08796296296296297 0.04056490384615385
0 0.2835740740740741 0.5040625 0.09953703703703703 0.04056490384615385
0 0.3993148148148148 0.5078125 0.07175925925925926 0.042067307692307696
0 0.5115740740740741 0.5100721153846154 0.06944444444444445 0.03756009615384615
0 0.2882037037037037 0.5686658653846154 0.26157407407407407 0.022536057692307692
1 0.06366666666666668 0.6430288461538461 0.06712962962962964 0.02403846153846154