0 0.031914893617021274 0.03278688524590164 0.04964539007092199 0.06557377049180328
0 0.14566362715298886 0.029344262295081972 0.0571631205673759 0.04922131147540984
0 0.19862208713272542 0.03162568306010929 0.03922998986828771 0.04467213114754099
0 0.24103343465045593 0.03300546448087431 0.03625126646403245 0.04743169398907104
0 0.30359675785207696 0.029904371584699455 0.06457953394123608 0.05639344262295082
0 0.3666869300911854 0.03239071038251366 0.04889564336372846 0.04314207650273224
0 0.4247517730496454 0.03252732240437158 0.041205673758865205 0.03734972677595628
0 0.494741641337386 0.030860655737704922 0.07311043566362713 0.04618852459016394
0 0.8872036474164133 0.02963114754098361 0.04524822695035469 0.03763661202185793
0 0.9496757852077001 0.03169398907103825 0.0553596757852078 0.041762295081967216
0 0.9770415400202634 0.2618306010928962 0.03130699088145906 0.058811475409836084
0 0.9410233029381965 0.32136612021857924 0.08084093211752783 0.04734972677595624
0 0.9500303951367781 0.4103005464480874 0.08533941236068897 0.04607923497267762
0 0.6036575481256332 0.7139071038251367 0.09056737588652493 0.0431010928961748
0 0.5660587639311044 0.8801639344262294 0.04913880445795339 0.07203551912568308
0 0.6891489361702128 0.8803005464480874 0.19174265450861194 0.06624316939890712
0 0.8873454913880445 0.8773360655737705 0.19638297872340418 0.06941256830601085
1 0.354903748733536 0.7537158469945355 0.25048632218844985 0.04075136612021848
1 0.15706180344478218 0.09909836065573771 0.14074974670719353 0.03387978142076503
1 0.30871327254305975 0.09896174863387978 0.1423404255319149 0.03968579234972678
0 0.024457953394123606 0.09475409836065574 0.037649442755825734 0.03430327868852458
0 0.04037487335359677 0.17793715846994534 0.06722391084093211 0.09140710382513659
0 0.04180344478216818 0.2770081967213115 0.07458966565349545 0.08916666666666664
0 0.0419047619047619 0.3779371584699453 0.07029381965552178 0.0997677595628415