0 0.11434865900383141 0.028657205240174673 0.04190613026819923 0.030021834061135372
0 0.16403256704980843 0.027980349344978162 0.040708812260536395 0.020469432314410476
0 0.2238984674329502 0.028657205240174673 0.05268199233716475 0.016375545851528384
0 0.27957854406130267 0.02934497816593886 0.013170498084291188 0.012281659388646284
0 0.32567049808429116 0.02934497816593886 0.04789272030651341 0.01774017467248908
0 0.40409961685823753 0.027980349344978162 0.06345785440613026 0.020469432314410476
0 0.49090038314176243 0.025927947598253277 0.06704980842911877 0.01910480349344978
0 0.5513697318007663 0.025927947598253277 0.02274904214559387 0.010917030567685589
0 0.6004597701149426 0.025927947598253277 0.039511494252873564 0.013646288209606987
0 0.6513409961685823 0.02525109170305677 0.026340996168582376 0.017740174672489083
0 0.8495019157088123 0.026615720524017464 0.02274904214559387 0.02592794759825327
0 0.8836206896551724 0.025927947598253277 0.023946360153256706 0.024563318777292575
0 0.9189463601532567 0.03070960698689956 0.020354406130268198 0.01774017467248908
0 0.9596551724137931 0.02115720524017467 0.02274904214559387 0.025927947598253277
0 0.2741858237547893 0.24632096069868994 0.019157088122605363 0.015010917030567686
0 0.7567049808429118 0.24836244541484717 0.019157088122605363 0.013646288209606987
0 0.5148467432950191 0.46397379912663755 0.09339080459770115 0.021834061135371178
0 0.35919540229885055 0.7512336244541484 0.19875478927203066 0.05322052401746725
3 0.5148467432950191 0.934093886462882 0.9195402298850575 0.10780567685589519