1 0.10628826530612245 0.25996533795493937 0.10841836734693877 0.028890814558058954
1 0.18760204081632656 0.3617850953206239 0.2731760204081633 0.027435008665511237
1 0.2030229591836734 0.42100519930675906 0.3061224489795918 0.033223570190641274
1 0.18973214285714285 0.4758752166377816 0.281670918367347 0.03322357019064118
1 0.16794642857142855 0.5322010398613518 0.23596938775510204 0.03322357019064118
1 0.1971683673469388 0.5849220103986135 0.29442602040816324 0.03176776429809366
1 0.23278061224489796 0.6441421143847488 0.3635204081632653 0.03176776429809366
0 0.9273979591836735 0.3646793760831889 0.039323979591836644 0.021663778162911613
0 0.9364413265306122 0.4238821490467938 0.06377551020408163 0.03610051993067588
0 0.9295280612244898 0.47733102253032933 0.04358418367346948 0.024558058925476533
0 0.9327168367346939 0.591421143847487 0.04570153061224481 0.024558058925476533
0 0.26094387755102044 0.8643847487001733 0.46237244897959184 0.08232235701906412
0 0.7397959183673469 0.8651126516464471 0.45705357142857134 0.07509532062391688