0 0.044897852278679935 0.03703023758099352 0.0224515453116815 0.018509719222462202
0 0.07258774227344159 0.029308855291576674 0.014965950759559976 0.012343412526997844
0 0.09653745416448402 0.03316414686825054 0.020953378732320588 0.020053995680345577
0 0.1302095337873232 0.03703023758099352 0.022451545311681517 0.018509719222462202
0 0.1608905185961236 0.029308855291576674 0.01945521215295966 0.018509719222462202
0 0.24545311681508644 0.16584233261339093 0.041906757464641176 0.02623110151187907
0 0.2903562074384494 0.1588984881209503 0.02544264012572024 0.037030237580993546
0 0.3322629649030906 0.1627537796976242 0.03143006809848088 0.02930885529157666
0 0.3674332111052907 0.16353131749460043 0.02394447354635937 0.015431965442764602
0 0.40597171293871137 0.16122030237580992 0.020204295442640092 0.013887688984881224
0 0.4534887375589314 0.1650755939524838 0.028438973284442098 0.01850971922246219
0 0.4864169722367732 0.16122030237580992 0.019455212152959717 0.01696544276457881
0 0.5170979570455736 0.1581317494600432 0.020953378732320588 0.01696544276457881
0 0.5653693033001571 0.15582073434125268 0.030680984808800504 0.02159827213822894
0 0.6136354112100576 0.16198704103671707 0.03143006809848088 0.015431965442764602
0 0.6671398638030382 0.1604427645788337 0.051634363541121095 0.024686825053995696
0 0.7453431115767417 0.1604427645788337 0.07034573074908328 0.015431965442764602
0 0.8070770036668413 0.1581317494600432 0.04564693556836033 0.02623110151187907
0 0.9679727606076479 0.041652267818574513 0.027689889994761723 0.03085313174946005
2 0.903986380303824 0.03856371490280778 0.08231534834992135 0.03085313174946005
3 0.09803038239916186 0.3247408207343413 0.15266107909900475 0.5291576673866092
3 0.12235201676270298 0.8184233261339093 0.16388685175484546 0.3008315334773217