0 0.579971181556196 0.03263341067285382 0.05763688760806916 0.015951276102088165
0 0.9365994236311239 0.09280742459396751 0.03121998078770413 0.03480278422273782
0 0.9390009606147934 0.13776102088167053 0.026416906820365033 0.029002320185614848
0 0.9053794428434198 0.32627610208816704 0.09606147934678194 0.055104408352668215
0 0.579971181556196 0.962877030162413 0.0936599423631124 0.03480278422273782
0 0.6616234390009607 0.9636078886310905 0.05043227665706052 0.03625290023201856
1 0.7408741594620557 0.8584686774941995 0.42267050912584053 0.08120649651972157
1 0.7378770413064362 0.6967865429234339 0.409462055715658 0.030452436194895592
1 0.7390778097982709 0.6576334106728539 0.4142651296829971 0.030452436194895592
1 0.7384726224783862 0.6162993039443155 0.41786743515850144 0.029002320185614848
1 0.7390778097982709 0.5713457076566125 0.4142651296829971 0.031902552204176336
0 0.7348703170028819 0.765661252900232 0.420268972142171 0.049303944315545245