0 0.1357984790874525 0.10813432835820896 0.04616920152091254 0.03655650319829423
0 0.07672053231939163 0.11118336886993604 0.0339448669201521 0.024371002132196146
0 0.19419201520912546 0.10965884861407249 0.04616920152091254 0.027409381663113016
0 0.2586882129277566 0.1005223880597015 0.06111216730038022 0.03655650319829423
0 0.31029467680608364 0.10127931769722814 0.023089353612167265 0.019797441364605536
0 0.35510456273764257 0.1005223880597015 0.05567490494296583 0.03655650319829423
0 0.4454087452471483 0.10508528784648187 0.08147338403041829 0.0487313432835821
0 0.5350380228136882 0.10432835820895522 0.07876425855513298 0.04111940298507462
0 0.5920722433460076 0.10736673773987206 0.02987642585551337 0.031982942430703626
0 0.6396007604562738 0.10889125799573561 0.05431558935361226 0.028933901918976563
0 0.6986692015209125 0.10889125799573561 0.039382129277566603 0.02284648187633263
0 0.4752851711026616 0.15077825159914712 0.027157794676806075 0.021321961620469083
0 0.5302851711026616 0.15458422174840086 0.06382129277566549 0.01674840085287844
0 0.8494011406844107 0.041119402985074625 0.03666349809885926 0.045692963752665246
0 0.8982889733840305 0.03731343283582089 0.033944866920152125 0.03807036247334756
0 0.9519296577946766 0.03578891257995736 0.04345057034220525 0.04721748400852879
0 0.6830513307984791 0.8300319829424307 0.23356463878327 0.033507462686567235
2 0.37275665399239544 0.03731343283582089 0.32998098859315594 0.04111940298507462