0 0.7610935023771791 0.643304347826087 0.026677231907025884 0.05766304347826082
0 0.23184363444268358 0.6443913043478261 0.02865821447437929 0.05548913043478256
0 0.713417855256207 0.25816304347826086 0.04490227152667723 0.09173913043478259
0 0.6065768621236133 0.2588478260869565 0.0398837823560486 0.07135869565217388
0 0.4956418383518225 0.25707608695652173 0.045166402535657686 0.07217391304347824
0 0.38483888008452194 0.256945652173913 0.042789223454833596 0.0697282608695652
0 0.2758214474379292 0.2562608695652174 0.050581088219757 0.07923913043478259
0 0.27786582144743793 0.1545108695652174 0.05071315372424723 0.08442391304347828
0 0.3871526677231907 0.15668478260869567 0.043449550977284736 0.06920652173913046
0 0.4956418383518225 0.16007608695652176 0.045166402535657686 0.07600000000000001
0 0.6077020602218701 0.15967391304347828 0.046090861067089275 0.06866304347826088
0 0.7129582673005811 0.15735869565217392 0.03737453777073428 0.08143478260869567
0 0.9611727416798732 0.026000000000000002 0.03856312731114633 0.03175000000000001
0 0.9250554675118859 0.028847826086956522 0.02311146328578975 0.028760869565217388
0 0.1506867406233492 0.028304347826086956 0.04727945060750132 0.02984782608695652
0 0.1055890121500264 0.023956521739130435 0.0349973586899102 0.027673913043478257
0 0.4955097728473323 0.9771739130434782 0.14580031695721077 0.04565217391304348