0 0.11390712570056045 0.16171153846153846 0.18996797437950363 0.10315384615384614
0 0.11281825460368294 0.3977307692307692 0.1863330664531625 0.08915384615384618
0 0.06696557245796637 0.5961538461538461 0.05531625300240192 0.045461538461538435
0 0.08843074459567654 0.667826923076923 0.09389111289031225 0.052442307692307656
0 0.08952762209767813 0.75875 0.10335468374699762 0.038461538461538464
0 0.08006405124099279 0.8330384615384615 0.07714971977582066 0.036711538461538525
0 0.08006405124099279 0.9125961538461539 0.10917534027221779 0.052442307692307656
0 0.9320176140912729 0.6590961538461538 0.09389111289031224 0.12238461538461536
0 0.873058446757406 0.16084615384615386 0.02401921537229784 0.05244230769230771
0 0.9043634907926341 0.16696153846153844 0.021104883907125803 0.047211538461538485
0 0.9331064851881505 0.16607692307692307 0.026204963971176956 0.038461538461538464
0 0.9684147317854283 0.1599615384615385 0.02256204963971164 0.054192307692307706
1 0.11500400320256204 0.28059615384615383 0.1834187349879904 0.057692307692307696
1 0.11208967173738991 0.5035 0.18633306645316255 0.045461538461538435