0 0.8716475095785441 0.14704370179948587 0.1277164750957855 0.08989717223650386
2 0.6103984674329501 0.14757069408740361 0.37947126436781603 0.08881748071979435
2 0.1894176245210728 0.22187660668380463 0.2686819923371647 0.05533419023136248
3 0.8223984674329502 0.5305784061696658 0.27347126436781616 0.10718508997429305
3 0.8206896551724138 0.800771208226221 0.27586206896551724 0.39845758354755784
0 0.07606896551724138 0.22147814910025707 0.01644444444444445 0.037390745501285315
0 0.8810651340996168 0.3388688946015424 0.0603448275862069 0.11580976863753216
0 0.789992337164751 0.3402185089974293 0.05859003831417627 0.11848329048843186
0 0.700352490421456 0.3378020565552699 0.05651340996168582 0.11795629820051412
0 0.6082375478927203 0.33847043701799484 0.054283524904214495 0.11929305912596405
0 0.5166819923371647 0.3398071979434447 0.04837547892720315 0.11125964010282773
0 0.42584674329501915 0.3339203084832905 0.04868965517241376 0.13375321336760929
0 0.28377011494252874 0.06672236503856041 0.06465900383141762 0.04708226221079691
0 0.219272030651341 0.06805912596401029 0.04422222222222225 0.028341902313624674
0 0.1611647509578544 0.06551413881748072 0.04933333333333333 0.025398457583547564
0 0.10137164750957854 0.06712082262210797 0.046298850574712655 0.022185089974293064
0 0.05491954022988506 0.07073264781491002 0.02681992337164751 0.02298200514138817
0 0.6343371647509578 0.7287146529562982 0.031448275862068935 0.05358611825192809
0 0.2653256704980843 0.5110411311053984 0.05810727969348662 0.04453727506426732
0 0.1867816091954023 0.5113110539845759 0.07982375478927202 0.04935732647814907
0 0.0985823754789272 0.5125064267352185 0.07742528735632186 0.04962724935732649
0 0.2595785440613027 0.5661953727506427 0.08492720306513413 0.04131105398457582
0 0.1693793103448276 0.5664652956298201 0.08652873563218393 0.046131105398457564
0 0.08963984674329502 0.5657969151670951 0.06593103448275861 0.044794344473007744
0 0.12931034482758622 0.3627120822622108 0.03511877394636014 0.05208226221079689
0 0.08054406130268199 0.3629820051413881 0.050927203065134104 0.04619537275064274
1 0.23531800766283523 0.7761053984575835 0.13218390804597702 0.04982005141388174