0 0.48787878787878786 0.6847988077496274 0.45696969696969697 0.07004470938897168
0 0.7066666666666667 0.470193740685544 0.02666666666666667 0.037257824143070044
0 0.4903030303030303 0.7727272727272727 0.4593939393939394 0.07004470938897168
3 0.48787878787878786 0.6341281669150521 0.49575757575757573 0.3979135618479881
1 0.11818181818181818 0.22950819672131148 0.1103030303030303 0.03576751117734724
1 0.19454545454545455 0.33084947839046197 0.26545454545454544 0.038748137108792845
1 0.21454545454545454 0.37555886736214605 0.3006060606060606 0.029806259314456036
1 0.19151515151515153 0.4187779433681073 0.2787878787878788 0.026825633383010434
1 0.14424242424242426 0.47093889716840537 0.16727272727272727 0.03576751117734724
1 0.14727272727272728 0.5149031296572281 0.1806060606060606 0.03427719821162444
1 0.14242424242424243 0.5648286140089419 0.1709090909090909 0.029806259314456036