0 0.9567810292633703 0.05819018404907975 0.0602119071644804 0.07280674846625766
0 0.8927850655903128 0.05487730061349694 0.048274470232088716 0.07434049079754601
0 0.8312310797174571 0.05756134969325154 0.0597073662966701 0.08174846625766871
0 0.9541675075681131 0.15328220858895705 0.053319878910191645 0.03598159509202455
0 0.8899293642785066 0.16133435582822087 0.04591321897073663 0.027546012269938663
0 0.9736831483350151 0.3753834355828221 0.025065590312815255 0.04664110429447852
0 0.9603128153380424 0.6484815950920245 0.023551967709384378 0.034555214723926336
0 0.9665287588294652 0.5710276073619632 0.01917255297679112 0.03099693251533748
0 0.6066296670030272 0.7287269938650307 0.09316851664984857 0.03760736196319016
0 0.5708879919273461 0.9178680981595093 0.04356205852674074 0.06822085889570555
0 0.6935822401614531 0.9174846625766871 0.1964379414732594 0.0715337423312885
0 0.8886680121089808 0.9191411042944785 0.18970736629667004 0.07076687116564433
0 0.4940363269424823 0.16107361963190184 0.06811301715438944 0.043389570552147226
0 0.42567103935418765 0.16785276073619632 0.04069626639757824 0.04262269938650306
0 0.3703329969727548 0.1537883435582822 0.034308779011099896 0.04518404907975462
0 0.3060948536831483 0.15519938650306747 0.06727547931382438 0.050030674846625774
0 0.24882946518668012 0.16299079754601226 0.028425832492431902 0.02677914110429449
0 0.208970736629667 0.16401840490797545 0.03279515640766902 0.03495398773006134
0 0.15085771947527749 0.1585122699386503 0.04944500504540868 0.03828220858895707
0 0.0382643794147326 0.16004601226993864 0.031109989909182643 0.04542944785276074
2 0.3066801210898083 0.05104294478527607 0.36612512613521697 0.0666717791411043
1 0.3334207870837538 0.23302147239263804 0.14043390514631682 0.029815950920245395
1 0.17718466195761856 0.23736196319018404 0.14076690211907164 0.0364570552147239
0 0.04474268415741675 0.3578680981595092 0.06929364278506561 0.09955521472392642
0 0.046004036326942485 0.4694325153374233 0.06677093844601414 0.10388036809815954
0 0.046922300706357216 0.578957055214724 0.07030272452068619 0.10205521472392633
0 0.046004036326942485 0.6924386503067486 0.06677093844601414 0.09996932515337432
0 0.04490413723511604 0.8004141104294479 0.06626639757820385 0.10122699386503067
0 0.0481029263370333 0.8663650306748466 0.028930373360242182 0.020444785276073508