1 0.075 0.12397899649941657 0.08846153846153847 0.037922987164527425
1 0.20433076923076923 0.12981330221703619 0.0875 0.037922987164527425
1 0.31875384615384617 0.13127187864644108 0.08557692307692308 0.03500583430571762
1 0.43125384615384615 0.13492415402567093 0.10096153846153846 0.030630105017502917
2 0.3269230769230769 0.23045507584597433 0.41923076923076924 0.07001166861143523
1 0.7134615384615385 0.01969661610268378 0.08846153846153847 0.021878646441073513
1 0.8557692307692307 0.018961493582263712 0.03461538461538462 0.01750291715285881
1 0.9134615384615384 0.018961493582263712 0.06153846153846154 0.01750291715285881
0 0.799523076923077 0.02261376896149358 0.04903846153846154 0.033547257876312714
0 0.7413461538461539 0.05980163360560093 0.0673076923076923 0.029171528588098017
0 0.8355769230769231 0.05907817969661611 0.07307692307692308 0.027712952158693117
0 0.9177923076923078 0.05907817969661611 0.07403846153846154 0.021878646441073513
0 0.8014461538461539 0.4543523920653442 0.24519230769230768 0.05396732788798133
0 0.9076923076923077 0.5739556592765461 0.06346153846153846 0.027712952158693117
0 0.5668307692307692 0.5790548424737456 0.022115384615384617 0.029171528588098017
0 0.6033692307692308 0.5739556592765461 0.03365384615384615 0.027712952158693117
0 0.2153846153846154 0.5775962660443408 0.08461538461538462 0.037922987164527425
0 0.30673076923076925 0.5783313885647607 0.07692307692307693 0.030630105017502917
0 0.39471538461538463 0.5768728121353559 0.07403846153846154 0.027712952158693117
0 0.49423076923076925 0.573220536756126 0.09038461538461538 0.026254375729288213
0 0.49903846153846154 0.338389731621937 0.025 0.029171528588098017
0 0.5326923076923077 0.3369311551925321 0.026923076923076925 0.023337222870478413
0 0.5798076923076924 0.33912485414235705 0.05576923076923077 0.01604434072345391
0 0.1101 0.39964994165694284 0.12788461538461537 0.049591598599766626
0 0.2552923076923077 0.4003850641773629 0.13173076923076923 0.05105017502917153
0 0.4028846153846154 0.396732788798133 0.14038461538461539 0.05542590431738623
0 0.5461538461538461 0.3974679113185531 0.13653846153846153 0.04229871645274212
0 0.10576923076923077 0.46893815635939323 0.11923076923076924 0.04521586931155192
0 0.25625384615384617 0.46674445740956827 0.13173076923076923 0.049591598599766626
0 0.4043307692307692 0.46382730455075843 0.13942307692307693 0.049591598599766626
0 0.5514461538461538 0.4645624270711785 0.13557692307692307 0.04229871645274212
0 0.7259615384615384 0.32891481913652276 0.08269230769230769 0.03354725787631272
0 0.8456769230769232 0.33183197199533254 0.08365384615384615 0.027712952158693117
0 0.7226 0.3872578763127188 0.07211538461538461 0.030630105017502917
0 0.8423076923076923 0.3879813302217036 0.08846153846153847 0.03208868144690782
0 0.7004846153846154 0.24869311551925322 0.052884615384615384 0.021878646441073513
0 0.5 0.7817969661610268 0.013461538461538462 0.029171528588098017
0 0.5394230769230769 0.7839906651108518 0.01730769230769231 0.021878646441073513
0 0.5851 0.7898249708284714 0.04519230769230769 0.027712952158693117
0 0.13894615384615383 0.8977596266044341 0.18365384615384617 0.13564760793465577
0 0.3278846153846154 0.8941073512252042 0.17884615384615385 0.12835472578763127
0 0.5240384615384616 0.8955659276546091 0.19615384615384615 0.12835472578763127
0 0.7976000000000001 0.8612952158693116 0.30288461538461536 0.24358226371061845