0 0.2749109653233364 0.04380475594493116 0.03956888472352393 0.048673341677096374
0 0.3280224929709466 0.05006257822277847 0.041649484536082526 0.05284105131414268
0 0.3754076850984068 0.04728410513141427 0.04060918462980322 0.044505632040050064
0 0.4295501405810684 0.048673341677096374 0.04060918462980322 0.05006257822277847
0 0.47797563261480785 0.04797246558197747 0.03748828491096532 0.057021276595744685
0 0.531087160262418 0.046583229036295366 0.03748828491096532 0.057021276595744685
0 0.5821087160262418 0.04936170212765957 0.03748828491096532 0.05979974968710889
0 0.6336551077788192 0.04728410513141427 0.046860356138706656 0.058410513141426784
0 0.6836363636363637 0.044505632040050064 0.0322774133083412 0.044505632040050064
0 0.7409184629803186 0.04728410513141427 0.030196813495782595 0.05006257822277847
1 0.07237113402061855 0.5096620775969963 0.06560449859418932 0.023642052565707117
1 0.26814432989690723 0.5117521902377973 0.05519212746016868 0.025031289111389236
1 0.46703842549203367 0.5082728410513142 0.08434864104967192 0.023642052565707117
1 0.6570852858481725 0.5068836045056321 0.06872539831302711 0.018072590738423096
1 0.8570196813495783 0.5075844806007509 0.07913776944704785 0.019474342928660758
1 0.07029053420805999 0.9595369211514393 0.07809746954076849 0.022252816020024997
1 0.26449859418931587 0.9623153942428034 0.07497656982193064 0.025031289111389236
1 0.4618369259606373 0.9602252816020025 0.08642924086223058 0.018072590738423096
1 0.6550046860356139 0.9588360450563204 0.08122774133083419 0.018072590738423096
1 0.8486972820993439 0.9644055068836045 0.07081537019681344 0.02364205256570726