0 0.6378431372549019 0.15076112412177986 0.12254901960784313 0.049765807962529274
0 0.6763585434173669 0.25614754098360654 0.04084967320261438 0.020491803278688523
0 0.6728571428571428 0.3007962529274005 0.0338468720821662 0.019028103044496487
0 0.8595985060690943 0.24151053864168617 0.05485527544351074 0.0234192037470726
0 0.7644724556489262 0.34763466042154567 0.0350140056022409 0.021955503512880562
0 0.8129131652661065 0.35202576112412176 0.0338468720821662 0.024882903981264637
0 0.8601774042950514 0.3490983606557377 0.03034547152194211 0.024882903981264637
0 0.9097852474323063 0.3461709601873536 0.036181139122315596 0.030737704918032786
0 0.8566760037348272 0.5349882903981265 0.23109243697478993 0.039519906323185014
0 0.4470121381886088 0.03001170960187353 0.07703081232492998 0.027810304449648708
0 0.9483006535947713 0.06733021077283373 0.03384687208216631 0.020491803278688523