0 0.8331653225806451 0.05738880918220947 0.05141129032258065 0.08034433285509325
0 0.8961693548387096 0.055236728837876614 0.04435483870967742 0.08177905308464849
0 0.9627016129032258 0.054519368723098996 0.05040322580645161 0.07173601147776183
0 0.8951612903225806 0.14992826398852224 0.038306451612903226 0.03012912482065997
0 0.9536290322580645 0.1492109038737446 0.04838709677419355 0.02295552367288379
0 0.9758064516129032 0.4261119081779053 0.020161290322580645 0.03443328550932568
1 0.766633064516129 0.7130559540889526 0.42439516129032256 0.040172166427546625
1 0.7661290322580645 0.7769010043041606 0.4274193548387097 0.047345767575322814
0 0.5725806451612904 0.9476327116212339 0.04233870967741935 0.05308464849354376
0 0.6945564516129032 0.9469153515064562 0.18548387096774194 0.06312769010043041
0 0.8881048387096774 0.9433285509325682 0.1935483870967742 0.06169296987087518
0 0.05141129032258065 0.30631276901004306 0.06653225806451613 0.09325681492109039
0 0.051915322580645164 0.4081779053084649 0.06149193548387097 0.09325681492109039
0 0.05141129032258065 0.5136298421807748 0.06451612903225806 0.0975609756097561
0 0.1502016129032258 0.14705882352941177 0.06653225806451613 0.035868005738880916
0 0.20665322580645162 0.15136298421807748 0.02620967741935484 0.027259684361549498
0 0.2469758064516129 0.15064562410329985 0.020161290322580645 0.028694404591104734
0 0.30997983870967744 0.14705882352941177 0.0655241935483871 0.047345767575322814
0 0.37651209677419356 0.15136298421807748 0.03528225806451613 0.03012912482065997
0 0.4309475806451613 0.15423242467718795 0.029233870967741934 0.04447632711621234
0 0.5 0.14634146341463414 0.06048387096774194 0.040172166427546625
1 0.2056451612903226 0.21807747489239598 0.1350806451612903 0.020086083213773313
1 0.35735887096774194 0.21951219512195122 0.13608870967741934 0.011477761836441894
2 0.31098790322580644 0.047345767575322814 0.3497983870967742 0.05738880918220947