0 0.9452220077220077 0.03788912579957356 0.04198841698841699 0.049530916844349675
0 0.8949131274131275 0.03442430703624733 0.0402992277992278 0.051130063965884855
0 0.8490637065637066 0.03642857142857143 0.03547297297297297 0.04446695095948828
0 0.6899131274131274 0.10784648187633263 0.033301158301158304 0.029520255863539444
0 0.6332046332046332 0.10797441364605544 0.059845559845559844 0.03191897654584221
0 0.5796332046332047 0.10397654584221748 0.029922779922779922 0.034584221748400854
0 0.5193050193050193 0.10372068230277186 0.07335907335907337 0.02979744136460553
0 0.43014478764478764 0.1045095948827292 0.07601351351351351 0.03351812366737739
0 0.3509942084942085 0.10304904051172707 0.0625 0.03911513859275053
0 0.3001930501930502 0.10784648187633263 0.021235521235521235 0.029520255863539444
0 0.24734555984555984 0.10184434968017057 0.06515444015444015 0.03884861407249467
0 0.17893822393822392 0.10264392324093817 0.04174710424710425 0.04257995735607676
0 0.12126447876447877 0.1045095948827292 0.04705598455598456 0.03351812366737739
0 0.05888030888030888 0.10757995735607676 0.03088803088803089 0.03538379530916844
3 0.50253861003861 0.5219616204690832 0.9350868725868726 0.07524520255863537
2 0.35702702702702704 0.04095948827292111 0.3400096525096525 0.04073560767590619
0 0.50253861003861 0.03909381663113007 0.018098455598455597 0.028475479744136466