0 0.18565425023877746 0.03094609460946094 0.1062559694364852 0.034378437843784374
0 0.32831900668576885 0.030253025302530254 0.08595988538681948 0.033003300330033
0 0.44293218720152816 0.02544554455445544 0.09073543457497613 0.028877887788778873
0 0.5587392550143266 0.023377337733773377 0.09789875835721108 0.030253025302530254
0 0.6936485195797517 0.028877887788778877 0.09789875835721108 0.030253025302530254
0 0.818414517669532 0.030253025302530254 0.11103151862464183 0.022002200220022004
0 0.9258643744030564 0.030253025302530254 0.041786055396370585 0.033003300330033
0 0.08237822349570201 0.03162816281628163 0.02387774594078319 0.024752475247524754
0 0.23638968481375358 0.36991199119911994 0.02865329512893983 0.030253025302530254
0 0.4733810888252149 0.3706050605060506 0.037010506208213945 0.026127612761276127
0 0.7067812798471824 0.36785478547854783 0.038204393505253106 0.026127612761276127
0 0.9330276981852913 0.36922992299229923 0.03939828080229226 0.028877887788778877
0 0.234603629417383 0.8271507150715072 0.032234957020057305 0.023377337733773377
0 0.46860553963705825 0.8237073707370737 0.03462273161413563 0.033003300330033
0 0.7014135625596943 0.8278327832783279 0.03462273161413563 0.027502750275027504
0 0.9300382043935053 0.8244004400440044 0.02387774594078319 0.026127612761276127