3 0.8915543071161048 0.5058079096045197 0.21688202247191 0.9883841807909605
0 0.06458801498127341 0.046146892655367235 0.09044007490636705 0.042338983050847455
0 0.15970973782771536 0.03805649717514124 0.08916666666666669 0.04054237288135594
0 0.25845505617977527 0.03715254237288136 0.0993820224719101 0.04490395480225988
0 0.03628277153558052 0.0868361581920904 0.046601123595505625 0.025118644067796597
0 0.0943820224719101 0.09018079096045198 0.04788389513108616 0.023581920903954806
0 0.14108614232209737 0.08824858757062146 0.041282771535580555 0.01972881355932204
0 0.20014044943820225 0.08709604519774011 0.04235018726591762 0.019468926553672303
0 0.24909176029962543 0.08761581920903956 0.03808988764044942 0.018440677966101687
0 0.31824906367041195 0.0887683615819209 0.06149812734082403 0.018700564971751425
0 0.47923220973782765 0.038316384180790954 0.07490636704119845 0.024621468926553668
1 0.7490636704119851 0.8712655367231639 0.05278089887640439 0.0223276836158192
1 0.7482116104868914 0.6356836158192091 0.051076779026217184 0.03395480225988695
1 0.750131086142322 0.4067683615819209 0.059157303370786576 0.052757062146892714
1 0.7542790262172285 0.21419209039548023 0.035543071161048725 0.037412429378531085
1 0.7395973782771535 0.08658757062146892 0.07000936329588013 0.020497175141242923
1 0.662565543071161 0.08915254237288137 0.06916666666666678 0.015367231638418072
1 0.5782958801498127 0.08824858757062146 0.08789325842696641 0.01972881355932204
3 0.6485205992509363 0.06116384180790961 0.21982209737827713 0.03540112994350282
0 0.7423595505617978 0.056926553672316395 0.02021535580524337 0.031039548022598878