0 0.9824646074646075 0.09607758620689655 0.019626769626769628 0.03415948275862068
0 0.9561647361647362 0.10079741379310346 0.023326898326898327 0.02203663793103447
0 0.9294594594594595 0.09945043103448277 0.021396396396396396 0.019342672413793092
0 0.8996138996138996 0.09823275862068966 0.03088803088803089 0.01907327586206895
0 0.7237001287001288 0.4377586206896552 0.03137065637065637 0.03217672413793105
0 0.6910424710424711 0.4381573275862069 0.020752895752895753 0.039439655172413816
0 0.2903024453024453 0.8952586206896551 0.033301158301158304 0.05709051724137933
0 0.25466537966537967 0.8970150862068965 0.03314028314028314 0.056282327586206916
0 0.21814671814671815 0.8959374999999999 0.032175032175032175 0.05843750000000002
0 0.18106821106821105 0.8972844827586206 0.033944658944658944 0.0611314655172414
0 0.14575289575289574 0.8952586206896551 0.02895752895752896 0.05709051724137933
0 0.11068211068211069 0.8948599137931034 0.03474903474903475 0.060592672413793125
0 0.07456885456885456 0.8945905172413793 0.03458815958815959 0.05574353448275864
0 0.6724581724581724 0.20463362068965518 0.039897039897039896 0.027122844827586225
0 0.623957528957529 0.20395474137931036 0.037805662805662804 0.03655172413793105
0 0.574002574002574 0.20584051724137933 0.04247104247104247 0.027392241379310362
0 0.5232496782496783 0.20678879310344828 0.04231016731016731 0.03358836206896553
0 0.4802123552123552 0.20610991379310345 0.018983268983268985 0.021465517241379326
0 0.4421685971685972 0.20745689655172414 0.028153153153153154 0.024159482758620707
0 0.4034749034749035 0.20651939655172413 0.036036036036036036 0.028739224137931053
0 0.3301158301158301 0.2007219827586207 0.0888030888030888 0.04301724137931036
0 0.22715572715572716 0.2050323275862069 0.09523809523809523 0.03439655172413795
0 0.13489703989703988 0.20314655172413795 0.06354568854568854 0.04355603448275864
0 0.07054697554697555 0.20571120689655173 0.024935649935649937 0.04651939655172416
3 0.5956435006435007 0.6718211206896553 0.2836229086229087 0.12961206896551722
0 0.9465122265122266 0.9410560344827585 0.036196911196911194 0.062467672413793134