1 0.10959357277882796 0.029261822376009227 0.07975425330812852 0.04086505190311419
3 0.7595368620037808 0.37486735870818916 0.3753969754253309 0.5158246828143023
3 0.37046313799621927 0.37467128027681657 0.3912003780718336 0.524083044982699
0 0.1936294896030246 0.6123068050749711 0.02334593572778827 0.030484429065744018
0 0.5468809073724008 0.612952710495963 0.023336483931947122 0.03178777393310259
0 0.2598298676748582 0.6115801614763553 0.10139886578449903 0.031926182237601
0 0.37043478260869567 0.612237600922722 0.10995274102079398 0.03322952710495957
0 0.4813705103969754 0.6128950403690888 0.10497164461247642 0.03454440599769325
0 0.9087334593572779 0.14811995386389848 0.04051039697542524 0.03636678200692043
3 0.6735916824196597 0.08095732410611303 0.1586105860113421 0.06063437139561706
3 0.8570604914933837 0.08023068050749711 0.1782041587901701 0.06207612456747404
0 0.09347826086956522 0.3890542099192618 0.14204158790170135 0.03670126874279129
3 0.5673818525519848 0.8010611303344867 0.7897731568998109 0.28978085351787775
0 0.9335349716446124 0.6714763552479815 0.03813799621928158 0.024832756632064558
0 0.056332703213610585 0.456239907727797 0.058034026465028345 0.027773933102652873
0 0.04725897920604915 0.4813494809688581 0.0398960302457467 0.024163783160323006
0 0.05724007561436673 0.5491464821222607 0.061947069943289246 0.02134948096885812
0 0.07394139886578452 0.5693656286043829 0.09534971644612478 0.01820069204152246
0 0.04539697542533081 0.588881199538639 0.03407372400756144 0.018777393310265317
0 0.05069943289224953 0.6100230680507497 0.04256143667296786 0.027739331026528206
0 0.04396975425330813 0.6779469434832757 0.031209829867674854 0.020034602076124442
0 0.049744801512287336 0.6999077277970012 0.04065217391304348 0.020369088811995482
0 0.04960302457466918 0.7206459054209918 0.046672967863894146 0.020830449826989558
0 0.04830812854442344 0.7395732410611304 0.03778827977315689 0.020242214532871918
0 0.06534971644612476 0.761361014994233 0.07816635160680531 0.02793540945790084
0 0.054470699432892254 0.829919261822376 0.0522022684310019 0.018938869665513346
0 0.07026465028355387 0.8499653979238754 0.08170132325141777 0.023125720876585876
0 0.04292060491493383 0.8707035755478661 0.03330812854442345 0.023587081891580215
0 0.056332703213610585 0.9432179930795848 0.058034026465028345 0.027647058823529445