0 0.7980730593607306 0.023052208835341363 0.1288675799086757 0.022315930388219548
0 0.9680365296803652 0.10040160642570281 0.046675799086758105 0.05503346720214191
0 0.9695616438356165 0.17254350736278445 0.04363470319634721 0.06842034805890229
0 0.9340456621004566 0.28856760374832663 0.1045114155251142 0.06247657295850069
0 0.1232876712328767 0.8084203480589023 0.059872146118721464 0.07586345381526115
0 0.18518721461187215 0.8099062918340026 0.05175342465753426 0.07586345381526115
0 0.24556164383561643 0.8084203480589023 0.050739726027397236 0.07287817938420356
0 0.3069497716894977 0.8084203480589023 0.05175342465753421 0.07287817938420356
0 0.368337899543379 0.8017269076305221 0.048703196347032 0.07139223560910297
1 0.7549497716894977 0.41796519410977245 0.4302374429223743 0.07734939759036141
1 0.7666118721461188 0.9184872824631861 0.42516894977168945 0.031231593038821857
1 0.769662100456621 0.9757563587684069 0.41501369863013704 0.02082998661311907