2 0.30231927710843376 0.04273076923076923 0.35698795180722886 0.054128205128205126
0 0.14223895582329316 0.13533333333333333 0.0568975903614458 0.03703846153846152
0 0.20526104417670682 0.13105128205128205 0.04238955823293175 0.03419230769230771
0 0.25268072289156623 0.13105128205128205 0.03457831325301205 0.03703846153846152
0 0.3067871485943775 0.1282051282051282 0.06693775100401603 0.04558974358974359
0 0.3703714859437751 0.13176923076923078 0.04908634538152609 0.02991025641025639
0 0.4233634538152611 0.13034615384615386 0.03681726907630518 0.029910256410256426
0 0.5064658634538153 0.14102564102564102 0.08924698795180722 0.028487179487179486
0 0.8294277108433735 0.05342307692307693 0.045742971887550145 0.07550000000000001
0 0.8874397590361446 0.04701282051282051 0.04127510040160633 0.07123076923076924
0 0.9527008032128514 0.04914102564102564 0.05131526104417661 0.07834615384615384
0 0.8857630522088353 0.13389743589743588 0.0379317269076305 0.02564102564102564
0 0.9493574297188755 0.13389743589743588 0.053544176706827235 0.028487179487179486
0 0.9660843373493976 0.38247435897435894 0.015622489959839303 0.02137179487179482
0 0.563925702811245 0.7535641025641026 0.021194779116465765 0.0313333333333334
0 0.6364357429718875 0.7564102564102564 0.025662650602409583 0.0313333333333334
0 0.9521385542168675 0.6894615384615385 0.016736947791164733 0.02564102564102564
0 0.5633634538152611 0.9123974358974358 0.040160642570281124 0.06694871794871798
0 0.6871887550200804 0.9109743589743589 0.18964859437750992 0.061256410256410224
0 0.8824196787148594 0.9116794871794872 0.19410642570281117 0.0655256410256409
1 0.7597088353413655 0.6289230769230769 0.4350702811244979 0.047012820512820463
1 0.15729919678714857 0.20014102564102565 0.13833333333333336 0.02706410256410258
1 0.30956827309236945 0.20014102564102565 0.13721887550200798 0.0242179487179487
0 0.046295180722891564 0.27564102564102566 0.06805220883534137 0.08119230769230767
0 0.046295180722891564 0.36823076923076925 0.0635843373493976 0.08405128205128201
0 0.04852409638554217 0.46082051282051284 0.06582329317269077 0.08119230769230774