0 0.1580928355196771 0.1470935960591133 0.051574167507568124 0.05336206896551722
0 0.2208779011099899 0.14915024630541873 0.04709384460141273 0.03831280788177338
0 0.2601210898082744 0.1477832512315271 0.022421796165489432 0.03557881773399013
0 0.3077699293642785 0.14025862068965517 0.06615539858728552 0.047894088669950756
0 0.3806458123107972 0.14572660098522167 0.05269424823410699 0.036945812807881756
0 0.4316649848637739 0.1484729064039409 0.04036326942482341 0.02873152709359604
0 0.5056609485368315 0.14983990147783252 0.06502522704339057 0.02599753694581279
0 0.831372351160444 0.06226600985221675 0.06615539858728552 0.06704433497536945
0 0.8986478304742683 0.05884236453201971 0.04372351160443989 0.06294334975369459
0 0.9614328960645812 0.06226600985221675 0.054934409687184715 0.05610837438423646
0 0.9020080726538849 0.1498399014778325 0.04372351160443989 0.03147783251231526
0 0.9524621594349142 0.1484729064039409 0.04372351160443989 0.03147783251231527
0 0.9832391523713421 0.346884236453202 0.03352169525731587 0.02873152709359611
0 0.9530171543895056 0.38929802955665027 0.0784863773965691 0.025997536945812826
0 0.9614328960645812 0.44950738916256155 0.07511604439959642 0.017783251231527162
0 0.6032088799192734 0.8080172413793104 0.0874571140262362 0.0314778325123152
0 0.5684460141271444 0.9558004926108374 0.044843592330978864 0.05062807881773387
0 0.6547830474268416 0.9578571428571429 0.10538849646821398 0.05199507389162565
0 0.7769929364278506 0.9537438423645321 0.13230070635721505 0.04926108374384237
0 0.922744702320888 0.9592241379310344 0.13454086781029256 0.04926108374384237
0 0.04764883955600403 0.2716256157635468 0.061664984863773975 0.07525862068965519
1 0.3638345105953582 0.7929679802955665 0.23656912209888997 0.025997536945812683