0 0.20053389322135573 0.21291666666666667 0.022279544091181755 0.044262820512820523
0 0.2288122375524895 0.20833333333333334 0.020569886022795417 0.03815170940170938
0 0.26394721055788845 0.21520299145299146 0.035992801439712056 0.033579059829059836
0 0.3205098980203959 0.20757478632478632 0.05484703059388126 0.036634615384615404
0 0.3727834433113377 0.2106196581196581 0.025710857828434252 0.027467948717948696
0 0.42291541691661666 0.21673076923076925 0.041991601679664065 0.036634615384615404
0 0.1983863227354529 0.024423076923076922 0.024853029394121144 0.018311965811965814
0 0.23866826634673066 0.028995726495726497 0.028278344331133767 0.021367521367521368
0 0.2802279544091182 0.032809829059829064 0.04456508698260346 0.02289529914529914
0 0.32607678464307144 0.022126068376068377 0.043707258548290315 0.022895299145299145
0 0.7447090581883624 0.024423076923076922 0.02913617276544701 0.024423076923076922
0 0.7884163167366527 0.022895299145299145 0.046274745050989725 0.024423076923076922
0 0.8526874625074985 0.0259508547008547 0.05484703059388112 0.021367521367521368
0 0.8993941211757648 0.028237179487179485 0.029994001199760048 0.016784188034188033
0 0.9375284943011397 0.022126068376068377 0.02571085782843439 0.025950854700854703
0 0.8758248350329934 0.10759615384615384 0.02399520095980804 0.044262820512820523
0 0.9105338932213557 0.11293803418803418 0.023137372525494998 0.039679487179487195
0 0.9456688662267547 0.11599358974358974 0.023137372525494998 0.033579059829059836
0 0.8286922615476905 0.4326923076923077 0.21938212357528497 0.06563034188034182
0 0.7837012597480504 0.5021367521367521 0.045416916616676684 0.015267094017093977
0 0.8359748050389921 0.4975534188034188 0.028278344331133697 0.018311965811965796
0 0.8771085782843432 0.5044230769230769 0.02656868626274743 0.022895299145299093
0 0.8184103179364127 0.9539102564102564 0.07370125974805046 0.030523504273504205
0 0.587882423515297 0.6333974358974359 0.025710857828434252 0.030523504273504205
0 0.6512957408518296 0.634155982905983 0.02571085782843439 0.03205128205128205
0 0.8646850629874026 0.6379700854700855 0.02913617276544701 0.0335790598290599
0 0.9383863227354529 0.6478952991452991 0.022279544091181686 0.0351068376068375
2 0.49104379124175174 0.11599358974358974 0.26052189562087585 0.04883547008547008
3 0.09040791841631676 0.7936538461538462 0.16196760647870426 0.32051282051282054
0 0.6482963407318536 0.5265598290598291 0.0317096580683864 0.030523504273504327