1 0.7293986636971047 0.09484153005464481 0.32293986636971045 0.04037158469945355
3 0.49962880475129917 0.021311475409836064 0.9992576095025983 0.04262295081967213
0 0.8404825538233112 0.4480765027322404 0.10523385300668152 0.04956284153005467
0 0.7312546399406088 0.44684153005464483 0.10393466963622866 0.049289617486338824
0 0.6207349665924277 0.44862295081967213 0.10374907201187825 0.04846994535519128
0 0.7116778025241278 0.5018907103825136 0.2856347438752785 0.04572677595628419
0 0.8773199703043801 0.503672131147541 0.02858203414996288 0.04490710382513665
3 0.6198069784706756 0.40149726775956285 0.075909428359317 0.030732240437158474
0 0.6364142538975501 0.22187978142076503 0.014476614699331848 0.03214207650273227
0 0.5857461024498887 0.22297267759562842 0.013363028953229399 0.029956284153005493
0 0.8755605048255383 0.16123497267759562 0.015775798069784706 0.022327868852459024
0 0.7982553823311062 0.7863934426229507 0.13771343726800298 0.3043497267759563
0 0.6391091314031181 0.7870819672131147 0.13678544914625093 0.3057158469945355
0 0.477728285077951 0.7869398907103825 0.16109873793615442 0.3578907103825137
0 0.31821083890126206 0.7866666666666666 0.13715664439495173 0.2983387978142077
0 0.17483296213808464 0.7868087431693989 0.10467706013363029 0.3007978142076503
0 0.16889383815887157 0.9879781420765027 0.021529324424647365 0.024043715846994537
0 0.1384558277654046 0.987431693989071 0.02746844840386043 0.025136612021857924