0 0.10862602365787079 0.08649819494584837 0.12852593266606005 0.02256317689530686
0 0.10464058234758872 0.03910950661853189 0.13421292083712466 0.0210589651022864
0 0.9002547770700637 0.05565583634175692 0.0602820746132848 0.018050541516245487
0 0.904231119199272 0.2858002406738869 0.05686988171064604 0.030084235860409144
0 0.9008189262966333 0.5197111913357401 0.0705186533212011 0.028580024067388687
0 0.904231119199272 0.6588447653429603 0.0545950864422202 0.024067388688327317
0 0.05971792538671519 0.17675090252707581 0.05573248407643312 0.01654632972322503
0 0.06995450409463148 0.20382671480144404 0.07620564149226569 0.019554753309265944
0 0.0983894449499545 0.23315282791817088 0.12625113739763422 0.0210589651022864
0 0.055168334849863505 0.32190132370637786 0.04208371246587807 0.024067388688327317
0 0.04777070063694268 0.3602647412755716 0.05232029117379436 0.019554753309265944
0 0.0437943585077343 0.3858363417569194 0.030709736123748856 0.01654632972322503
0 0.05686988171064604 0.41592057761732854 0.04322111010009099 0.01654632972322503
0 0.05345768880800728 0.4445006016847172 0.0705186533212011 0.01654632972322503
0 0.07791628753412193 0.5339951865222623 0.08985441310282075 0.0210589651022864
0 0.05744313011828935 0.5678459687123947 0.05118289353958143 0.01654632972322503
0 0.05858052775250227 0.5964259927797834 0.05573248407643312 0.013537906137184115
0 0.059144676979071886 0.6911913357400722 0.061419472247497726 0.01654632972322503
0 0.051182893539581435 0.7212755716004814 0.03867151956323931 0.025571600481347774
0 0.08985441310282075 0.8145367027677497 0.10236578707916287 0.019554753309265944
0 0.059144676979071886 0.8453670276774969 0.0545950864422202 0.015042117930204572
0 0.09725204731574158 0.9062936221419976 0.13989990900818927 0.019554753309265944
0 0.0989535941765241 0.9514199759326113 0.1364877161055505 0.028580024067388687