2 0.7539120879120879 0.04860202931228861 0.18515018315018317 0.04941375422773394
3 0.9197509157509158 0.5241713641488163 0.12254212454212453 0.6787373167981962
0 0.3806227106227106 0.12122886133032694 0.01798534798534795 0.02454340473506202
0 0.34582417582417585 0.12046223224351747 0.024974358974359 0.02095828635851184
0 0.29853479853479853 0.1198196166854566 0.03696703296703299 0.029921082299887252
0 0.254 0.12058624577226607 0.0261391941391941 0.03350620067643743
0 0.21237362637362636 0.1213641488162345 0.022813186813186802 0.02684329199549042
0 0.17291575091575093 0.11879368658399099 0.033802197802197814 0.031972942502818506
0 0.11846886446886447 0.11995490417136416 0.05477655677655676 0.03223224351747464
0 0.7208644688644689 0.6880496054114994 0.2605714285714285 0.10251409244644878
0 0.7192014652014652 0.8043517474633597 0.25724542124542116 0.09531003382187143
0 0.07193406593406593 0.12110484780157836 0.026637362637362647 0.03248027057497182