0 0.5149253731343284 0.0610337552742616 0.02345522388059706 0.02862869198312237
0 0.5954179104477612 0.06479957805907174 0.02664925373134331 0.021097046413502116
0 0.8603432835820894 0.060274261603375526 0.017059701492537407 0.02712025316455697
0 0.9365671641791045 0.06479957805907173 0.015992537313432715 0.03013713080168777
0 0.812365671641791 0.37296413502109704 0.10873880597014927 0.02862869198312235
0 0.5964850746268656 0.41591772151898737 0.054373134328358136 0.024113924050632927
0 0.40032089552238803 0.41591772151898737 0.03944776119402982 0.012056962025316403
0 0.3043731343283582 0.41515822784810125 0.030917910447761158 0.01356540084388187
0 0.4984029850746269 0.4121413502109704 0.035179104477612015 0.010548523206751054
0 0.2036268656716418 0.4166666666666667 0.053305970149253756 0.025622362869198275
0 0.11141044776119402 0.4196835443037975 0.033052238805970156 0.022605485232067457
0 0.09861194029850745 0.843132911392405 0.020253731343283572 0.019588607594936643
0 0.19136567164179105 0.8378586497890295 0.045843283582089535 0.018080168776371412
0 0.28784328358208955 0.8408649789029535 0.021320895522388097 0.018080168776371412
0 0.39658955223880593 0.8423734177215191 0.03411194029850749 0.012056962025316522
0 0.4840074626865672 0.843132911392405 0.02132089552238801 0.007531645569620359
0 0.5895522388059702 0.8393565400843882 0.03411194029850749 0.009040084388185586
3 0.8097014925373134 0.48598101265822774 0.3166343283582089 0.12205696202531643