0 0.950210843373494 0.026271551724137927 0.01976656626506024 0.03367456896551724
0 0.9732680722891566 0.026271551724137927 0.01694277108433735 0.03367456896551724
0 0.8866716867469879 0.09900862068965517 0.15060240963855423 0.022898706896551723
3 0.4955798192771084 0.9449137931034483 0.1590737951807229 0.0525323275862069
1 0.08142319277108434 0.09563577586206896 0.11389307228915663 0.021551724137931036
1 0.07765060240963856 0.12392241379310345 0.11577560240963855 0.02693965517241379
1 0.06588855421686747 0.15558189655172414 0.08094879518072289 0.025592672413793104
1 0.046121987951807226 0.4970366379310345 0.043298192771084335 0.024245689655172414
1 0.04894578313253012 0.5219612068965517 0.047063253012048195 0.020204741379310345
1 0.05318524096385542 0.5489008620689655 0.055534638554216864 0.022898706896551723
1 0.056950301204819274 0.5778556034482759 0.06494728915662651 0.013469827586206896
1 0.056950301204819274 0.603448275862069 0.06494728915662651 0.016163793103448277
1 0.0545933734939759 0.724676724137931 0.05271084337349398 0.024245689655172414
1 0.07153614457831325 0.9233620689655172 0.09036144578313253 0.020204741379310345
1 0.04988704819277109 0.9455818965517241 0.047063253012048195 0.016163793103448277
1 0.06353915662650603 0.9684806034482759 0.07435993975903614 0.018857758620689655
2 0.04800451807228916 0.8189655172413793 0.045180722891566265 0.032327586206896554
2 0.10448042168674698 0.8189655172413793 0.045180722891566265 0.032327586206896554
2 0.2800301204819277 0.022898706896551723 0.3416792168674699 0.03771551724137931
1 0.8782003012048193 0.02088362068965517 0.09977409638554217 0.02828663793103448
1 0.059774096385542166 0.403426724137931 0.03670933734939759 0.014816810344827586
0 0.04753765060240964 0.2505387931034483 0.0310617469879518 0.013469827586206896
0 0.07435993975903614 0.27747844827586204 0.0677710843373494 0.016163793103448277
0 0.056950301204819274 0.29701508620689654 0.02729668674698795 0.017510775862068964
0 0.07671686746987952 0.325301724137931 0.06871234939759036 0.020204741379310345
0 0.07106927710843373 0.3542564655172414 0.04800451807228916 0.016163793103448277
0 0.06636295180722891 0.3771551724137931 0.05176957831325301 0.010775862068965518