0 0.1504424778761062 0.1582098061573546 0.09292035398230089 0.03420752565564424
0 0.2721238938053097 0.15963511972633979 0.1261061946902655 0.037058152793614595
0 0.41427433628318583 0.16106043329532496 0.11172566371681415 0.039908779931584946
0 0.5149380530973451 0.1639110604332953 0.049778761061946904 0.03420752565564424
0 0.5741150442477876 0.15750285062713795 0.046460176991150445 0.02993158494868871
0 0.6244513274336283 0.15892816419612313 0.034292035398230086 0.02708095781071836
0 0.6863982300884955 0.15892816419612313 0.05641592920353982 0.02993158494868871
0 0.7494513274336283 0.15607753705815278 0.051991150442477874 0.02708095781071836
0 0.8174778761061947 0.1582098061573546 0.059734513274336286 0.03135689851767389
0 0.8915929203539823 0.15607753705815278 0.05309734513274336 0.03278221208665907
0 0.06582300884955752 0.15892816419612313 0.025442477876106196 0.02708095781071836
0 0.5121681415929203 0.4218928164196123 0.2743362831858407 0.04561003420752566
0 0.5099557522123894 0.4789053591790194 0.27654867256637167 0.039908779931584946
0 0.5116194690265486 0.5330672748004561 0.27986725663716816 0.04561003420752566
0 0.5099557522123894 0.7917673888255417 0.2743362831858407 0.03278221208665907
0 0.38827433628318586 0.835952109464082 0.05309734513274336 0.01282782212086659
0 0.5580796460176991 0.835952109464082 0.034292035398230086 0.015678449258836945
0 0.6189203539823008 0.8373774230330673 0.06305309734513274 0.015678449258836945
0 0.5083008849557522 0.948551881413911 0.27101769911504425 0.04703534777651083
2 0.5083008849557522 0.6955530216647663 0.27101769911504425 0.037058152793614595
2 0.5083008849557522 0.6549372862029647 0.27323008849557523 0.03848346636259977
1 0.4192477876106195 0.7411630558722919 0.09734513274336283 0.02280501710376283