0 0.9654939516129032 0.05653673163418292 0.05922379032258065 0.08883058470764618
0 0.8980745967741935 0.05518740629685158 0.055806451612903124 0.08614692653673164
0 0.8394858870967742 0.06014992503748125 0.052026209677419256 0.08962518740629684
0 0.9816028225806451 0.40211394302848574 0.028447580645161317 0.034662668665667175
1 0.7720665322580645 0.6864017991004497 0.4302318548387096 0.0549175412293853
1 0.767842741935484 0.7621589205397301 0.42716733870967744 0.05913043478260878
0 0.888991935483871 0.9341379310344828 0.1906350806451612 0.059940029985007526
0 0.6950302419354839 0.9350674662668667 0.19189516129032272 0.06608695652173902
0 0.5747782258064515 0.9380209895052474 0.04355846774193552 0.06556221889055475
0 0.5006149193548387 0.16025487256371815 0.06732862903225803 0.03928035982008994
0 0.4344556451612903 0.16440779610194903 0.04121975806451612 0.039010494752623706
0 0.38090725806451614 0.15905547226386807 0.04032258064516129 0.039010494752623706
0 0.31070564516129034 0.15316341829085456 0.05832661290322582 0.050794602698650666
0 0.2543548387096774 0.16320839580209895 0.028447580645161317 0.03874062968515743
0 0.21196572580645162 0.16347826086956524 0.028266129032258086 0.032848575712143925
0 0.1609375 0.16481259370314844 0.05400201612903225 0.035532233883058456
2 0.31483870967741934 0.057466266866566716 0.3654233870967742 0.06286356821589206
1 0.3191633064516129 0.23736131934032983 0.13645161290322583 0.034977511244377785
1 0.16588709677419355 0.23775112443778113 0.1377116935483871 0.03149925037481258
0 0.04995967741935484 0.32608695652173914 0.07146169354838708 0.1010644677661169
0 0.052832661290322575 0.4353073463268366 0.07002016129032256 0.09674662668665664
0 0.0542741935483871 0.5382308845577212 0.06570564516129034 0.09698650674662677
0 0.05409274193548387 0.652263868065967 0.0689415322580645 0.09374812593703144
0 0.8979032258064517 0.16146926536731634 0.044647177419354804 0.028845577211394316
0 0.9627016129032258 0.15919040479760121 0.05904233870967736 0.03071964017991006
0 0.047348790322580644 0.16239880059970013 0.039243951612903234 0.056416791604197894