0 0.01710953346855984 0.039008 0.03421906693711968 0.042415999999999995
1 0.15067951318458417 0.041184 0.1431338742393509 0.046784000000000006
1 0.30711967545638946 0.039008 0.14364097363083164 0.042415999999999995
0 0.9745030425963489 0.2144 0.040263691683570024 0.0668
0 0.9487322515212983 0.38848 0.0881135902636918 0.05017600000000002
1 0.7592596348884382 0.518432 0.4394016227180527 0.06366399999999994
0 0.959340770791075 0.594784 0.028194726166328555 0.05638400000000002
0 0.6028093306288033 0.6484479999999999 0.09606490872210956 0.04211200000000008
0 0.5644117647058824 0.8427520000000001 0.04564908722109533 0.07230400000000009
0 0.6840567951318458 0.8468959999999999 0.191632860040568 0.09019199999999991
0 0.8824442190669372 0.84552 0.19488843813387433 0.08424000000000005