0 0.08746598639455783 0.015234541577825158 0.06316326530612244 0.030458422174840086
0 0.5041326530612246 0.47288912579957354 0.8770578231292517 0.053304904051172705
0 0.2818197278911565 0.9579637526652452 0.4276020408163265 0.0517803837953091
0 0.7312925170068028 0.9564392324093817 0.4373129251700679 0.054829424307036315
1 0.20894557823129248 0.17285714285714285 0.2866836734693877 0.031982942430703626
1 0.18464285714285714 0.21093816631130066 0.25267006802721087 0.025895522388059724
1 0.24416666666666664 0.2627185501066098 0.34256802721088436 0.01674840085287844
1 0.25389455782312925 0.3061194029850746 0.4057312925170068 0.027409381663113044
1 0.2611734693877551 0.35181236673773986 0.39602040816326534 0.027409381663113044
1 0.13241496598639454 0.39673773987206823 0.12875850340136055 0.019797441364605598
3 0.4991496598639456 0.9040511727078892 0.9132653061224489 0.19189765458422176