0 0.04477903391572456 0.02743863393810032 0.02789311408016444 0.030490928495197443
0 0.08808838643371017 0.02896478121664888 0.020554984583761562 0.02439701173959445
0 0.11672147995889003 0.028207043756670224 0.03377183967112026 0.03506937033084311
0 0.1593011305241521 0.02592315901814301 0.02496402877697844 0.018292422625400213
0 0.9227749229188078 0.08385272145144076 0.0660739979445015 0.024397011739594465
0 0.1262692702980473 0.6327214514407684 0.04110996916752314 0.045741728922091676
0 0.16590955806783145 0.6311953041622198 0.03524152106885922 0.03049092849519737
0 0.20114080164439876 0.6296691568836713 0.029362795477903384 0.03049092849519737
0 0.2429907502569373 0.6327214514407684 0.042579650565262056 0.033543223052294624
0 0.27896197327852007 0.63042689434365 0.029362795477903443 0.03506937033084301
0 0.31346351490236385 0.6273852721451441 0.030832476875642344 0.038110992529349026
0 0.3575128468653649 0.6296691568836713 0.030832476875642344 0.03963713980789765
0 0.4074306269270298 0.6281430096051228 0.027893114080164427 0.033543223052294624
0 0.6012332990750257 0.726478121664888 0.13066803699897236 0.016766275346851694
0 0.5667317574511819 0.8088153681963715 0.055796505652620725 0.04116328708644604
0 0.6305960945529291 0.8050053361792956 0.051387461459403906 0.03963713980789765
0 0.7363103802672147 0.518367129135539 0.41550873586844805 0.03963713980789753
0 0.7443884892086331 0.5618249733191034 0.07928057553956845 0.019818569903948705
1 0.562322713257965 0.9018143009605123 0.055796505652620725 0.02287086446104596
1 0.5498458376156218 0.9567022411953041 0.03964028776978411 0.019818569903948705