2 0.4497053517739026 0.04365648050579558 0.33072760072158747 0.057207586933614336
0 0.7963259170174384 0.04741833508956796 0.022333132892363123 0.03762908324552161
0 0.8388454600120264 0.044404636459430984 0.024912808177991484 0.03762908324552161
0 0.8779314491882141 0.04289778714436249 0.03435959110042085 0.0406427818756586
1 0.626235718580878 0.12644889357218125 0.06013229104028864 0.03010537407797681
3 0.5244377630787733 0.22429926238145417 0.2877751052315093 0.1083877766069547
3 0.17438364401683704 0.7852581664910433 0.2164762477450391 0.42947312961011586
0 0.43553217077570655 0.550958904109589 0.07559230306674687 0.02408851422550048
0 0.26500901984365605 0.6028872497365648 0.035219482862297084 0.06774499473129607
0 0.17095009019843657 0.9596522655426766 0.19242333132892364 0.04064278187565852
0 0.5231509320505111 0.5517070600632245 0.07387853277209856 0.03161222339304531
0 0.6142092603728202 0.550958904109589 0.08590499098015629 0.03311907270811381
0 0.43553217077570655 0.8362170706006323 0.08075165363800359 0.02559536354056898
0 0.5244377630787733 0.8399789251844046 0.07817197835237523 0.024088514225500422
0 0.613349368610944 0.8354689146469969 0.07215874924834637 0.02709167544783987