0 0.1516489988221437 0.20317545748116253 0.22968197879858657 0.05382131324004306
0 0.389434628975265 0.20116254036598494 0.2311542991755006 0.05247578040904198
0 0.6279505300353356 0.20317545748116253 0.2252650176678445 0.05382131324004306
0 0.8649941107184923 0.2004843918191604 0.23409893992932862 0.05382131324004306
0 0.19140164899882214 0.03027987082884822 0.31507656065959955 0.05785791173304629
0 0.5064782096584217 0.028934337997847143 0.3121319199057715 0.05785791173304629
0 0.8326030624263839 0.0316254036598493 0.30182567726737336 0.06054897739504844
0 0.12809187279151943 0.3538751345532831 0.17962308598351 0.059203444564047365
0 0.31876325088339225 0.3558988159311087 0.18109540636042404 0.055166846071044134
0 0.5108951707891637 0.35252960172228204 0.1855123674911661 0.05651237890204521
0 0.7015665488810365 0.3579117330462863 0.17815076560659598 0.059203444564047365
0 0.8885512367491166 0.3558988159311087 0.17520612485276796 0.055166846071044134
0 0.19140164899882214 0.6209687836383208 0.30624263839811544 0.0632400430570506
0 0.5079505300353356 0.6216361679224973 0.30918727915194344 0.07265877287405813
0 0.8289163722025913 0.6209687836383208 0.30918727915194344 0.0740043057050592
0 0.19140164899882214 0.6983315392895587 0.3032979976442874 0.06996770721205597
0 0.5064782096584217 0.696318622174381 0.30918727915194344 0.06593110871905275
0 0.828186101295642 0.6929494079655544 0.3224381625441696 0.06727664155005382
0 0.11189634864546526 0.773681377825619 0.14723203769140164 0.03229278794402583
0 0.5145818610129564 0.9654251883745963 0.2782685512367491 0.05247578040904198
2 0.15828032979976442 0.46085037674919266 0.2311542991755006 0.04978471474703983
2 0.18919905771495876 0.8470182992465016 0.3047703180212014 0.05247578040904198
2 0.5072202591283863 0.844994617868676 0.30182567726737336 0.045748116254036596
2 0.8274440518256773 0.8443272335844995 0.30624263839811544 0.04709364908503767
1 0.9290341578327445 0.7743595263724434 0.12367491166077739 0.025565123789020452