0 0.9608874656907593 0.41985945945945946 0.017840805123513267 0.028227027027027042
0 0.7183257090576395 0.4212108108108108 0.01989935956084172 0.030929729729729745
0 0.4770173833485819 0.41971891891891894 0.017612076852698992 0.02579459459459461
0 0.234903934126258 0.41944864864864867 0.029734675205855442 0.020929729729729743
0 0.9627172918572735 0.8845189189189189 0.021500457456541628 0.025664864864864873
0 0.7212991765782251 0.8838486486486485 0.01212259835315645 0.024313513513513522
0 0.48124428179322964 0.8837081081081081 0.023787740164684355 0.02188108108108109
0 0.24039341262580055 0.8828972972972973 0.02241537053979872 0.028908108108108118
0 0.956889295516926 0.07044324324324323 0.04414455626715462 0.01913513513513513
0 0.9095425434583715 0.06828108108108108 0.03636779505946935 0.023459459459459455
0 0.8615096065873742 0.07098378378378378 0.05009149130832571 0.01805405405405405
0 0.8076395242451967 0.06694054054054054 0.049862763037511436 0.020767567567567577
0 0.7487465690759377 0.06747027027027026 0.05786825251601098 0.030486486486486483