0 0.05201280227596017 0.11966551326412918 0.036450924608819345 0.040369088811995385
0 0.08224039829302987 0.1131833910034602 0.022226173541963015 0.027393310265282585
0 0.10891180654338549 0.1131833910034602 0.031116642958748223 0.036043829296424454
0 0.14536273115220483 0.12183391003460207 0.036450924608819345 0.03027681660899654
0 0.195149359886202 0.12327566320645905 0.054231863442389755 0.018742791234140715
0 0.23204125177809387 0.11245674740484429 0.030227596017069702 0.01730103806228374
0 0.26671408250355616 0.1182237600922722 0.032005689900426744 0.025951557093425604
0 0.3258392603129445 0.12254901960784313 0.038229018492176386 0.03748558246828143
0 0.36895448079658605 0.11534025374855825 0.021337126600284494 0.02306805074971165
0 0.4067425320056899 0.1131833910034602 0.04000711237553343 0.02162629757785467
0 0.4618634423897582 0.11895040369088812 0.04534139402560455 0.02162629757785467
0 0.5009815078236131 0.11895040369088812 0.02756045519203414 0.012975778546712802
0 0.5476529160739687 0.11606689734717415 0.05512091038406828 0.024509803921568627
0 0.608556187766714 0.11678200692041522 0.05245376955903272 0.025951557093425604
0 0.6565647226173542 0.11462514417531718 0.0346728307254623 0.027393310265282585
0 0.8125889046941679 0.04253748558246828 0.04623044096728307 0.03027681660899654
0 0.8677098150782361 0.04542099192618224 0.04800853485064011 0.03027681660899654
0 0.9041607396870555 0.03677047289504037 0.024893314366998577 0.021626297577854666
0 0.9428378378378379 0.03027681660899654 0.047119487908961595 0.020184544405997693
2 0.5023115220483642 0.043979238754325266 0.2951635846372688 0.03892733564013841