0 0.22829585798816568 0.03386652542372881 0.04745562130177518 0.04012711864406779
0 0.27612426035502957 0.03166313559322034 0.0332248520710059 0.04177966101694915
0 0.3176568047337278 0.034417372881355934 0.03005917159763311 0.04727754237288136
0 0.3559171597633136 0.032976694915254234 0.028816568047337305 0.04741525423728813
0 0.39810059171597634 0.03449152542372882 0.03202958579881663 0.044396186440677964
0 0.43759171597633134 0.03875 0.02986982248520711 0.04686440677966103
0 0.47620118343195267 0.03455508474576271 0.031005917159763367 0.041504237288135584
0 0.521378698224852 0.03469279661016949 0.0435917159763314 0.03573093220338982
0 0.5732426035502959 0.03538135593220339 0.0458816568047337 0.03709745762711864
0 0.6324792899408285 0.03228813559322034 0.05953846153846147 0.04604872881355932
0 0.7422011834319526 0.038824152542372876 0.032147928994082794 0.04398305084745762
0 0.7777751479289942 0.038135593220338986 0.02553254437869828 0.04260593220338983
0 0.8119289940828402 0.03304025423728814 0.027899408284023722 0.044533898305084745
3 0.4357810650887574 0.22085805084745763 0.5773846153846154 0.26580508474576264
0 0.6748520710059172 0.3221822033898305 0.07158579881656806 0.03564618644067794
3 0.9653431952662722 0.38529661016949157 0.06930769230769238 0.44032838983050854
0 0.9270650887573965 0.17603813559322035 0.009656804733727908 0.030879237288135568
0 0.9695266272189349 0.5752118644067796 0.06094674556213018 0.03389830508474576
0 0.12679289940828403 0.8329978813559322 0.11832544378698223 0.03729872881355936
0 0.2299112426035503 0.657478813559322 0.030396449704142015 0.05550847457627128
0 0.26602366863905325 0.6604343220338984 0.03499408284023668 0.05234110169491534
0 0.5013254437869823 0.6585805084745763 0.02377514792899412 0.03955508474576262
0 0.527526627218935 0.6605720338983051 0.022076923076923046 0.04656779661016953
0 0.5536508875739645 0.6604343220338984 0.023603550295858047 0.05234110169491534
0 0.5825798816568047 0.6576165254237287 0.0256686390532545 0.049724576271186496
0 0.6088579881656805 0.6570021186440679 0.020745562130177482 0.04546610169491533
3 0.7250177514792899 0.7519703389830509 0.17868047337278095 0.2626377118644068
0 0.7268579881656805 0.8611334745762712 0.16884023668639062 0.036059322033898264