0 0.3579843137254902 0.03399132321041215 0.05423529411764704 0.04891540130151844
0 0.4129333333333333 0.03295010845986985 0.03460392156862741 0.041952277657266814
0 0.4601254901960784 0.03784164859002169 0.038321568627450904 0.048470715835140996
0 0.5042431372549019 0.03702819956616052 0.03118431372549019 0.05009761388286334
0 0.5430588235294117 0.03693058568329718 0.03464313725490202 0.0466594360086768
0 0.5879921568627451 0.03888286334056399 0.03502745098039222 0.03914316702819957
0 0.6411372549019608 0.03924078091106291 0.05300392156862739 0.05289587852494577
0 0.8858980392156862 0.0334056399132321 0.029145098039215573 0.0428524945770065
0 0.9274274509803921 0.032906724511930587 0.02979607843137238 0.04022776572668113
0 0.9649725490196078 0.03507592190889371 0.03188235294117654 0.041312364425162694
3 0.853286274509804 0.5404772234273318 0.26341960784313734 0.33193058568329725
0 0.8532156862745097 0.8428308026030369 0.2466274509803921 0.15254880694143177