0 0.17757382282521947 0.13237063778580024 0.09776536312849161 0.0421179302045728
0 0.2633679169992019 0.13838748495788206 0.03790901835594573 0.03309265944645006
0 0.3192338387869114 0.13688327316486162 0.047885075818036714 0.036101083032490974
0 0.39954509177972863 0.13838748495788206 0.07881085395051876 0.03309265944645006
0 0.4888268156424581 0.13838748495788206 0.07581803671189145 0.03309265944645006
0 0.5626496408619314 0.13463297232250301 0.055865921787709494 0.0315884476534296
0 0.6399680766161213 0.13463297232250301 0.058858739026336794 0.025571600481347774
0 0.7152833200319234 0.1376413959085439 0.06384676775738228 0.025571600481347774
0 0.8000798084596967 0.13463297232250301 0.0538707102952913 0.019554753309265944
0 0.8629289704708699 0.13688327316486162 0.0538707102952913 0.02707581227436823
0 0.9666799680766162 0.2045728038507822 0.05187549880287311 0.02707581227436823
0 0.08479648842777335 0.1970517448856799 0.09577015163607343 0.05415162454873646
0 0.19004788507581805 0.20232250300842358 0.07482043096568236 0.04362214199759326
0 0.3007821229050279 0.1978098676293622 0.09277733439744613 0.04362214199759326
0 0.4055307262569832 0.20156438026474127 0.09876296887470072 0.0421179302045728
0 0.50877893056664 0.2000601684717208 0.07781324820430965 0.04512635379061372
0 0.6055466879489226 0.194043321299639 0.07581803671189145 0.048134777376654635
0 0.7227693535514764 0.19480144404332128 0.09277733439744613 0.04963898916967509
0 0.833998403830806 0.19480144404332128 0.07980845969672785 0.046630565583634175