0 0.5745823244552059 0.07488584474885844 0.051592009685230034 0.05365296803652968
0 0.5069612590799032 0.07345890410958904 0.0635593220338983 0.03835616438356164
0 0.44869854721549635 0.07437214611872146 0.03370460048426154 0.03393835616438356
0 0.3922941888619855 0.07773972602739726 0.04746368038740925 0.03238584474885845
0 0.3401513317191283 0.07424657534246576 0.03948547215496369 0.03160958904109589
0 0.2931719128329298 0.07567351598173516 0.03769370460048428 0.0365296803652968
0 0.23559927360774818 0.07579908675799088 0.05599273607748184 0.03886986301369864
0 0.1866222760290557 0.0755365296803653 0.029576271186440687 0.03420091324200914
0 0.14809927360774816 0.07800228310502283 0.02957627118644067 0.026678082191780826
0 0.8653450363196126 0.07579908675799088 0.018159806295399514 0.03886986301369864
0 0.8389951573849879 0.07476027397260274 0.024624697336561644 0.04094748858447489
0 0.8555084745762711 0.02392694063926941 0.05214285714285707 0.023367579908675797
0 0.8039830508474577 0.021712328767123288 0.03852300242130743 0.030319634703196343
0 0.7574878934624697 0.02054794520547945 0.0445762711864406 0.030068493150684935
0 0.7071307506053269 0.02223744292237443 0.042923728813559235 0.029292237442922378
0 0.6612530266343827 0.022363013698630137 0.03920702179176754 0.02124429223744292
2 0.7649818401937046 0.07256849315068493 0.10222154963680381 0.05062785388127855
0 0.8224213075060534 0.22715753424657537 0.10840799031477007 0.05517123287671231
4 0.8665799031476997 0.3685388127853881 0.0233898305084745 0.036974885844748846
0 0.8919612590799031 0.8414383561643836 0.21035108958837773 0.09235159817351608
0 0.8912772397094432 0.9496118721461188 0.2117312348668282 0.09906392694063924
0 0.738638014527845 0.937283105022831 0.026138014527844936 0.053664383561643825
0 0.20519370460048428 0.14220319634703196 0.07497578692493947 0.051301369863013695
0 0.1287046004842615 0.14220319634703196 0.05957021791767553 0.04092465753424659
0 0.05757869249394673 0.1413013698630137 0.06314769975786924 0.03496575342465753