0 0.7611801242236025 0.704017094017094 0.010559006211180125 0.029155982905982866
0 0.7368819875776398 0.8147115384615385 0.08773291925465838 0.02404914529914529
0 0.3811366459627329 0.7026709401709402 0.012888198757763975 0.03715811965811963
0 0.42740993788819875 0.7038782051282052 0.012267080745341614 0.03742521367521365
0 0.04650931677018633 0.7036111111111112 0.011335403726708075 0.032617521367521336
0 0.05652173913043478 0.4540491452991453 0.017391304347826087 0.03776709401709404
0 0.4374223602484472 0.4536431623931624 0.01832298136645963 0.03055555555555558
0 0.7421614906832299 0.5270833333333333 0.05481366459627329 0.04923076923076922
0 0.3628136645962733 0.5288247863247864 0.056987577639751555 0.04842948717948716
0 0.7650621118012423 0.029561965811965813 0.027639751552795033 0.04563034188034189
0 0.7305900621118012 0.031559829059829056 0.020807453416149067 0.03895299145299145
0 0.7041180124223603 0.031431623931623937 0.019099378881987577 0.03654914529914531
0 0.6772546583850932 0.0308974358974359 0.01816770186335404 0.037617521367521375
0 0.7290372670807453 0.11247863247863248 0.0922360248447205 0.03198717948717948
0 0.5134347826086957 0.0308974358974359 0.02282608695652174 0.026944444444444444
0 0.4722857142857143 0.029423076923076923 0.03680124223602484 0.03254273504273504
0 0.4316024844720497 0.029957264957264956 0.02375776397515528 0.03147435897435897
0 0.3827639751552795 0.026217948717948716 0.058074534161490686 0.03895299145299145
0 0.3158385093167702 0.020833333333333332 0.05652173913043478 0.041666666666666664
0 0.2577639751552795 0.02341880341880342 0.05341614906832298 0.0419017094017094
0 0.2142111801242236 0.026623931623931625 0.02375776397515528 0.03549145299145299
0 0.168944099378882 0.023504273504273504 0.05341614906832298 0.04700854700854701
0 0.11980124223602484 0.022350427350427353 0.03369565217391304 0.04403846153846154
0 0.08253416149068322 0.029561965811965813 0.03369565217391304 0.03494658119658121
0 0.043093167701863354 0.03236111111111111 0.029347826086956522 0.03200854700854701
3 0.9684782608695652 0.41341880341880344 0.0562111801242236 0.5889850427350427