0 0.10213546566321731 0.028237179487179485 0.048381937911571034 0.02289529914529914
0 0.18344308560677328 0.029764957264957266 0.05509877704609595 0.01678418803418804
0 0.2714675446848542 0.032809829059829064 0.0698871119473189 0.013739316239316238
0 0.3359736594543744 0.03205128205128205 0.029567262464722438 0.015267094017094012
0 0.39040451552210725 0.03205128205128205 0.05778927563499525 0.021367521367521368
0 0.4663311382878645 0.032809829059829064 0.04031984948259644 0.02289529914529914
0 0.5254656632173096 0.03357905982905983 0.02150517403574779 0.01526709401709402
0 0.5886265286923801 0.03205128205128205 0.06719661335841963 0.018311965811965814
0 0.6779962370649106 0.03357905982905983 0.052408278457196644 0.021367521367521368
0 0.7391439322671685 0.030523504273504275 0.02150517403574779 0.012211538461538458
0 0.7834995296331139 0.028237179487179485 0.016124176857949295 0.013739316239316238
0 0.8547224835371591 0.032809829059829064 0.05644402634054563 0.02289529914529914
0 0.9172154280338665 0.03129273504273504 0.057789275634995356 0.016784188034188033
0 0.8943650047036689 0.1831517094017094 0.014778927563499564 0.021367521367521368
0 0.9440921919096896 0.17856837606837606 0.02285042333019752 0.021367521367521368
0 0.9440921919096896 0.09386752136752137 0.02285042333019752 0.025950854700854693
0 0.8096989651928505 0.332724358974359 0.3050705550329256 0.042735042735042736
0 0.1317027281279398 0.2686217948717949 0.2096519285042333 0.042735042735042736
0 0.34067732831608655 0.2701495726495727 0.1975540921919097 0.042735042735042736
0 0.5462935089369708 0.2686217948717949 0.18949200376293515 0.042735042735042736
0 0.10482596425211665 0.40064102564102566 0.12901222953904043 0.1724679487179488
0 0.24459078080903104 0.4021688034188034 0.1317027281279398 0.17246794871794865
0 0.38435559736594543 0.40064102564102566 0.13707431796801509 0.1694123931623931
0 0.5214393226716839 0.39988247863247867 0.1343932267168392 0.18315170940170936
0 0.6302916274694261 0.5509722222222223 0.024186265286923834 0.024423076923076877
0 0.6276011288805268 0.39835470085470087 0.016124176857949295 0.021367521367521368