0 0.0377643504531722 0.29805405405405405 0.06042296072507553 0.05855405405405403
0 0.12252265861027191 0.2987972972972973 0.09063444108761329 0.04805405405405406
0 0.20225075528700903 0.29955405405405405 0.06377643504531724 0.043540540540540504
0 0.27610271903323264 0.2860405405405405 0.06042296072507553 0.049554054054054074
0 0.38268126888217524 0.2867837837837838 0.11580815709969791 0.03904054054054052
0 0.873617824773414 0.4819864864864865 0.1795921450151059 0.06606756756756754
0 0.8752945619335348 0.5615675675675675 0.18462235649546832 0.06606756756756754
0 0.9256495468277945 0.052554054054054056 0.02349697885196384 0.04204054054054054
0 0.9667673716012085 0.052554054054054056 0.02349697885196384 0.04504054054054054
0 0.4632401812688822 0.923418918918919 0.2030891238670695 0.05705405405405409
3 0.8716012084592145 0.8263513513513514 0.21148036253776434 0.3472972972972973