0 0.0506516290726817 0.11306741573033707 0.049081035923141184 0.04073033707865169
0 0.10338345864661654 0.11235955056179775 0.043859649122807015 0.03089887640449438
0 0.15821219715956558 0.1151685393258427 0.05116959064327485 0.03651685393258427
0 0.2177360066833751 0.12078651685393259 0.05743525480367585 0.042134831460674156
0 0.2887468671679198 0.12219101123595505 0.06370091896407686 0.033707865168539325
0 0.3487886382623225 0.11447191011235955 0.04594820384294068 0.026685393258426966
0 0.4057059314954052 0.12078651685393259 0.04490392648287385 0.033707865168539325
0 0.477234753550543 0.12359550561797752 0.0835421888053467 0.03089887640449438
0 0.5445948203842941 0.11447191011235955 0.03654970760233918 0.018258426966292134
0 0.5952380952380952 0.11657303370786516 0.04803675856307435 0.02247191011235955
0 0.15612364243943191 0.04986516853932584 0.05743525480367585 0.0351123595505618
0 0.2161654135338346 0.04565168539325843 0.04177109440267335 0.023876404494382022
0 0.30492898913951544 0.04915730337078652 0.11278195488721804 0.042134831460674156
0 0.7142857142857143 0.04353932584269663 0.03341687552213868 0.03651685393258427
0 0.7560568086883876 0.046348314606741575 0.03759398496240601 0.03089887640449438
0 0.8161069340016709 0.0470561797752809 0.05743525480367585 0.023876404494382022
0 0.8709273182957393 0.0449438202247191 0.04177109440267335 0.025280898876404494
0 0.9445530492898915 0.03932584269662921 0.07623224728487886 0.03651685393258427
0 0.7644110275689223 0.2956516853932584 0.14202172096908938 0.054775280898876406
0 0.9085213032581454 0.294247191011236 0.13157894736842105 0.05758426966292135
0 0.8349039264828739 0.37219101123595505 0.2850877192982457 0.056179775280898875
2 0.5602589807852966 0.04143820224719101 0.2474937343358396 0.04915730337078652
1 0.9012113617376776 0.11657303370786516 0.16290726817042606 0.028089887640449437