3 0.12943330427201397 0.15418454935622317 0.24142109851787275 0.2344206008583691
3 0.37492589363557105 0.1555793991416309 0.24168265039232775 0.23719957081545065
3 0.6234176111595466 0.15355150214592275 0.24046207497820396 0.23009656652360513
3 0.8700959023539668 0.15216738197424892 0.24061028770706192 0.22730686695278973
0 0.127794245858762 0.3960515021459228 0.23564952048823018 0.22153433476394851
0 0.3749782040104621 0.3973819742489271 0.2393025283347864 0.22724248927038623
0 0.6213251961639058 0.39215665236051506 0.22880557977332175 0.23212446351931335
0 0.8678291194420228 0.39437768240343346 0.23608544027898873 0.230450643776824
0 0.12717523975588493 0.6375107296137339 0.23688753269398433 0.22620171673819736
0 0.37390584132519616 0.6345171673819743 0.23466434176111603 0.22940987124463513
0 0.6212641673931997 0.6353540772532189 0.23118570183086318 0.2249570815450644
0 0.869075850043592 0.6379935622317596 0.2335919790758501 0.23637339055793988
0 0.12728857890148212 0.8754077253218884 0.23213600697471665 0.22683476394849794
0 0.3762859633827376 0.8753433476394851 0.23442894507410642 0.2297639484978542
0 0.6212641673931997 0.8769420600858369 0.23118570183086318 0.22377682403433471
0 0.8707759372275501 0.8775000000000001 0.23699215344376628 0.23101931330472097
0 0.2259023539668701 0.9638948497854077 0.025841325196163892 0.0359334763948498
0 0.22533565823888402 0.724667381974249 0.02470793374019181 0.02959227467811151
0 0.22471665213600697 0.48523605150214594 0.0259546643417611 0.032027896995708176
0 0.4733217088055798 0.2453862660944206 0.019982563208369723 0.021362660944206035
0 0.7187532693984306 0.24217811158798283 0.022624237140366214 0.03334763948497852
0 0.9689450741063645 0.24078326180257512 0.024803836094158517 0.03055793991416311
0 0.7204533565823888 0.4842596566523605 0.026015693112467236 0.042339055793991456
0 0.9665649520488231 0.480568669527897 0.025030514385353128 0.04415236051502144
0 0.4683347863993025 0.726137339055794 0.0299476896251089 0.029452789699570863
0 0.7199389712292938 0.7252253218884119 0.022510897994768908 0.03683476394849777
0 0.9682650392327811 0.7266201716738198 0.02843068875326951 0.039624463519313376
0 0.4726416739319965 0.9682832618025752 0.023609415867480322 0.03551502145922737
0 0.7205056669572798 0.9659871244635193 0.023644289450740968 0.040118025751073066
0 0.9708108108108108 0.9682832618025752 0.021072362685265973 0.03551502145922737