0 0.08175324675324674 0.10189437428243399 0.08232838589981448 0.03444316877152698
0 0.16987940630797774 0.10045924225028703 0.05913729128014842 0.04305396096440873
0 0.22901669758812615 0.10045924225028703 0.0475417439703154 0.03157290470723306
0 0.2922077922077922 0.104052812858783 0.03942486085343228 0.027267508610792194
0 0.35830241187384043 0.09544202066590125 0.041743970315398886 0.03013777267508611
0 0.45570500927643787 0.09615384615384616 0.12755102040816327 0.03731343283582089
0 0.5838404452690167 0.10118254879448908 0.08232838589981448 0.03300803673938002
0 0.6812430426716141 0.09758897818599312 0.07537105751391465 0.03444316877152698
0 0.5705009276437848 0.03731343283582089 0.06725417439703155 0.025832376578645237
0 0.6354359925788498 0.035878300803673935 0.04406307977736549 0.025832376578645237
0 0.6876159554730983 0.03516647531572904 0.05102040816326531 0.021526980482204357
0 0.8151669758812616 0.03874856486796785 0.06725417439703155 0.022962112514351322
0 0.8922820037105751 0.03874856486796785 0.056818181818181816 0.020091848450057407
0 0.19191094619666046 0.038036739380022964 0.03826530612244898 0.027267508610792194
0 0.2400278293135436 0.04090700344431688 0.03942486085343228 0.018656716417910446
0 0.2951113172541744 0.03229621125143513 0.06609461966604824 0.021526980482204357
0 0.862708719851577 0.15284730195177956 0.06029684601113173 0.035878300803673935
0 0.6934137291280148 0.607060849598163 0.048701298701298704 0.03444316877152698
0 0.74791280148423 0.6013203214695751 0.04406307977736549 0.040183696900114814
0 0.7890816326530612 0.6020436280137773 0.03362708719851577 0.03300803673938002
0 0.8493784786641929 0.605625717566016 0.04522263450834879 0.03444316877152698
0 0.9172077922077922 0.6092192881745121 0.07421150278293136 0.027267508610792194
0 0.8905380333951762 0.947910447761194 0.12291280148423006 0.02439724454649828