0 0.2835578947368421 0.02508676789587852 0.06973684210526315 0.0311822125813449
0 0.35 0.027798264642082425 0.05789473684210526 0.028470715835140995
0 0.40921052631578947 0.03050976138828633 0.05263157894736842 0.02575921908893709
0 0.475 0.03389370932754881 0.05263157894736842 0.021691973969631236
0 0.5394736842105263 0.033221258134490235 0.04736842105263158 0.0311822125813449
0 0.6059263157894736 0.033221258134490235 0.046052631578947366 0.02033622559652928
0 0.6585578947368421 0.03050976138828633 0.02763157894736842 0.02033622559652928
0 0.8855263157894737 0.026442516268980473 0.02894736842105263 0.023047722342733185
0 0.9493473684210526 0.03186550976138828 0.08026315789473684 0.02575921908893709
1 0.07039999999999999 0.199295010845987 0.11447368421052631 0.021691973969631236
1 0.042768421052631574 0.31724511930585686 0.07236842105263158 0.016268980477223426
1 0.04342105263157895 0.34233188720173535 0.06578947368421052 0.01762472885032538
1 0.042105263157894736 0.368763557483731 0.06315789473684211 0.021691973969631236
1 0.049347368421052626 0.3958785249457701 0.09342105263157895 0.01898047722342733
1 0.045399999999999996 0.41892624728850325 0.08289473684210526 0.02440347071583514
1 0.05394736842105263 0.44943600867678957 0.08421052631578947 0.020336225596529284
1 0.053294736842105256 0.5714533622559653 0.09078947368421053 0.020336225596529284
1 0.046052631578947366 0.596529284164859 0.0868421052631579 0.01898047722342733
1 0.06184210526315789 0.6209327548806941 0.11052631578947368 0.01898047722342733
1 0.04342105263157895 0.6460195227765727 0.0868421052631579 0.025759219088937094
1 0.042105263157894736 0.6744902386117136 0.07631578947368421 0.014913232104121476
1 0.04868421052631579 0.7009219088937093 0.0868421052631579 0.01898047722342733
1 0.04473684210526316 0.7239696312364425 0.08421052631578947 0.016268980477223426
1 0.04408421052631578 0.751767895878525 0.075 0.020336225596529284
1 0.06776842105263158 0.778882863340564 0.11973684210526316 0.014913232104121476
1 0.04868421052631579 0.805997830802603 0.08947368421052632 0.01762472885032538
1 0.05394736842105263 0.8324295010845987 0.09473684210526316 0.021691973969631236
1 0.06513684210526316 0.8588720173535792 0.10657894736842105 0.01762472885032538
1 0.035526315789473684 0.8805639913232104 0.05263157894736842 0.01762472885032538
1 0.05921052631578947 0.9103904555314534 0.09736842105263158 0.020336225596529284
1 0.049347368421052626 0.9347939262472885 0.0881578947368421 0.020336225596529284
1 0.06645263157894736 0.9612255965292842 0.11447368421052631 0.021691973969631236
1 0.05724210526315789 0.9890238611713665 0.1013157894736842 0.01762472885032538
0 0.18421052631578946 0.15523861171366593 0.042105263157894736 0.02304772234273319
0 0.02631578947368421 0.47857917570498915 0.034210526315789476 0.016268980477223426