0 0.28389339513325607 0.12013333333333333 0.03476245654692932 0.04305000000000001
0 0.3413441483198146 0.12013333333333333 0.043453070683661645 0.040283333333333324
0 0.38479721900347624 0.12361666666666667 0.02800695249130934 0.03888333333333334
0 0.43597914252607184 0.12361666666666667 0.07048667439165705 0.05278333333333332
0 0.5001969872537659 0.12361666666666667 0.046349942062572425 0.03333333333333333
0 0.5658516801853998 0.125 0.05987253765932788 0.03888333333333332
0 0.62765932792584 0.125 0.06758980301274616 0.03888333333333332
0 0.6909038238702202 0.11458333333333333 0.05310544611819227 0.026383333333333342
0 0.7676709154113557 0.12013333333333333 0.06952491309385864 0.040283333333333324
0 0.8536152954808806 0.1243 0.0733835457705677 0.0375
0 0.92603707995365 0.125 0.07531865585168018 0.041666666666666664
0 0.9226535341830823 0.04236666666666667 0.029930475086906057 0.05695
0 0.951135573580533 0.052083333333333336 0.03282734646581684 0.04861666666666667
0 0.1482271147161066 0.13471666666666665 0.18056778679026653 0.07778333333333333
0 0.08015063731170337 0.052083333333333336 0.04249130938586326 0.04861666666666667
0 0.14001158748551565 0.05416666666666667 0.0617960602549247 0.047216666666666664
0 0.24140208574739283 0.05138333333333333 0.12552723059096174 0.06388333333333333
0 0.14243337195828507 0.21388333333333334 0.15739281575898031 0.07778333333333336
0 0.1380880648899189 0.2840333333333333 0.14870220162224798 0.0625
0 0.1327694090382387 0.3534666666666667 0.17477404403244498 0.05138333333333331
0 0.1361529548088065 0.42083333333333334 0.1313209733487833 0.061116666666666646
0 0.08835457705677868 0.4895833333333333 0.05118192352259561 0.04028333333333327
0 0.17960602549246812 0.48541666666666666 0.11780996523754347 0.0513833333333334
0 0.39687137891077634 0.9618000000000001 0.03282734646581696 0.04583333333333333
0 0.6498609501738123 0.9506999999999999 0.05214368482039398 0.05138333333333321