0 0.32811433447098975 0.10736196319018405 0.05739761092150169 0.02509202453987731
0 0.3986945392491467 0.10875766871165643 0.043438566552900994 0.036257668711656435
0 0.465401023890785 0.1052760736196319 0.05739761092150169 0.04322085889570553
0 0.5328924914675768 0.11154907975460124 0.03877986348122871 0.03067484662576687
0 0.6438139931740614 0.11223926380368099 0.13341296928327656 0.02369631901840489
0 0.5449146757679181 0.029984662576687117 0.05507679180887368 0.03207055214723927
0 0.6189846416382253 0.032760736196319015 0.0775682593856656 0.03207055214723926
0 0.7465870307167235 0.033466257668711655 0.12333617747440269 0.0250920245398773
0 0.8621587030716724 0.03067484662576687 0.06283276450511945 0.0250920245398773
0 0.9265443686006827 0.03834355828220859 0.034906143344709775 0.03207055214723926
0 0.8090273037542661 0.11363496932515338 0.11634812286689411 0.020920245398772984
0 0.9428327645051194 0.11363496932515338 0.09385665529010238 0.05437116564417177
0 0.08881399317406144 0.3290644171779141 0.08765358361774746 0.03346625766871165
0 0.19508532423208189 0.3262730061349693 0.10005972696245732 0.02509202453987732
1 0.8753498293515359 0.3186042944785276 0.1962457337883959 0.04880368098159508