0 0.0549051300070274 0.1575330396475771 0.042459592410400565 0.058447136563876644
2 0.2886366830639494 0.06140969162995595 0.3152073085031623 0.06259911894273129
0 0.15065354884047785 0.15318281938325992 0.04655657062543921 0.0442180616740088
0 0.19999297259311313 0.16269823788546253 0.04274771609276178 0.059592511013215874
0 0.2359311314125088 0.15719162995594713 0.028257203092059056 0.03389867841409693
0 0.28541813070976807 0.15123348017621144 0.0628109627547435 0.0641850220264317
0 0.34251581166549544 0.15811674008810572 0.042312016865776556 0.04123348017621145
0 0.3944132115249473 0.15398678414096917 0.03338018271257906 0.04031938325991191
0 0.45195361911454673 0.15455947136563877 0.06354181307097687 0.04146475770925109
0 0.7968095572733661 0.16098017621145372 0.04612087139845405 0.028623348017621154
0 0.7987842586085735 0.05774229074889867 0.04567814476458187 0.07911894273127754
0 0.8502459592410401 0.15375550660792953 0.050513000702740764 0.02701541850220263
0 0.7430007027406886 0.0627863436123348 0.042459592410400614 0.07820484581497798
0 0.857709065354884 0.06049559471365639 0.05666198172874217 0.0827863436123348
3 0.4573085031623331 0.8765638766519823 0.8436401967673929 0.1709471365638767
3 0.7823260716795503 0.44833700440528634 0.2006324666198173 0.424614537444934
3 0.9432536893886156 0.44998898678414095 0.0657062543921293 0.42131057268722477
0 0.5308362614195362 0.4787775330396476 0.22294448348559381 0.04718061674008814
0 0.5282009838369641 0.5343942731277533 0.22118763176387912 0.05303964757709247
0 0.2297962052002811 0.47479074889867845 0.040758959943780745 0.06342511013215862