0 0.1889297385620915 0.3712459720730397 0.05310457516339869 0.036251342642320085
0 0.23590686274509803 0.3685606874328679 0.030637254901960783 0.03356605800214823
0 0.2849264705882353 0.3725886143931257 0.04493464052287582 0.02819548872180451
0 0.3329248366013072 0.3752738990332975 0.024509803921568627 0.022824919441460794
0 0.3737745098039216 0.3699033297529538 0.028594771241830064 0.025510204081632654
0 0.42994281045751637 0.37593984962406013 0.05923202614379085 0.02953813104189044
0 0.690359477124183 0.3725886143931257 0.030637254901960783 0.022824919441460794
0 0.21497549019607842 0.7955209452201933 0.05004084967320262 0.036251342642320085
0 0.2844199346405229 0.7928356605800215 0.07455065359477124 0.036251342642320085
0 0.35794934640522874 0.7941783029001074 0.06229575163398693 0.02819548872180451
0 0.43862745098039213 0.7935016111707841 0.07659313725490197 0.02953813104189044
0 0.5479003267973857 0.7955209452201933 0.10927287581699346 0.03356605800214823
0 0.6479820261437909 0.7928356605800215 0.07863562091503268 0.03356605800214823
0 0.7296813725490197 0.7948442534908701 0.07455065359477124 0.02953813104189044
0 0.8164869281045752 0.7975295381310419 0.06433823529411774 0.024167561761546726
3 0.8501879084967321 0.5545112781954887 0.21343954248366012 0.2819548872180451