0 0.07977011494252874 0.13114810562571758 0.07632183908045975 0.05290470723306546
0 0.16663382594417078 0.13089552238805968 0.08023809523809525 0.04820895522388059
0 0.24677339901477832 0.1327210103329506 0.07072249589490967 0.0497703788748565
0 0.33027914614121506 0.12880597014925374 0.07538587848932671 0.05238805970149253
0 0.41591954022988503 0.1280252583237658 0.078743842364532 0.05916188289322618
0 0.4967159277504105 0.12684270952927668 0.07239737274220039 0.0589092996555683
0 0.5787274220032841 0.1291963260619977 0.07408045977011496 0.059425947187141205
0 0.6622249589490969 0.12997703788748563 0.07128078817733985 0.0526406429391504
0 0.7445155993431856 0.12749712973593572 0.07538587848932671 0.04977037887485648
0 0.8280213464696223 0.13114810562571758 0.0725862068965517 0.05290470723306546
0 0.9104926108374385 0.12946039035591278 0.07333333333333347 0.05368541905855339
0 0.24873563218390804 0.18985074626865672 0.07277504105090311 0.05549942594718718
0 0.16550903119868637 0.19181400688863376 0.0705336617405583 0.04897818599311133
0 0.08312807881773399 0.19220436280137773 0.07557471264367817 0.05601607347876007
0 0.8125287356321839 0.7048564867967853 0.2991133004926108 0.08979334098737088
0 0.5026929392446634 0.26616532721010333 0.9202873563218393 0.05156142365097592