0 0.7784726793943384 0.1863146551724138 0.021724818959842 0.04220905172413795
0 0.7576563528637262 0.13095905172413794 0.047564186965108626 0.026336206896551723
0 0.6679591836734695 0.09473060344827586 0.03604344963791976 0.020689655172413782
0 0.6678736010533246 0.3036206896551724 0.044107965766951945 0.031131465517241365
0 0.6254970375246873 0.3049676724137931 0.03011849901250823 0.033825431034482746
0 0.5876431863067808 0.3050969827586207 0.02682685977616853 0.02547413793103447
0 0.5539038841342989 0.30428879310344825 0.028472679394338382 0.021702586206896538
0 0.5210664911125741 0.30428879310344825 0.026991441737985518 0.032478448275862055
0 0.487412771560237 0.30428879310344825 0.027156023699802502 0.032478448275862055
0 0.4526859776168532 0.30213362068965516 0.02682685977616853 0.036788793103448264
0 0.41902567478604347 0.30482758620689654 0.026991441737985518 0.0314008620689655
0 0.3897300855826201 0.3036206896551724 0.027649769585253458 0.031131465517241365
0 0.35269914417379855 0.30832974137931035 0.029295589203423306 0.029784482758620674
0 0.31855167873601054 0.30886853448275864 0.025181040157998682 0.028706896551724124
0 0.2864581961816985 0.30469827586206893 0.023535220539828833 0.02897629310344826
0 0.25263331138907175 0.3064439655172414 0.03324555628703094 0.028168103448275847
0 0.21947333772218564 0.3041594827586207 0.024522712310730745 0.030053879310344814
0 0.18499012508229098 0.3049676724137931 0.026333113890717578 0.033825431034482746
0 0.15240289664252799 0.3049676724137931 0.026991441737985518 0.023049568965517228
0 0.07694535878867675 0.1841594827586207 0.022547728768926925 0.03574353448275864
0 0.25535220539828835 0.13002155172413793 0.043614219881500986 0.030915948275862068
0 0.21173798551678735 0.13029094827586207 0.025510204081632654 0.03576508620689655
0 0.17001316655694537 0.13002155172413793 0.045753785385121794 0.02014008620689655
0 0.11907834101382488 0.13109913793103448 0.047564186965108626 0.028760775862068964
0 0.08031599736668861 0.1306896551724138 0.02106649111257406 0.03226293103448276
3 0.8420013166556946 0.6961206896551724 0.10138248847926268 0.6077586206896551
3 0.68449637919684 0.7123491379310344 0.1793943383805135 0.24515086206896552
3 0.6810401579986833 0.9288793103448276 0.2073732718894009 0.14224137931034483
3 0.4279131007241606 0.060387931034482756 0.43317972350230416 0.09207974137931035