2 0.752589928057554 0.026243093922651933 0.15400179856115107 0.03867403314917127
0 0.14782374100719425 0.027624309392265192 0.06182553956834532 0.055248618784530384
0 0.21751798561151078 0.02832044198895027 0.06632194244604317 0.05662983425414365
0 0.2905845323741007 0.03108287292817679 0.05508093525179856 0.05110497237569061
0 0.3630845323741007 0.02693922651933701 0.07868705035971223 0.05386740331491713
0 0.4282823741007194 0.029005524861878452 0.05170863309352518 0.058011049723756904
0 0.4873021582733813 0.03038674033149171 0.05508093525179856 0.049723756906077346
0 0.537886690647482 0.026243093922651933 0.06632194244604317 0.052486187845303865
0 0.5480035971223022 0.1512486187845304 0.041591726618705034 0.04558011049723757
0 0.6474820143884892 0.15331491712707182 0.13264388489208634 0.06629834254143646
0 0.8571312949640288 0.18922651933701656 0.2102068345323742 0.08011049723756906
0 0.8627517985611511 0.30662983425414364 0.20121402877697853 0.08011049723756906
0 0.85488309352518 0.4157458563535912 0.2102068345323742 0.06629834254143646
0 0.8593794964028778 0.5297016574585636 0.18547661870503607 0.08149171270718232
0 0.8661241007194245 0.022795580110497232 0.03709532374100719 0.03729281767955801
0 0.9346942446043166 0.024861878453038673 0.08205935251798561 0.03591160220994475
0 0.035413669064748195 0.13467403314917126 0.06182553956834532 0.0649171270718232
0 0.03821942446043165 0.2085635359116022 0.07419064748201439 0.06353591160220995
0 0.032041366906474814 0.2755580110497238 0.05283273381294963 0.05386740331491713
0 0.033165467625899274 0.346 0.05508093525179855 0.07044198895027624
0 0.016861510791366906 0.42058563535911603 0.03372302158273381 0.04005524861878453
0 0.25011690647482016 0.2879889502762431 0.03035071942446043 0.023480662983425413
0 0.24617805755395683 0.46064088397790054 0.02922661870503597 0.026243093922651933
3 0.8610611510791367 0.6919889502762431 0.17760791366906475 0.212707182320442