0 0.34355828220858897 0.0877599142550911 0.07975460122699386 0.04957127545551983
0 0.45245398773006135 0.09110396570203644 0.05674846625766871 0.04287245444801715
0 0.5598159509202454 0.08909967845659164 0.06134969325153374 0.04421221864951769
0 0.671398773006135 0.08909967845659164 0.06058282208588957 0.04421221864951769
0 0.9597423312883436 0.08508038585209003 0.03450920245398773 0.03617363344051447
0 0.37538650306748467 0.15407288317256163 0.039110429447852764 0.024115755627009645
0 0.5594355828220859 0.15206859592711683 0.04524539877300614 0.030814576634512324
0 0.747319018404908 0.15206859592711683 0.04831288343558282 0.030814576634512324
0 0.9382699386503068 0.15541264737406216 0.04217791411042945 0.02947481243301179
0 0.8857361963190185 0.3570525187566988 0.01687116564417178 0.030814576634512324
0 0.9056748466257669 0.35637727759914256 0.012269938650306749 0.024115755627009645
0 0.9229325153374234 0.35637727759914256 0.011503067484662576 0.024115755627009645
0 0.9401840490797546 0.35437299035369774 0.010736196319018405 0.030814576634512324
0 0.6483926380368099 0.447481243301179 0.07438650306748466 0.10986066452304394
0 0.7361963190184049 0.44815648445873524 0.05521472392638037 0.11387995712754555
0 0.8251533742331288 0.45016077170418006 0.0598159509202454 0.10718113612004287
0 0.9095092024539877 0.4494962486602358 0.05214723926380368 0.11387995712754555
0 0.6503067484662577 0.5861521972132905 0.07515337423312883 0.1085209003215434
0 0.7361963190184049 0.5861521972132905 0.06595092024539877 0.11120042872454448
0 0.8243865030674846 0.5834726688102894 0.0598159509202454 0.11655948553054662
0 0.9106625766871166 0.5794533762057877 0.07592024539877301 0.11387995712754555
0 0.8845889570552148 0.7978349410503751 0.174079754601227 0.06564844587352626
1 0.125 0.802518756698821 0.17638036809815952 0.06162915326902465
1 0.3159509202453988 0.8018542336548767 0.17791411042944785 0.06028938906752412
1 0.5061349693251533 0.7984994640943194 0.18404907975460122 0.06162915326902465
1 0.6936380368098161 0.8045337620578779 0.17561349693251535 0.05760986066452305
1 0.8707852760736197 0.08374062165058949 0.039110429447852764 0.02009646302250804
1 0.9125766871165644 0.08440514469453377 0.03680981595092025 0.024115755627009645
0 0.41603067484662576 0.625005359056806 0.011503067484662576 0.02277599142550911
0 0.4344355828220859 0.622325830653805 0.014570552147239263 0.017416934619506965
0 0.45245398773006135 0.6229903536977492 0.012269938650306749 0.024115755627009645
0 0.2561349693251534 0.622325830653805 0.023006134969325152 0.04153269024651661
0 0.22929447852760737 0.6209860664523044 0.02147239263803681 0.03885316184351554
0 0.202840490797546 0.6216505894962486 0.020705521472392636 0.03751339764201501
0 0.17638036809815952 0.6209860664523044 0.018404907975460124 0.04153269024651661
0 0.14877300613496933 0.6243301178992497 0.02147239263803681 0.04019292604501608
0 0.12346625766871165 0.6216505894962486 0.018404907975460124 0.03751339764201501