3 0.9172751750134627 0.3184941675503711 0.08575659666128163 0.6363308589607635
3 0.8136779752288638 0.6531495227995758 0.08723747980613894 0.6375609756097561
3 0.8134087237479806 0.2083881230116649 0.10823909531502424 0.21250265111346764
3 0.812331717824448 0.04564156945917285 0.11147011308562198 0.08213149522799576
3 0.43968766828217554 0.6922693531283138 0.620893914916532 0.31283138918345704
3 0.08185245018847603 0.31919406150583246 0.08723747980613894 0.6383881230116649
0 0.2506085083467959 0.8656521739130434 0.05210016155088853 0.019077412513255575
0 0.3056004308023694 0.8637963944856839 0.04577275175013463 0.017486744432661728
0 0.3500269251480883 0.8636585365853658 0.026925148088314487 0.025705196182396615
0 0.3939149165320409 0.8623329798515376 0.050080775444264945 0.0230540827147402
0 0.44426494345718903 0.8652492046659597 0.048465266558966075 0.022523860021208916
0 0.49084544964997306 0.8665747613997878 0.033925686591276254 0.01457051961823967
0 0.5275982767905224 0.8645917285259809 0.023963381798599893 0.02119830328738071
0 0.5694668820678513 0.8640615058324496 0.05115778136779752 0.022258748674443277
0 0.6948034464189553 0.49812301166489925 0.019116855142703285 0.019978791092258783
0 0.69958535271944 0.4643266171792153 0.030021540118470653 0.026617179215270438
0 0.7022078621432418 0.43597030752916227 0.0366182014001077 0.025037115588547203
0 0.7012654819601508 0.40389183457051964 0.02665589660743134 0.020275715800636272
0 0.704028002154012 0.37287380699893957 0.03621432417878298 0.023987274655355256
0 0.7054388799138396 0.34213149522799574 0.03769520732364028 0.02187698833510074
0 0.6982390953150243 0.2826193001060445 0.021943995691976307 0.021633085896076328
0 0.7012008616047389 0.25373276776246023 0.03325255788906839 0.02111346765641572
0 0.6996499730748519 0.3136373276776246 0.028809908454496498 0.01791092258748673
0 0.6311954765751212 0.4981336161187699 0.031906300484652664 0.019978791092258783
0 0.6295799676898224 0.4643372216330859 0.030021540118470653 0.026617179215270438
0 0.6322024771136241 0.43598091198303285 0.0366182014001077 0.025037115588547203
0 0.6258750673128702 0.40522799575821844 0.02665589660743134 0.020275715800636272
0 0.6299838449111471 0.37288441145281015 0.03621432417878298 0.023987274655355256
0 0.6354334948842219 0.3421420996818664 0.03769520732364028 0.02187698833510074
0 0.6278998384491115 0.28262990455991516 0.030694668820678513 0.021633085896076328
0 0.6296445880452343 0.3136479321314952 0.028809908454496498 0.01791092258748673
0 0.6311954765751212 0.25374337221633086 0.03325255788906839 0.02111346765641572
0 0.5370005385029618 0.4981336161187699 0.06430802369413036 0.019978791092258783
0 0.5191868605277329 0.4643372216330859 0.030021540118470653 0.026617179215270438
0 0.5370866989768445 0.25505832449628846 0.06382337102854072 0.02111346765641572
0 0.5349380721593969 0.43598091198303285 0.06287022078621439 0.025037115588547203
0 0.5365912762520194 0.37616118769883355 0.06279483037156705 0.023987274655355256
0 0.5229886914378029 0.28262990455991516 0.03224555735056549 0.021633085896076328
0 0.5290522347872914 0.3136479321314952 0.048416801292407094 0.01791092258748673
0 0.5494614970382338 0.3421420996818664 0.08653742595584278 0.02187698833510074
0 0.5449596122778675 0.4039024390243902 0.07483575659666124 0.020275715800636272
0 0.4284814216478191 0.49710498409331916 0.06430802369413036 0.019978791092258783
0 0.42678513731825524 0.46330858960763516 0.06225094238018304 0.026617179215270438
0 0.41941841680129244 0.2826193001060445 0.04213785675821217 0.021633085896076328
0 0.4205331179321486 0.31261930010604455 0.04841680129240715 0.01791092258748673
0 0.42641895530425417 0.43495227995758223 0.06287022078621432 0.025037115588547203
0 0.4344641895530425 0.37185577942735953 0.07424878836833608 0.023987274655355256
0 0.440942380183091 0.3411134676564157 0.08653742595584278 0.02187698833510074
0 0.40648357565966614 0.2527147401908802 0.02165320409262253 0.02111346765641572
0 0.43644049542272484 0.4028738069989396 0.0748357565966613 0.020275715800636272
0 0.342891760904685 0.47709437963944856 0.06430802369413036 0.019978791092258783
0 0.34219170705438884 0.44329798515376456 0.06424340333871834 0.026617179215270438
0 0.3349434571890145 0.2926086956521739 0.04841680129240715 0.01791092258748673
0 0.34082929456112004 0.4149416755037116 0.06287022078621432 0.025037115588547203
0 0.3431448572967151 0.3518451749734889 0.062794830371567 0.023987274655355256
0 0.3375767366720517 0.3211028632025451 0.050985460420032346 0.02187698833510074
0 0.3508508346795907 0.38286320254506895 0.0748357565966613 0.020275715800636272
0 0.2546472805600431 0.4754082714740191 0.06430802369413033 0.019978791092258783
0 0.24646742057081314 0.4455461293743372 0.04929456112008614 0.01876988335100747
0 0.24669897684437264 0.29092258748674443 0.048416801292407094 0.01791092258748673
0 0.25547657512116323 0.3194167550371156 0.06327948303715673 0.02187698833510074
0 0.25258481421647816 0.41325556733828206 0.06287022078621429 0.025037115588547203
0 0.2459935379644588 0.3844538706256628 0.04293484114162629 0.020275715800636272
0 0.25490037695207324 0.35015906680805936 0.06279483037156702 0.023987274655355256
0 0.1567635971997846 0.47568398727465533 0.03905761981690898 0.019978791092258783
0 0.16121163166397415 0.44582184517497353 0.04929456112008616 0.01876988335100747
0 0.16722670974690362 0.3229586426299046 0.0632794830371567 0.02187698833510074
0 0.1540387722132472 0.41418875927889715 0.03628971459343026 0.025037115588547203
0 0.15369413031771675 0.3530540827147402 0.0342218632202477 0.023987274655355256
0 0.15740980075390415 0.38603393425238597 0.04293484114162629 0.020275715800636272
0 0.16625740441572429 0.2911983032873807 0.058050619278406025 0.01791092258748673