0 0.025579365079365077 0.08383259911894274 0.03527777777777778 0.05752202643171805
0 0.7715000000000001 0.019041850220264316 0.054880952380952454 0.03372246696035243
0 0.8248095238095238 0.017411894273127754 0.03919841269841269 0.030462555066079294
0 0.8777380952380953 0.018491189427312774 0.052531746031746075 0.028292951541850218
0 0.9385 0.0163215859030837 0.06429365079365097 0.03046255506607929
0 0.5198174603174603 0.08486784140969163 0.03292857142857144 0.04134361233480175
0 0.5700000000000001 0.08486784140969163 0.03292857142857144 0.04352422907488988
0 0.6272301587301586 0.08322687224669603 0.0501825396825397 0.04678414096916298
0 0.7040714285714286 0.08159691629955948 0.07840476190476188 0.05004405286343612
0 0.7824761904761904 0.08268722466960353 0.05645238095238086 0.04569383259911895
0 0.8471587301587302 0.08159691629955948 0.052531746031746075 0.04569383259911895
0 0.9118412698412699 0.08486784140969163 0.040769841269841185 0.047874449339207044
0 0.9577063492063492 0.0843171806167401 0.03842063492063481 0.04678414096916298
0 0.04076984126984127 0.1534030837004405 0.06429365079365079 0.03916299559471366
0 0.12466666666666668 0.15503303964757711 0.0831111111111111 0.042433920704845834
0 0.21561111111111111 0.15503303964757711 0.08153968253968255 0.03590308370044054
0 0.31283333333333335 0.15503303964757711 0.09878571428571431 0.03808370044052862
0 0.4198571428571428 0.15612334801762112 0.09643650793650793 0.03808370044052862
0 0.9169365079365078 0.15721365638766518 0.10584920634920626 0.05113436123348018
0 0.6926984126984127 0.31877753303964756 0.049396825396825404 0.04569383259911895
0 0.7554285714285714 0.3176872246696035 0.030579365079365057 0.03916299559471372
0 0.7891349206349206 0.31823788546255505 0.02273809523809531 0.035903083700440555
0 0.824031746031746 0.31877753303964756 0.03292857142857135 0.03699339207048462
0 0.8602063492063491 0.3175991189427313 0.028817460317460273 0.04185022026431718
0 0.8920396825396826 0.31527533039647576 0.025468253968254084 0.040925110132158556
0 0.9215317460317461 0.3162004405286344 0.024126984126984198 0.042775330396475804
0 0.9520238095238095 0.3162004405286344 0.026134920634920504 0.042775330396475804