0 0.07724719101123595 0.11513157894736842 0.06019261637239166 0.049342105263157895
0 0.1404494382022472 0.11308114035087719 0.04614767255216693 0.04523026315789474
0 0.20064205457463885 0.1213048245614035 0.06420545746388442 0.05345394736842105
0 0.25481540930979135 0.12198464912280702 0.03812199036918138 0.04111842105263158
0 0.3064847512038523 0.1137609649122807 0.051163723916532906 0.03837719298245614
0 0.3782102728731942 0.12267543859649123 0.07423756019261638 0.04523026315789474
0 0.44341894060995185 0.1144517543859649 0.05818619582664526 0.031524122807017545
0 0.5081300160513643 0.10622807017543859 0.06119582664526485 0.023300438596491228
0 0.6646308186195826 0.034956140350877185 0.19361958266452647 0.026041666666666664
0 0.8201284109149278 0.04180921052631579 0.06119582664526494 0.05071271929824561
0 0.872792937399679 0.049342105263157895 0.04012841091492777 0.049342105263157895
0 0.9149277688603531 0.03769736842105263 0.03812199036918138 0.04797149122807018
0 0.9570626003210273 0.036326754385964916 0.056179775280898875 0.05619517543859649
0 0.84169341894061 0.11993421052631578 0.048154093097913325 0.034265350877192985
0 0.8943659711075442 0.10896929824561404 0.05718298555377207 0.0424890350877193
0 0.9674959871589085 0.11308114035087719 0.06500802568218299 0.04797149122807018
2 0.20164526484751205 0.8977521929824561 0.30296950240770465 0.046600877192982455
0 0.46047351524879615 0.899813596491228 0.206661316211878 0.04797149122807018
0 0.6776725521669342 0.8950109649122807 0.19763242375601925 0.052083333333333336
0 0.8717897271268058 0.903234649122807 0.13041733547351525 0.052083333333333336
2 0.38824237560192615 0.043179824561403506 0.3089887640449438 0.06167763157894736