3 0.4236163760424564 0.2788677130044843 0.16300227445034116 0.05605381165919283
3 0.5861485974222896 0.2781726457399103 0.15636846095526916 0.054652466367713
3 0.5643517816527672 0.19478699551569506 0.05970432145564822 0.02242152466367713
3 0.0900303260045489 0.028026905829596414 0.02843062926459439 0.0476457399103139
3 0.1397877179681577 0.031535874439461875 0.055913570887035635 0.049047085201793725
3 0.19380591357088703 0.0329372197309417 0.04454131918119788 0.04624439461883408
3 0.24308567096285064 0.037836322869955155 0.04454131918119788 0.03923766816143498
3 0.30278999241849885 0.037836322869955155 0.04264594389689159 0.0476457399103139
3 0.3501743745261562 0.031535874439461875 0.04833206974981046 0.04624439461883408
3 0.8282789992418499 0.027331838565022415 0.03980288097043214 0.03503363228699551
3 0.8785064442759667 0.027331838565022415 0.03411675511751327 0.04344170403587444
3 0.9268385140257771 0.030829596412556053 0.03222137983320698 0.04204035874439462
3 0.9794389689158454 0.033632286995515695 0.036959818043972706 0.04484304932735426