0 0.948635275339186 0.16010215664018163 0.01668794892258568 0.03269012485811579
0 0.9527134876296888 0.30454029511918274 0.01578611332801293 0.022338251986379058
0 0.9520830007980846 0.3322701475595914 0.012697525937749286 0.01587968217934167
0 0.9520830007980846 0.3625766174801362 0.012697525937749286 0.0145856980703746
1 0.3263128491620112 0.6656526674233826 0.5749880287310455 0.06349602724177078
1 0.5778850758180367 0.738127128263337 0.08053471667996814 0.03717366628830874
0 0.5991061452513966 0.7903632236095346 0.02503591380686344 0.03844494892167979
0 0.05151636073423783 0.788683314415437 0.021763766959297687 0.039216799091940924
0 0.8027134876296887 0.9498978433598184 0.2780606544293695 0.05206583427922803
0 0.5897685554668795 0.275788876276958 0.033559457302474026 0.051486946651532334
0 0.06185155626496409 0.27642451759364356 0.03156424581005587 0.0527809307604994
0 0.8028970470869912 0.23180476730987515 0.31106943335993614 0.044018161180476766
3 0.8024421388667199 0.4195800227014756 0.3119792498004788 0.050158910329171455