0 0.44435548438751 0.041766109785202864 0.06605284227381905 0.029832935560859187
0 0.9517614091273019 0.0477326968973747 0.08006405124099279 0.017899761336515514
0 0.09807846277021617 0.3990214797136038 0.1100880704563651 0.05220763723150358
0 0.25120096076861487 0.3997613365155131 0.10808646917534027 0.05071599045346062
0 0.41183346677341875 0.3975298329355609 0.10508406725380304 0.043257756563245826
0 0.6460208166533227 0.3960381861575179 0.11909527622097678 0.04922434367541766
0 0.8746997598078463 0.3945465393794749 0.09207365892714171 0.034307875894988064
0 0.5504403522818254 0.22897374701670645 0.0300240192153723 0.06712410501193318
0 0.9517614091273019 0.22449880668257757 0.038030424339471576 0.061157517899761336
0 0.05104083266613291 0.22897374701670645 0.02602081665332266 0.061157517899761336
0 0.4533626901521217 0.23418854415274462 0.0300240192153723 0.06861575178997613
0 0.24970376301040834 0.9650954653937948 0.45736589271417133 0.06563245823389022
0 0.7506004803843075 0.9606205250596659 0.45636509207365894 0.06563245823389022