0 0.9166399416909622 0.0671677559912854 0.0778061224489796 0.02908496732026143
0 0.9257507288629738 0.012952069716775599 0.05958454810495627 0.025904139433551198
1 0.05475947521865889 0.14681917211328976 0.05229591836734694 0.035871459694989116
1 0.14951166180758016 0.14845315904139433 0.07416180758017493 0.032603485838779964
1 0.2527332361516035 0.14667755991285403 0.07470845481049562 0.04431372549019608
1 0.3426603498542274 0.14491285403050108 0.07416180758017493 0.03423747276688454
1 0.4472521865889213 0.14954248366013073 0.07926384839650145 0.030424836601307195
1 0.5522084548104956 0.1474945533769063 0.09238338192419825 0.03723311546840959
1 0.6729227405247813 0.1488562091503268 0.09876093294460642 0.02906318082788672
1 0.7842565597667639 0.14981481481481482 0.06997084548104957 0.035326797385620924
1 0.8977769679300291 0.14831154684095862 0.08928571428571429 0.04104575163398694
1 0.8527696793002916 0.014705882352941176 0.0597667638483965 0.029411764705882353
1 0.7842565597667639 0.013616557734204794 0.06851311953352769 0.027233115468409588
0 0.7849854227405247 0.6655337690631808 0.10787172011661808 0.049335511982570766
0 0.7756049562682217 0.7152287581699347 0.06541545189504373 0.028899782135076223
0 0.8922230320699709 0.7853376906318084 0.028972303206997084 0.04930283224400871
0 0.8522230320699709 0.7854793028322441 0.020043731778425656 0.029967320261437898
0 0.8197886297376094 0.7828867102396515 0.02077259475218659 0.048758169934640515
0 0.7866253644314869 0.7835729847494554 0.027332361516034985 0.03922657952069716
0 0.7485422740524781 0.7828867102396515 0.02040816326530612 0.048758169934640515
0 0.07225218658892128 0.8828213507625272 0.09456997084548105 0.02858387799564271
0 0.30603498542274055 0.47139433551198257 0.02642128279883382 0.02924836601307192
0 0.6139795918367347 0.4765686274509804 0.03735422740524781 0.03523965141612203
0 0.9267492711370262 0.4738453159041394 0.02696793002915452 0.040686274509803944
0 0.8394679300291545 0.2816230936819172 0.22048104956268222 0.19561002178649234
0 0.6050510204081633 0.278082788671024 0.21993440233236153 0.1939760348583878
0 0.3678061224489796 0.27944444444444444 0.21920553935860057 0.1912527233115468
0 0.13147230320699707 0.28298474945533764 0.22394314868804666 0.19288671023965137