3 0.9230163447251115 0.22739035087719298 0.08710995542347696 0.2567214912280702
3 0.924034175334324 0.49887061403508776 0.09101040118870728 0.25362938596491225
3 0.9235735512630016 0.725405701754386 0.09193907875185736 0.1650328947368421
3 0.924219910846954 0.9021929824561403 0.08766716196136701 0.16773026315789477
3 0.7428528974739971 0.12406798245614035 0.17997771173848448 0.05228070175438597
3 0.7443387815750372 0.18916666666666668 0.1829494799405647 0.05089912280701756
3 0.7441530460624072 0.889594298245614 0.1788632986627044 0.05042763157894738
3 0.7434101040118871 0.9567434210526315 0.17737741456166428 0.053146929824561435
3 0.32717682020802374 0.9228837719298245 0.5447622585438335 0.06877192982456143
0 0.6771916790490342 0.2523464912280702 0.05423476968796434 0.025932017543859626
0 0.19669390787518573 0.030614035087719302 0.04791976225854384 0.025449561403508777
0 0.23681277860326894 0.031293859649122804 0.024145616641901933 0.026820175438596487
0 0.267184249628529 0.031710526315789474 0.01987369985141159 0.023256578947368427
0 0.2960624071322437 0.03198464912280702 0.020059435364041606 0.028190789473684214
0 0.32903417533432394 0.0330811403508772 0.028417533432392273 0.025997807017543863
0 0.3620950965824666 0.03225877192982456 0.027674591381872213 0.02216008771929825
0 0.392369985141159 0.030065789473684212 0.025074294205052007 0.026546052631578953
0 0.4222734026745914 0.02787280701754386 0.029160475482912333 0.030932017543859654
0 0.4501337295690936 0.028826754385964912 0.025445765230312035 0.0262719298245614
0 0.4823551263001486 0.03280701754385965 0.02488855869242199 0.03202850877192983
0 0.5117013372956909 0.03239035087719298 0.024145616641901933 0.024627192982456136
0 0.542258543833581 0.029517543859649123 0.02395988112927192 0.027642543859649128
0 0.5765230312035661 0.030339912280701757 0.031203566121842496 0.03148026315789474
0 0.6187815750371471 0.03074561403508772 0.04327637444279346 0.027916666666666663
0 0.674405646359584 0.03554824561403509 0.05980683506686479 0.026546052631578953
0 0.8251337295690937 0.03293859649122807 0.02135958395245171 0.03449561403508772
0 0.7963447251114414 0.03513157894736842 0.03436106983655275 0.030109649122807013
0 0.038261515601783064 0.03239035087719298 0.02451708766716196 0.03559210526315789
0 0.3612555720653789 0.7215789473684211 0.25074294205052006 0.0301864035087719