0 0.5141574936494496 0.024827586206896554 0.04233700254022015 0.03264367816091954
0 0.5720237087214225 0.024827586206896554 0.043276883996612954 0.026960408684546616
0 0.6167061812023709 0.027675606641123885 0.03668924640135472 0.026960408684546616
0 0.6689246401354784 0.02837803320561941 0.048924640135478384 0.022707535121328226
0 0.7376037256562236 0.026257982120051083 0.05833192209991541 0.02412515964240102
0 0.9652836579170194 0.022707535121328226 0.01693480101608806 0.022707535121328226
0 0.942701100762066 0.3831417624521073 0.02258255715495349 0.03973180076628354
0 0.6976206604572396 0.3810089399744572 0.029161727349703688 0.038314176245210725
0 0.45300592718035565 0.38527458492975736 0.02728196443691789 0.038314176245210725
0 0.20463166807790006 0.3859770114942529 0.01787468247248096 0.03973180076628354
0 0.20415749364944963 0.9408301404853129 0.03574936494496192 0.039731800766283396
0 0.4497121083827265 0.9429501915708812 0.030110076206604525 0.038314176245210725
0 0.6962066045723962 0.9429501915708812 0.026342082980524893 0.0354789272030651
0 0.9422353937341236 0.9422477650063856 0.023522438611346487 0.03406130268199243
1 0.8081625740897544 0.023409961685823752 0.06773920406435224 0.026960408684546616
1 0.8975444538526672 0.021992337164750957 0.07338696020321768 0.02128991060025543