0 0.20166403785488962 0.03921858500527983 0.0630914826498423 0.03620908130939809
0 0.2613801261829653 0.039978880675818375 0.04506309148264983 0.03770855332629357
0 0.3143296529968454 0.03770855332629356 0.04055993690851731 0.03921858500527983
0 0.3684069400630915 0.03921858500527983 0.054077287066246 0.030168954593453007
0 0.43206624605678234 0.039978880675818375 0.05070189274447947 0.025649419218585
0 0.5002287066246056 0.032428722280887015 0.05858832807570975 0.025649419218585007
0 0.7187933753943218 0.03318901795142555 0.04957413249211349 0.024139387539598732
0 0.7796293375394323 0.03469904963041183 0.05858832807570984 0.03318901795142556
0 0.870891167192429 0.02941921858500528 0.08562302839116732 0.03469904963041183
0 0.4483990536277603 0.25041182682154167 0.031545741324921134 0.024139387539598746
0 0.4427681388012618 0.0920168954593453 0.011269716088328047 0.024139387539598718
0 0.4483990536277603 0.4057972544878564 0.02027602523659309 0.024139387539598746
0 0.44502365930599364 0.5641921858500527 0.01802839116719235 0.01809926082365375
0 0.44671135646687693 0.7173072861668426 0.014645110410094588 0.025649419218584966
0 0.4461435331230284 0.875702217529039 0.013517350157728786 0.01658922914466741
0 0.8911671924290221 0.8719218585005281 0.02253154574132505 0.01809926082365375
0 0.8883517350157729 0.71428722280887 0.019156151419558332 0.028658922914466842
0 0.8883517350157729 0.5551319957761353 0.025914826498422812 0.024139387539598628
0 0.8939826498422713 0.4103167898627244 0.019156151419558332 0.024139387539598746
0 0.8951104100946372 0.25192185850052795 0.02140378548895889 0.021119324181626188