2 0.8558531468531467 0.049534606205250596 0.15225874125874128 0.04632458233890216
0 0.4784685314685315 0.04560859188544153 0.07930769230769237 0.04063245823389021
0 0.37190209790209794 0.0466945107398568 0.06484615384615386 0.03846062052505967
0 0.28918181818181815 0.046145584725536995 0.05991608391608396 0.03954653937947494
0 0.905993006993007 0.16275656324582338 0.08248951048951052 0.05578758949880668
0 0.9691678321678322 0.05347255369928401 0.06166433566433555 0.05201670644391408
0 0.15710489510489511 0.16465393794749403 0.034167832167832174 0.05741050119331744
0 0.11013986013986014 0.5349284009546539 0.05944055944055944 0.062458233890214834
0 0.5766853146853147 0.7667780429594272 0.11046153846153849 0.048830548926014405
0 0.4505734265734266 0.7666467780429594 0.1172937062937063 0.057243436754176646
0 0.5213006993006993 0.9008830548926015 0.13477622377622378 0.032804295942720774
0 0.6026713286713287 0.8991169451073986 0.011447552447552372 0.03361575178997622
0 0.9226013986013986 0.5308711217183771 0.050545454545454685 0.04348448687350842