0 0.07592091571279916 0.3556888888888889 0.09790842872008325 0.03801111111111115
0 0.6430385015608742 0.6798777777777778 0.09696149843912598 0.03589999999999994
0 0.07662851196670135 0.9711222222222222 0.0945993756503642 0.036566666666666754
0 0.9016441207075963 0.017855555555555555 0.08679500520291372 0.026999999999999996
0 0.8511550468262227 0.10306666666666668 0.08750260145681574 0.08631111111111113
0 0.742840790842872 0.10394444444444442 0.09790842872008317 0.0820111111111111
0 0.6375962539021852 0.10293333333333332 0.08135275754422483 0.08403333333333331
0 0.5199375650364205 0.10394444444444442 0.08017689906347555 0.0820111111111111
0 0.41517169614984395 0.10293333333333332 0.07402705515088448 0.08403333333333331
0 0.3060249739854318 0.10584444444444445 0.08040582726326741 0.0858
0 0.19605619146722164 0.10104444444444444 0.08277835587929241 0.08024444444444444