1 0.8536587771203156 0.06729425028184893 0.21392504930966477 0.05045095828635851
1 0.6440335305719921 0.2816910935738444 0.14407297830374746 0.0637204058624577
0 0.04531558185404339 0.3496166854565953 0.04835305719921105 0.04496054114994363
0 0.09705128205128205 0.35210822998872604 0.0447534516765286 0.03705749718151072
1 0.16946745562130178 0.3529199549041714 0.08429980276134125 0.03544532130777909
0 0.6873274161735701 0.39397970687711387 0.0446942800788954 0.04992108229988723
0 0.6865581854043392 0.679379932356257 0.04878698224852074 0.04413754227733945
0 0.6865581854043392 0.9442841037204059 0.04878698224852074 0.029571589627959433
0 0.8529585798816568 0.9053325817361894 0.21533530571992102 0.05476888387824118
0 0.8538560157790926 0.9727959413754228 0.2058579881656805 0.05439684329199549
0 0.9333234714003945 0.2925253664036077 0.05204142011834318 0.027406989853438528