0 0.11199704142011833 0.021208907741251327 0.025355029585798838 0.027264050901378584
0 0.4670266272189349 0.4764475079533404 0.7438757396449704 0.04696712619300102
0 0.2789497041420118 0.9566702014846236 0.3592603550295858 0.04090137857900311
0 0.6603994082840238 0.9544008483563097 0.36137573964497044 0.042417815482502653
1 0.2250591715976331 0.17648992576882291 0.26838757396449703 0.031813361611876985
1 0.19653846153846155 0.21739130434782608 0.19442307692307692 0.025758218451749755
1 0.238801775147929 0.26359490986214207 0.283180473372781 0.02424178154825028
1 0.26838757396449703 0.30828207847295863 0.34235207100591714 0.01969247083775191
1 0.26099112426035503 0.35297985153764583 0.3360059171597633 0.02424178154825028
1 0.15849112426035503 0.39766702014846234 0.1225739644970414 0.022725344644750744
3 0.4754881656804735 0.9029692470837752 0.7988165680473372 0.19406150583244963