0 0.13196907216494844 0.07588401697312588 0.03483505154639176 0.05394625176803395
0 0.596340206185567 0.07881188118811881 0.04718556701030926 0.05666195190947666
0 0.36443298969072163 0.9045685997171146 0.4860103092783506 0.0705799151343707
0 0.9198247422680412 0.05752475247524753 0.160340206185567 0.039222065063649225
0 0.9069072164948454 0.1245968882602546 0.15057731958762882 0.06793493635077794
0 0.9484020618556701 0.36101838755304105 0.08007216494845368 0.052149929278642156
0 0.7532886597938145 0.530933521923621 0.05181443298969071 0.0808203677510608
0 0.8779175257731959 0.5574398868458275 0.08572164948453617 0.06782178217821788
0 0.9511649484536082 0.7822913719943424 0.07872164948453599 0.05233380480905234
0 0.7512577319587629 0.9546393210749645 0.04755670103092795 0.06185289957567188
0 0.8770824742268041 0.9770721357850071 0.07488659793814444 0.04585572842998596