0 0.5504014167650532 0.4255579399141631 0.0172668240850059 0.032843347639484995
0 0.4781582054309327 0.54637339055794 0.07201889020070838 0.05130901287553647
0 0.4017119244391972 0.5455793991416309 0.07260920897284534 0.047564377682403416
0 0.9784533648170012 0.1348283261802575 0.015938606847697757 0.024345493562231757
3 0.8429752066115702 0.5099785407725321 0.29988193624557263 0.8240128755364807
3 0.11024203069657615 0.4533905579399141 0.05932703659976387 0.7923819742489271
0 0.34946871310507677 0.8296030042918455 0.03896103896103896 0.07483905579399142
0 0.30416174734356555 0.8278540772532188 0.03984651711924439 0.07564377682403434
0 0.2586363636363636 0.8274570815450645 0.038813459268004724 0.06840128755364806
0 0.21332939787485242 0.8246351931330471 0.039698937426210154 0.0713519313304721
0 0.16765053128689492 0.8289270386266094 0.04132231404958678 0.07349785407725322
0 0.2867473435655254 0.01584763948497854 0.046340023612750886 0.031684549356223175
0 0.3609090909090909 0.013165236051502145 0.057408500590318774 0.026319742489270388
0 0.43536009445100354 0.014506437768240343 0.051357733175914994 0.029002145922746782
0 0.5124734356552538 0.01517167381974249 0.06242621015348288 0.03034334763948498
0 0.588034238488784 0.013165236051502145 0.04825855962219605 0.026319742489270388
0 0.7590791027154664 0.013830472103004293 0.07452774498229044 0.027660944206008585
3 0.44207792207792207 0.5050643776824034 0.25516528925619836 0.2197532188841201
1 0.5785123966942148 0.9449248927038626 0.30578512396694213 0.02652360515021462
0 0.14566115702479338 0.016266094420600858 0.11835891381345927 0.032521459227467804