0 0.2553968253968254 0.15866434378629501 0.034927849927849905 0.06538908246225321
0 0.3113131313131313 0.171602787456446 0.058210678210678254 0.03423925667828109
0 0.8983549783549782 0.06708478513356562 0.03853535353535343 0.0532752613240418
0 0.937950937950938 0.07104529616724739 0.027546897546897427 0.050627177700348434
0 0.8527633477633478 0.06907084785133566 0.03919191919191931 0.06778164924506389
0 0.1880808080808081 0.16923344947735192 0.07248196248196248 0.044274099883855986
0 0.1238023088023088 0.15576074332171894 0.03575036075036076 0.07646922183507551
0 0.07584415584415585 0.1573519163763066 0.03329004329004328 0.09441347270615566
0 0.031075036075036075 0.17450638792102208 0.032301587301587296 0.06537746806039489
0 0.8431746031746032 0.9511033681765388 0.21841991341991343 0.07703832752613232
0 0.6162265512265512 0.952822299651568 0.21710678210678216 0.07624854819976781
0 0.9195021645021646 0.7350871080139373 0.03821067821067824 0.041997677119628436
0 0.8508008658008658 0.7298025551684089 0.03525974025974018 0.052555168408826944
0 0.5303896103896104 0.07197444831591172 0.017546897546897502 0.03558652729384436
0 0.045093795093795096 0.07500580720092916 0.04886724386724388 0.06910569105691057
2 0.39199134199134195 0.06642276422764228 0.3310678210678211 0.07306620209059234
1 0.8298917748917749 0.17027874564459933 0.24104617604617606 0.05271777003484319