0 0.8587756598240468 0.06817031070195627 0.22860703812316718 0.09174913693901036
0 0.6201686217008797 0.06856156501726121 0.23127565982404694 0.08834292289988493
0 0.38456744868035186 0.07273878020713463 0.22660557184750726 0.0904372842347526
0 0.1510483870967742 0.07131185270425777 0.22444281524926685 0.08546605293440734
0 0.9537463343108505 0.7073993095512083 0.03865835777126101 0.06044879171461447
0 0.715058651026393 0.7096202531645569 0.03615835777126095 0.05860759493670893
0 0.4749560117302053 0.7089643268124282 0.03915689149560123 0.05730724971231295
0 0.23660557184750736 0.7088377445339471 0.03732404692082109 0.06540851553509772
0 0.8531891495601173 0.9452243958573072 0.21577712609970678 0.08417721518987352
0 0.6205865102639296 0.9453624856156502 0.21711143695014654 0.08652474108170317
0 0.38023460410557186 0.9475834292289989 0.19794721407624633 0.07423475258918295
0 0.14196480938416423 0.9443153049482164 0.20794721407624633 0.07815880322209444
0 0.9585777126099707 0.1842807825086306 0.03165689149560105 0.0477790563866513
0 0.8879325513196482 0.18558112773302649 0.03032991202346033 0.05039125431530497