0 0.05731225296442688 0.16865671641791044 0.041501976284584984 0.05970149253731343
0 0.16106719367588934 0.1761194029850746 0.05533596837944664 0.050746268656716415
0 0.21195652173913043 0.1791044776119403 0.030632411067193676 0.026865671641791045
0 0.25691699604743085 0.1746268656716418 0.029644268774703556 0.029850746268656716
0 0.3132411067193676 0.16940298507462687 0.06126482213438735 0.03731343283582089
0 0.3794466403162055 0.17313432835820897 0.02766798418972332 0.026865671641791045
0 0.4352766798418972 0.17238805970149254 0.046442687747035576 0.03134328358208955
0 0.5153162055335968 0.17164179104477612 0.06620553359683795 0.023880597014925373
0 0.8270750988142292 0.06865671641791045 0.04743083003952569 0.08059701492537313
0 0.8868577075098815 0.06567164179104477 0.04841897233201581 0.07462686567164178
0 0.9540513833992095 0.07313432835820896 0.06225296442687747 0.0955223880597015
0 0.8848814229249012 0.16343283582089552 0.03458498023715415 0.034328358208955224
0 0.9456521739130435 0.1708955223880597 0.041501976284584984 0.03134328358208955
0 0.9629446640316206 0.46044776119402986 0.020750988142292492 0.04029850746268657
0 0.9387351778656127 0.6022388059701492 0.07509881422924901 0.034328358208955224
0 0.5686758893280632 0.9716417910447761 0.04841897233201581 0.056716417910447764
0 0.6867588932806324 0.9611940298507463 0.18774703557312253 0.0626865671641791
0 0.8858695652173914 0.9641791044776119 0.19268774703557312 0.056716417910447764
0 0.06027667984189723 0.36343283582089553 0.06521739130434782 0.09701492537313433
0 0.058794466403162056 0.4753731343283582 0.06422924901185771 0.09701492537313433
0 0.059782608695652176 0.5776119402985075 0.07015810276679842 0.09253731343283582
0 0.05928853754940711 0.685820895522388 0.06719367588932806 0.09402985074626866
0 0.059782608695652176 0.7910447761194029 0.0741106719367589 0.08656716417910448
1 0.7618577075098815 0.7231343283582089 0.4090909090909091 0.049253731343283584
1 0.7593873517786561 0.7932835820895522 0.41798418972332013 0.05223880597014925
2 0.3157114624505929 0.06492537313432836 0.35276679841897235 0.06119402985074627