2 0.36281976744186045 0.17110280373831777 0.14199127906976747 0.0690093457943925
2 0.5484156976744186 0.17037383177570095 0.13752906976744186 0.07044859813084112
2 0.7345639534883721 0.17110280373831777 0.13863372093023246 0.06613084112149532
2 0.36449127906976747 0.3450841121495327 0.1386337209302326 0.07476635514018691
2 0.5461773255813953 0.3429158878504673 0.13529069767441868 0.07044859813084112
2 0.7317732558139535 0.3400373831775701 0.13752906976744186 0.07044859813084112
2 0.36449127906976747 0.44715887850467295 0.14311046511627903 0.06613084112149537
2 0.548968023255814 0.4457196261682243 0.14087209302325576 0.06327102803738321
2 0.7356831395348837 0.4435700934579439 0.14087209302325585 0.06183177570093455
0 0.07715116279069767 0.6786542056074766 0.11180232558139533 0.0718878504672898
0 0.25212209302325583 0.8483177570093459 0.46175872093023257 0.09777570093457934
0 0.7301017441860466 0.8447102803738318 0.4673546511627908 0.09633644859813077
1 0.3303924418604651 0.25018691588785047 0.06819767441860468 0.02874766355140186
1 0.42151162790697677 0.24586915887850466 0.07603197674418596 0.025887850467289735
1 0.5629505813953488 0.5492523364485982 0.5355523255813952 0.06039252336448588