0 0.0712109375 0.35050675675675674 0.044755859375000005 0.019712837837837865
0 0.079755859375 0.3814695945945946 0.05859375 0.016891891891891893
0 0.084638671875 0.4110304054054054 0.07161132812500001 0.019712837837837865
0 0.0655078125 0.4708614864864865 0.028486328124999995 0.015489864864864795
0 0.08341796875 0.5004222972972973 0.07893554687500001 0.015489864864864795
0 0.064697265625 0.5334966216216216 0.03825195312500001 0.01971283783783777
0 0.07609375 0.5644763513513513 0.052900390624999995 0.02251689189189196
0 0.09602539062499998 0.6482263513513513 0.10253906249999999 0.03238175675675669
0 0.09358398437499998 0.6827195945945946 0.10253906249999999 0.028158783783783715
1 0.4130078125 0.4821283783783784 0.05452148437500004 0.03238175675675669
1 0.55419921875 0.48423986486486487 0.05859375 0.030962837837837907
2 0.496416015625 0.6601858108108107 0.20833007812500004 0.028158783783783715
2 0.4951953125 0.7523986486486487 0.20426757812499996 0.03518581081081088
2 0.592041015625 0.10135135135135136 0.5330371093749999 0.06756756756756757
0 0.591630859375 0.8903378378378379 0.0830078125 0.0633445945945946