0 0.8843061840120663 0.32489922480620154 0.02733785822021116 0.0710232558139535
0 0.8753544494720965 0.5071782945736434 0.016161387631975745 0.030279069767441817
0 0.7091704374057315 0.5071782945736434 0.017775263951734493 0.030279069767441817
0 0.5431900452488687 0.5071782945736434 0.01575414781297142 0.030279069767441817
0 0.3766742081447964 0.5077364341085271 0.018046757164404185 0.029162790697674332
0 0.21237556561085974 0.5084186046511628 0.018046757164404185 0.030558139534883778
0 0.0756184012066365 0.32627906976744186 0.028687782805429857 0.06271317829457362
0 0.8014177978883862 0.881829457364341 0.17264705882352938 0.1749457364341084
0 0.6234539969834088 0.8804496124031007 0.170897435897436 0.17217054263565884
0 0.44319758672699844 0.8828062015503876 0.17264705882352946 0.1702325581395348
3 0.49962292609351433 0.8744186046511628 0.9992458521870287 0.25116279069767444
0 0.8593966817496229 0.09776744186046513 0.0556184012066365 0.035379844961240296