0 0.11168691922802002 0.1407103825136612 0.13045032165832737 0.03825136612021858
0 0.27162258756254465 0.14549726775956284 0.0696926375982845 0.03415300546448088
0 0.36901358112937815 0.14959562841530055 0.07326661901358113 0.028688524590163935
0 0.4588134381701215 0.14549726775956284 0.0759471050750536 0.023224043715846996
0 0.5535239456754825 0.1441311475409836 0.07952108649035025 0.03415300546448088
0 0.6468906361686919 0.14754098360655737 0.0696926375982845 0.03825136612021858
0 0.8568620443173696 0.14686338797814208 0.09649749821300929 0.031420765027322405
0 0.8193352394567548 0.06353005464480874 0.04110078627591136 0.06967213114754098
0 0.8729449606862044 0.06489617486338797 0.04646175839885633 0.0669398907103825
0 0.3413152251608292 0.95424043715847 0.07862759113652609 0.04234972677595628
0 0.7474124374553253 0.9439890710382514 0.1813795568263045 0.06557377049180328
0 0.959614010007148 0.8346994535519126 0.035739814152966405 0.06830601092896176
1 0.1746819156540386 0.9590163934426229 0.21711937097927092 0.04644808743169399
2 0.4771265189421015 0.06284153005464481 0.2823445318084346 0.05191256830601093