1 0.8210161662817552 0.0624696802646086 0.34719014626635875 0.06251378169790518
0 0.3191916859122402 0.05833517089305402 0.06524249422632794 0.04321940463065049
0 0.25799076212471134 0.040970231532524805 0.042917628945342574 0.07243660418963616
0 0.18581986143187065 0.06026460859977949 0.07948421862971516 0.033847850055126784
0 0.11422632794457274 0.04124586549062844 0.04407236335642802 0.07739801543550164
0 0.0626481909160893 0.051587651598676953 0.03329484218629715 0.07601984564498347
0 0.021170130869899922 0.06206174200661521 0.01770592763664357 0.03302094818081588
0 0.9027174749807545 0.6442557883131202 0.10065434949961509 0.07282249173098121
0 0.7881062355658198 0.6452149944873209 0.11585835257890685 0.0791620727673649
0 0.6710007698229408 0.6508710033076075 0.09141647421093149 0.05959206174200656
0 0.5587990762124712 0.6501764057331864 0.10950731331793688 0.0692392502756339
0 0.4289838337182448 0.6494818081587652 0.12124711316397228 0.07887541345093711
0 0.2918629715165512 0.651135611907387 0.13375673595073134 0.07556780595369346
0 0.12327174749807544 0.636670341786108 0.11989992301770593 0.07971334068357216
0 0.6001770592763664 0.29314222712238147 0.026751347190146265 0.04756339581036382
0 0.5971901462663587 0.4699448732083793 0.026558891454965358 0.032910694597574446
0 0.8422863741339492 0.4649834619625138 0.025981524249422634 0.03180815876515989
0 0.8469976905311778 0.29549062844542445 0.025789068514241724 0.056659316427783886
3 0.2498075442648191 0.30552370452039695 0.48267898383371827 0.392050716648291