0 0.703851030110935 0.9555649419218585 0.3989698890649762 0.049852164730728656
0 0.2908082408874802 0.9548996832101372 0.4009508716323296 0.04853220696937702
3 0.4928684627575277 0.9028511087645196 0.8526148969889065 0.19429778247096094
0 0.49980982567353405 0.475427666314678 0.8229001584786054 0.05474128827877511
1 0.1596671949286846 0.3992819429778247 0.1624405705229794 0.035501583949313624
1 0.27833597464342313 0.35494192185850054 0.38787638668779717 0.03973600844772967
1 0.2902218700475436 0.30650475184794085 0.3958003169572108 0.03367476240760294
1 0.25673534072900156 0.2637381203801478 0.36450079239302696 0.04530095036958815
1 0.2056259904912837 0.22085533262935586 0.22266244057052298 0.022882787750791993
1 0.2266244057052298 0.16937697993664202 0.27258320126782887 0.046652587117212256
0 0.11846275752773376 0.024730728616684267 0.04833597464342314 0.04035902851108764