0 0.8155407969639469 0.2382762836185819 0.14311195445920297 0.021564792176039103
0 0.5156925996204933 0.36547677261613687 0.7965654648956356 0.07015892420537896
0 0.7592220113851993 0.6015281173594133 0.09764705882352948 0.06144254278728612
0 0.6400189753320683 0.6024205378973104 0.09250474383301707 0.0672982885085574
0 0.5143074003795067 0.602677261613692 0.09407969639468693 0.06168704156479222
0 0.3970967741935484 0.6043398533007335 0.08499051233396589 0.0609290953545232
0 0.2769259962049336 0.6028117359413203 0.0976470588235294 0.0639853300733496
3 0.5107590132827324 0.8205134474327628 0.6799430740037952 0.2650977995110023
0 0.3170588235294118 0.10636919315403423 0.37159392789373813 0.061320293398533
0 0.7266034155597724 0.10369193154034229 0.3684440227703984 0.06411980440097799
2 0.5135294117647059 0.17359413202933985 0.7882732447817838 0.06944987775061125
2 0.5155028462998102 0.243239608801956 0.8001328273244781 0.06001222493887527
1 0.24134724857685008 0.3019437652811736 0.21624288425047433 0.036821515892420546
0 0.71573055028463 0.4296454767726161 0.10555977229601517 0.03347188264058679
0 0.5318975332068311 0.4311735941320293 0.18857685009487665 0.030415647921760387
0 0.33760910815939277 0.4315525672371638 0.14388994307400377 0.027102689486552516