0 0.07514445479962721 0.08563231850117095 0.04543336439888164 0.016100702576112413
0 0.08387698042870456 0.11124121779859485 0.06057781919850885 0.014637002341920375
0 0.08912395153774463 0.12954332552693207 0.05941286113699907 0.010245901639344262
0 0.07222739981360671 0.17271662763466042 0.025629077353215284 0.0117096018735363
0 0.09378378378378378 0.19613583138173302 0.07572227399813607 0.0117096018735363
0 0.06931966449207828 0.2159016393442623 0.0407735321528425 0.010245901639344262
0 0.07572227399813607 0.23272833723653397 0.044268406337371856 0.0117096018735363
0 0.09494874184529356 0.2949414519906323 0.09669151910531221 0.016100702576112413
0 0.09378378378378378 0.32421545667447305 0.08271202236719478 0.019028103044496487
0 0.28657968313140725 0.4676580796252927 0.13513513513513514 0.019028103044496487
0 0.26503261882572227 0.6608665105386416 0.08504193849021435 0.019028103044496487
0 0.5271481826654241 0.9565339578454333 0.08038210624417522 0.042447306791569085
0 0.6104380242311277 0.9594613583138173 0.07921714818266543 0.036592505854800936
1 0.5708294501397949 0.9074941451990632 0.4193849021435228 0.032201405152224825
0 0.8166356011183598 0.7933255269320844 0.10717614165890028 0.020491803278688523