0 0.6257068741893645 0.26746753246753247 0.09922178988326856 0.08836038961038963
0 0.7222308690012971 0.2688149350649351 0.0825810635538263 0.09107142857142861
3 0.5051880674448768 0.1672077922077922 0.5979247730220493 0.3344155844155844
1 0.45450064850843064 0.3717532467532468 0.0940337224383917 0.03936688311688312
1 0.3509597924773022 0.36959415584415584 0.08149156939040209 0.04368506493506497
1 0.427367055771725 0.7031493506493506 0.07220492866407258 0.0419805194805195
1 0.3471725032425422 0.70625 0.07176394293125812 0.043863636363636334
2 0.38954604409857324 0.6395616883116884 0.16514915693904023 0.0663474025974026
2 0.5573929961089494 0.6369967532467532 0.1528274967574579 0.07418831168831176
2 0.7207133592736705 0.6406493506493506 0.15304798962386512 0.07500000000000008
2 0.7207133592736705 0.7863311688311688 0.16169909208819716 0.06764610389610383
2 0.5496108949416343 0.7849675324675325 0.15456549935149153 0.07576298701298695
2 0.391491569390402 0.786185064935065 0.15607003891050586 0.07603896103896109
2 0.3840337224383917 0.8807467532467532 0.16926070038910507 0.06816558441558443
2 0.5571854734111543 0.879383116883117 0.16536964980544747 0.07628246753246755
2 0.7230869001297017 0.8789772727272728 0.1621271076523995 0.07980519480519493
2 0.5550194552529183 0.9652759740259741 0.48097276264591443 0.06407467532467537
0 0.8711673151750973 0.04522727272727273 0.08215304798962376 0.0486525974025974
0 0.9630350194552529 0.046980519480519484 0.07392996108949416 0.03702922077922077
0 0.1526199740596628 0.1750811688311688 0.08041504539559016 0.059431818181818204