3 0.5110071942446043 0.1408974358974359 0.4640698869475849 0.28142094017094027
0 0.6126618705035971 0.23566239316239318 0.071284686536485 0.05581196581196582
0 0.6868653648509764 0.23836538461538462 0.06699897225077087 0.050405982905982916
0 0.04765673175745118 0.02372863247863248 0.04398766700924974 0.042521367521367516
0 0.10221993833504624 0.02641025641025641 0.05046248715313463 0.04557692307692307
0 0.15541623843782118 0.02256410256410257 0.04750256937307294 0.04483974358974359
0 0.21778006166495376 0.019925213675213674 0.06066803699897228 0.03957264957264958
0 0.831377183967112 0.02393162393162393 0.03602261048304209 0.03366452991452992
0 0.870781089414183 0.022724358974358976 0.03226104830421388 0.038205128205128204
0 0.90896197327852 0.025512820512820507 0.03498458376156214 0.03682692307692308
0 0.9508427543679342 0.021036324786324785 0.03841726618705047 0.03946581196581196
0 0.12527235354573485 0.08680555555555555 0.03450154162384379 0.024198717948717956
0 0.12551901336073998 0.10935897435897436 0.037790339157245625 0.018600427350427346
0 0.12140801644398766 0.13042735042735043 0.029558067831449118 0.01727564102564101
0 0.12897225077081192 0.15206196581196582 0.04608427543679343 0.02142094017094018
0 0.13184994861253854 0.17352564102564103 0.050462487153134644 0.017991452991452966
0 0.1504727646454265 0.2362820512820513 0.09048304213771842 0.018888888888888896
0 0.13887975334018499 0.25790598290598293 0.06680369989722508 0.02040598290598293
0 0.1365775950668037 0.2796688034188034 0.06128468653648509 0.021645299145299137
0 0.13052415210688592 0.3465705128205128 0.050585817060637216 0.022158119658119667
0 0.12580678314491264 0.36833333333333335 0.03975334018499487 0.020769230769230828
0 0.156207605344296 0.4347008547008547 0.10055498458376158 0.020213675213675168
0 0.13292908530318603 0.4574893162393162 0.06097636176772866 0.01941239316239312
0 0.1686536485097636 0.49946581196581197 0.1352004110996917 0.023685897435897392
0 0.16890030832476877 0.532190170940171 0.13848920863309352 0.025384615384615374
1 0.5613257965056526 0.3598076923076923 0.2668859198355602 0.022532051282051317
2 0.5801644398766701 0.5152564102564102 0.6334840698869477 0.27258547008547
1 0.8750256937307297 0.9410149572649572 0.0690955806783145 0.030235042735042687
0 0.5495786228160329 0.9846794871794872 0.06767728674203491 0.030630341880341957
0 0.61431654676259 0.9846794871794872 0.05220966084275432 0.030630341880341957