0 0.5189746001881467 0.5795928753180661 0.08675446848541865 0.02544529262086514
0 0.5168767638758232 0.5237531806615776 0.37942615239887106 0.057964376590330866
0 0.13536218250235182 0.21063613231552164 0.05957666980244589 0.02544529262086514
0 0.12333960489181563 0.24950381679389314 0.02926622765757292 0.021208651399491116
0 0.1264722483537159 0.28908396946564885 0.04808090310442146 0.024033078880407108
0 0.14424270931326436 0.3378625954198473 0.07734713076199434 0.022620865139949074
0 0.15417685794920036 0.3739058524173028 0.09720602069614298 0.0183715012722647
0 0.1317027281279398 0.41348600508905853 0.05644402634054563 0.026857506361323173
0 0.13379115710253997 0.494058524173028 0.05435559736594545 0.021208651399491043
0 0.14319849482596425 0.537175572519084 0.073170272812794 0.022620865139949074
0 0.13327375352775164 0.5781679389312977 0.05121354656632173 0.022620865139949074
0 0.15156161806208845 0.6198727735368957 0.08571025399811855 0.015547073791348636
0 0.15626528692380057 0.6580407124681934 0.09930385700846661 0.021208651399491116
0 0.15208842897460018 0.6976208651399491 0.09511759172154281 0.021208651399491185
0 0.12020696142991534 0.7789058524173028 0.02926622765757292 0.022620865139949074
0 0.143725305738476 0.8227353689567429 0.0721260583254939 0.01979643765903301
0 0.1405832549388523 0.8630152671755725 0.05748824082784573 0.024033078880407253
0 0.14319849482596425 0.8983587786259543 0.07525870178739416 0.024033078880407253
0 0.1458137347130762 0.9845928753180662 0.08675446848541864 0.021208651399491185
0 0.6088617121354657 0.7612340966921121 0.07839134524929438 0.026857506361323027
0 0.8984007525870179 0.8425190839694657 0.0658513640639699 0.039580152671755596
0 0.043904045155221075 0.18447837150127228 0.05226716839134525 0.024033078880407108
0 0.04599247412982126 0.4785114503816794 0.0689840075258702 0.024033078880407108
3 0.05174035747883349 0.24596692111959292 0.07839134524929443 0.3816793893129771
2 0.7964910630291627 0.09470737913486005 0.2550423330197553 0.039580152671755735
3 0.514788334901223 0.4057124681933842 0.4045155221072437 0.43256997455470736
0 0.5675729068673566 0.8439312977099237 0.5790780809031044 0.039580152671755596