0 0.16032800672834313 0.25271739130434784 0.0283851976450799 0.024456521739130436
0 0.16084945332211942 0.7343804347826087 0.025231286795626577 0.03125
0 0.36533221194280907 0.7384565217391305 0.026282590412111017 0.025815217391304348
0 0.5687552565180825 0.7384565217391305 0.027333894028595457 0.028532608695652172
0 0.7553658536585366 0.7370978260869565 0.022077375946173254 0.02309782608695652
0 0.9572161480235493 0.7391304347826086 0.019974768713204374 0.021739130434782608
0 0.3600756938603869 0.2513586956521739 0.019974768713204374 0.016304347826086956
0 0.5613961312026914 0.2547608695652174 0.01682085786375105 0.02309782608695652
0 0.7621951219512195 0.25407608695652173 0.027333894028595457 0.024456521739130436
0 0.9572161480235493 0.2547608695652174 0.041000841042893185 0.028532608695652172
1 0.8300084104289319 0.016304347826086956 0.09356602186711532 0.029891304347826088
1 0.9351387720773761 0.019706521739130428 0.0851555929352397 0.03940217391304348