3 0.49962518740629686 0.25263387978142077 0.9992503748125937 0.5052568306010929
3 0.09220389805097451 0.7868852459016393 0.07796101949025487 0.4262295081967213
3 0.9332833583208395 0.7901639344262295 0.0734632683658171 0.419672131147541
0 0.935112443778111 0.44244808743169395 0.07440029985007496 0.047049180327868804
0 0.844032983508246 0.4410819672131147 0.09464017991004497 0.05524590163934421
0 0.7728185907046478 0.44012021857923495 0.03467016491754123 0.04896174863387973
0 0.1339505247376312 0.3643169398907104 0.125 0.05034972677595634
0 0.7957721139430285 0.7750710382513661 0.17616191904047976 0.3188524590163934
0 0.6064017991004498 0.778207650273224 0.17410044977511244 0.32076502732240436
0 0.4180584707646177 0.7795737704918032 0.16847826086956522 0.31256830601092894
0 0.28077961019490255 0.9056721311475411 0.03823088455772114 0.057650273224043716