2 0.3147883064516129 0.05159509202453988 0.3619858870967741 0.06693251533742331
0 0.15349798387096775 0.15476993865030675 0.05773185483870967 0.03346625766871165
0 0.21077620967741936 0.15197852760736197 0.04032258064516129 0.039033742331288326
0 0.2552217741935484 0.16243865030674845 0.03391129032258063 0.020920245398772984
0 0.31066532258064516 0.15337423312883436 0.0641532258064516 0.03625766871165642
0 0.3848991935483871 0.15756134969325153 0.04032258064516129 0.027883435582822098
0 0.43301411290322583 0.1596472392638037 0.03024193548387097 0.029279141104294484
0 0.499445564516129 0.1554601226993865 0.09347782258064512 0.02369631901840489
0 0.8431048387096775 0.05228527607361964 0.047651209677419336 0.08226993865030675
0 0.9035887096774193 0.05995398773006135 0.05132056451612912 0.08366564417177914
0 0.9617842741935484 0.054371165644171784 0.05407258064516139 0.08366564417177913
0 0.8962600806451613 0.1526840490797546 0.034828629032258016 0.029279141104294484
0 0.9576612903225806 0.1596472392638037 0.034828629032258016 0.03486196319018403
0 0.9796572580645162 0.4071319018404908 0.01832661290322587 0.03346625766871169
0 0.5750504032258065 0.916058282208589 0.03573588709677424 0.06134969325153374
0 0.6955645161290323 0.9216411042944784 0.19244959677419363 0.06693251533742346
0 0.8935080645161291 0.9223312883435583 0.1851209677419356 0.06274539877300626
0 0.051774193548387096 0.3206901840490798 0.06872983870967743 0.10596625766871162
1 0.16816532258064515 0.23564417177914107 0.1365423387096774 0.022315950920245416
1 0.3225806451612903 0.23703987730061352 0.13380040322580647 0.03067484662576687
1 0.7688810483870968 0.6755368098159509 0.43255040322580635 0.04880368098159517
1 0.7679637096774194 0.7438650306748467 0.4307157258064516 0.05159509202453986