0 0.0553877139979859 0.32511228533685604 0.06377643504531721 0.08365918097754295
0 0.05203423967774421 0.4205151915455746 0.06825780463242699 0.08365918097754299
0 0.053705941591137965 0.5188639365918097 0.06489425981873112 0.07779392338177013
0 0.055951661631419944 0.6084015852047556 0.06489425981873112 0.0895376486129458
0 0.054269889224572 0.7045310435931308 0.0660221550855992 0.07926023778071334
0 0.15217522658610275 0.15117569352708057 0.05818731117824772 0.04697490092470278
0 0.2142799597180262 0.1541215323645971 0.036928499496475344 0.04109643328929985
0 0.25903323262839884 0.15926023778071335 0.03244712990936559 0.033764861294583885
0 0.3155387713997986 0.15631439894319682 0.06713997985901304 0.03376486129458387
0 0.38603222557905337 0.15852047556142668 0.035810674723061486 0.02935270805812419
0 0.4391842900302115 0.16072655217965653 0.04588116817724063 0.02788639365918096
0 0.5057603222557906 0.1555878467635403 0.07384692849949646 0.0352311756935271
0 0.8414501510574017 0.0623778071334214 0.049234642497482474 0.07779392338177013
0 0.9057804632426989 0.06458388375165125 0.041399798590130814 0.07339498018494056
0 0.9667673716012085 0.0623778071334214 0.05147029204431007 0.06898282694848085
0 0.9046626384692851 0.1526552179656539 0.030211480362537766 0.026420079260237782
0 0.9639677744209466 0.1541215323645971 0.050352467270896276 0.020554821664464998
0 0.9807552870090634 0.4036459709379128 0.02349446122860013 0.044029062087186314
0 0.9566968781470292 0.5291413474240423 0.07832829808660621 0.03376486129458381
0 0.972920443101712 0.6362879788639366 0.01678751258811689 0.027886393659180997
0 0.9740382678751259 0.7074768824306472 0.030211480362537766 0.03816380449141361
0 0.5824068479355489 0.7948084544253632 0.01678751258811689 0.027886393659180844
0 0.6489828801611279 0.7955350066050199 0.02237663645518633 0.02055482166446492
0 0.5740181268882175 0.9584676354029061 0.038046324269889194 0.058705416116248424
0 0.6970996978851964 0.9555217965653897 0.18798590130916423 0.07044914134742394
0 0.892356495468278 0.9547952443857332 0.19133937562940584 0.06605019815059446
2 0.3149848942598187 0.05870541611624835 0.3636555891238671 0.05870541611624835
2 0.771510574018127 0.63554821664465 0.4240785498489425 0.038163804491413454
2 0.1683987915407855 0.2150330250990753 0.13986908358509564 0.027886393659180997
2 0.31722054380664655 0.22017173051519154 0.13763343403826783 0.029352708058124136