0 0.7874658573596359 0.04763520678685048 0.07302731411229135 0.0330965005302227
0 0.7089377845220031 0.04790031813361612 0.06771623672230652 0.03786850477200425
0 0.5712291350531108 0.04286320254506893 0.03509104704097117 0.0426405090137858
3 0.9127465857359636 0.542948038176034 0.07587253414264036 0.9141039236479321
3 0.061267071320182095 0.26634146341463416 0.07169954476479515 0.35662778366914105
2 0.43769347496206373 0.044188759278897136 0.3067147192716237 0.05589607635206788
0 0.31421092564491654 0.5965959703075292 0.05595599393019727 0.03240721102863197
0 0.5662974203338391 0.5956733828207847 0.05557663125948407 0.026309650053022212
0 0.8199013657056147 0.5954082714740191 0.05823216995447648 0.03214209968186633
0 0.6744157814871017 0.11084835630965005 0.03660849772382398 0.025917285259809117
0 0.7204097116843703 0.11084835630965005 0.03566009104704097 0.025917285259809117
0 0.7727617602427921 0.11125132555673382 0.05690440060698027 0.02248144220572639
0 0.8337481031866465 0.11125132555673382 0.05178300455235205 0.02248144220572639