1 0.907712895377129 0.044782608695652176 0.08829683698296828 0.05470035252643948
1 0.8036577453365774 0.044782608695652176 0.09584752635847532 0.03333725029377204
1 0.12091646390916465 0.6115393654524088 0.21234387672343877 0.0558754406580493
0 0.05180048661800487 0.1489189189189189 0.0851581508515815 0.02796709753231492
0 0.045806974858069754 0.18430082256169214 0.06764801297648013 0.023960047003525248
0 0.03843471208434712 0.21888366627497063 0.04553122465531225 0.026886016451233837
0 0.03391727493917275 0.2510575793184489 0.03833738848337388 0.02927144535840191
0 0.036220600162206 0.2833725029377203 0.03373073803730738 0.023396004700352555
0 0.03760746147607461 0.3210223266745006 0.05309002433090024 0.02819036427732081
0 0.035393349553933494 0.3598707403055229 0.05603406326034063 0.03325499412455929
0 0.028483373884833737 0.39565217391304347 0.032992700729927 0.03645123384253817
0 0.04313868613138686 0.4282256169212691 0.05677210056772101 0.024688601645123372
0 0.02894566098945661 0.47296122209165686 0.03207623682076237 0.028683901292596906
1 0.05944849959448499 0.8789776733254994 0.10230332522303326 0.030963572267919987
1 0.043503649635036494 0.9152878965922444 0.07225466342254663 0.03309048178613406
1 0.05935928629359286 0.9517391304347825 0.11133008921330088 0.02694477085781441
1 0.06912408759124088 0.9851586368977674 0.11981346309813462 0.029682726204465323
2 0.09649635036496351 0.6721621621621622 0.15796431467964314 0.05746180963572279
2 0.09926196269261961 0.8283666274970624 0.16718572587185726 0.049412455934195014
0 0.2089375506893755 0.82689776733255 0.03630981346309812 0.05501762632197407
0 0.2076480129764801 0.6736310223266745 0.03742092457420924 0.051856639247943724
0 0.9254987834549879 0.7662867215041128 0.02618004866180065 0.04274970622796723
0 0.7443957826439579 0.7629494712103407 0.02709651257096519 0.046756756756756716
0 0.5612733171127331 0.7653466509988248 0.027648012976480063 0.04728554641598121
0 0.38063260340632604 0.7646886016451234 0.027648012976480157 0.0352761457109283
0 0.37943227899432275 0.28029377203290246 0.0270965125709651 0.04289071680376025
0 0.5621897810218978 0.2762867215041128 0.0258069748580697 0.04555816686251467
0 0.7426439578264395 0.2801645123384254 0.02912408759124094 0.040481786133960036
0 0.9253122465531225 0.27842538190364274 0.029497161394971525 0.04128084606345475