0 0.5301112877583466 0.9595548317046688 0.42627186009538953 0.05428881650380022
1 0.3875198728139905 0.6765798045602606 0.11526232114467408 0.025787187839305104
1 0.41087440381558027 0.6263626492942453 0.16196343402225755 0.028501628664495113
1 0.3914944356120827 0.5741042345276873 0.075516693163752 0.024429967426710098
1 0.5236486486486487 0.5727470141150923 0.06558028616852146 0.024429967426710098
1 0.6587837837837838 0.5747882736156352 0.06160572337042925 0.028501628664495113
1 0.44863275039745626 0.5252442996742671 0.23748012718600953 0.024429967426710098
1 0.417329093799682 0.4763843648208469 0.17289348171701113 0.02985884907709012
1 0.4208108108108108 0.42752442996742673 0.1818362480127186 0.03257328990228013
1 0.424785373608903 0.3725624321389794 0.1818362480127186 0.023072747014115092
1 0.40689984101748805 0.32098805646036915 0.15401430842607314 0.028501628664495113
1 0.36516693163751984 0.26465798045602607 0.07054848966613672 0.019001085776330078