0 0.13969849246231156 0.15845070422535212 0.062311557788944726 0.038028169014084505
0 0.20301507537688443 0.15492957746478872 0.02814070351758794 0.030985915492957747
0 0.24623115577889448 0.1556338028169014 0.03015075376884422 0.02676056338028169
0 0.30402010050251255 0.14859154929577464 0.06331658291457286 0.04366197183098591
0 0.37386934673366834 0.16056338028169015 0.03819095477386935 0.028169014084507043
0 0.42512562814070354 0.15845070422535212 0.044221105527638194 0.02676056338028169
0 0.49698492462311555 0.15 0.05728643216080402 0.023943661971830985
0 0.8256281407035176 0.05563380281690141 0.053266331658291456 0.08028169014084507
0 0.8884422110552764 0.06338028169014084 0.05025125628140704 0.0676056338028169
0 0.957286432160804 0.06690140845070422 0.053266331658291456 0.07464788732394366
0 0.8814070351758794 0.15704225352112677 0.05025125628140704 0.02112676056338028
0 0.9467336683417086 0.1563380281690141 0.04824120603015075 0.028169014084507043
0 0.9703517587939698 0.3852112676056338 0.019095477386934675 0.02676056338028169
0 0.5718592964824121 0.7577464788732394 0.02814070351758794 0.03380281690140845
0 0.6376884422110553 0.7570422535211268 0.02914572864321608 0.04366197183098591
0 0.9552763819095478 0.7183098591549296 0.017085427135678392 0.016901408450704224
0 0.5683417085427136 0.9338028169014084 0.04120603015075377 0.056338028169014086
0 0.6914572864321608 0.9330985915492958 0.18693467336683417 0.057746478873239436
0 0.8854271356783919 0.9338028169014084 0.19095477386934673 0.0647887323943662
0 0.04824120603015075 0.3126760563380282 0.07035175879396985 0.08450704225352113
2 0.3085427135678392 0.057746478873239436 0.3577889447236181 0.05352112676056338
1 0.7628140703517587 0.6471830985915493 0.43417085427135677 0.04366197183098591