0 0.3715268456375839 0.06712777191129884 0.04793624161073824 0.10106652587117211
0 0.43145134228187915 0.06712777191129884 0.04074664429530201 0.08900739176346358
0 0.49017617449664425 0.06486800422386485 0.05512583892617453 0.09352692713833156
0 0.5489010067114094 0.06938753959873284 0.052734899328858977 0.1025765575501584
0 0.6064261744966443 0.061847940865892286 0.04314597315436247 0.09352692713833156
0 0.6663506711409396 0.06109820485744456 0.045545302013422787 0.09503695881731784
0 0.72626677852349 0.06109820485744456 0.052734899328858977 0.09805702217529037
0 0.7838003355704698 0.06938753959873284 0.04314597315436247 0.09956705385427665
0 0.8413255033557048 0.0663780359028511 0.05033557046979875 0.09352692713833156
0 0.90125 0.0641077085533263 0.04074664429530215 0.09503695881731784
0 0.9575755033557047 0.06486800422386484 0.050335570469798654 0.09050686378035902
0 0.06531879194630873 0.18404435058078142 0.09468120805369126 0.03921858500527982
0 0.16538590604026845 0.18554382259767688 0.09108221476510067 0.045258711721224934
0 0.2744463087248322 0.18479408658922913 0.10067114093959731 0.03770855332629354
0 0.061124161073825505 0.32357972544878566 0.028766778523489925 0.04072861668426615
0 0.0970721476510067 0.3273495248152059 0.03595637583892616 0.03620908130939806
0 0.12943791946308725 0.3273495248152059 0.026367449664429537 0.03921858500527982
0 0.16658557046979866 0.32281942977824707 0.0191778523489933 0.012069693769799314
0 0.18995805369127516 0.32131995776135164 0.017978187919463092 0.021119324181626188
0 0.21093120805369128 0.31980992608236536 0.0191778523489933 0.015089757127771873
0 0.2372986577181208 0.32508975712777194 0.021568791946308754 0.01658922914466741
0 0.2564681208053691 0.32432946145723335 0.011988255033557016 0.015089757127771873
0 0.053934563758389266 0.47669482576557554 0.04314597315436242 0.03921858500527982
0 0.09407718120805371 0.47593453009503695 0.03235738255033558 0.04374868004223859
0 0.1360234899328859 0.4774445617740232 0.02995805369127515 0.037708553326293595
0 0.17018456375838928 0.47669482576557554 0.0191778523489933 0.01809926082365363
0 0.1929530201342282 0.47669482576557554 0.016778523489932886 0.015089757127771873
0 0.21452181208053694 0.4774445617740232 0.01677852348993291 0.022629355860612408
0 0.2360989932885906 0.4789545934530095 0.021568791946308754 0.013579725448785654
0 0.26066275167785236 0.47593453009503695 0.017978187919463047 0.01658922914466741
0 0.2828355704697986 0.47593453009503695 0.0191778523489933 0.01658922914466741
0 0.30500838926174495 0.47593453009503695 0.013179530201342313 0.01658922914466741
0 0.5506963087248322 0.3205596620908131 0.03475671140939603 0.037708553326293595
0 0.587248322147651 0.3220696937697994 0.03355704697986577 0.04072861668426615
0 0.622005033557047 0.3220696937697994 0.031157718120805453 0.04072861668426615
0 0.6639513422818791 0.32357972544878566 0.014379194630872567 0.01658922914466741
0 0.6831291946308724 0.32357972544878566 0.016778523489932886 0.013579725448785654
0 0.7041023489932886 0.3220696937697994 0.01797818791946314 0.019609292502639968
0 0.7268708053691275 0.32281942977824707 0.015578859060402631 0.015089757127771873
0 0.7514345637583892 0.32432946145723335 0.016778523489932886 0.01809926082365363
0 0.7796057046979865 0.3258394931362196 0.02037751677852346 0.021119324181626188
0 0.8041694630872483 0.32357972544878566 0.016778523489932886 0.013579725448785654
0 0.5506963087248322 0.4744350580781415 0.03475671140939603 0.04374868004223859
0 0.5896476510067115 0.4744350580781415 0.026367449664429582 0.04072861668426615
0 0.625 0.4782048574445618 0.025167785234899327 0.042238648363252376
0 0.6633473154362416 0.47669482576557554 0.013179530201342313 0.021119324181626188
0 0.6837248322147651 0.4782048574445618 0.015578859060402631 0.01809926082365363
0 0.7052936241610739 0.4789545934530095 0.01797818791946314 0.01658922914466741
0 0.7292701342281879 0.4789545934530095 0.02037751677852346 0.01658922914466741
0 0.7544379194630872 0.4782048574445618 0.01797818791946314 0.015089757127771873
0 0.7760067114093959 0.4774445617740232 0.01797818791946314 0.013579725448785654
0 0.7957802013422819 0.4797148891235481 0.016778523489932886 0.015089757127771873
0 0.06052013422818792 0.8040443505807814 0.032357382550335566 0.039218585005279936
0 0.09527684563758389 0.8032840549102429 0.029958053691275164 0.040728616684266035
0 0.13182885906040268 0.8017845828933474 0.035956375838926184 0.037708553326293595
0 0.17018456375838928 0.8040443505807814 0.014379194630872472 0.01809926082365375
0 0.19235738255033558 0.8032840549102429 0.017978187919463092 0.019609292502639847
0 0.2151258389261745 0.8017845828933474 0.017978187919463068 0.01658922914466741
0 0.24029362416107383 0.8025343189017952 0.015578859060402727 0.01809926082365375
0 0.26066275167785236 0.8040443505807814 0.013179530201342313 0.01809926082365375
0 0.28104026845637586 0.8040443505807814 0.02037751677852346 0.01809926082365375
0 0.30561241610738255 0.8017845828933474 0.014379194630872472 0.019609292502639847
0 0.5482969798657719 0.8055543822597677 0.0299580536912752 0.03620908130939806
0 0.5848489932885906 0.8040443505807814 0.035956375838926094 0.03318901795142562
0 0.6255956375838927 0.8085638859556494 0.03355704697986577 0.03620908130939806
0 0.6603523489932885 0.8063041182682155 0.016778523489932886 0.013579725448785534
0 0.6831291946308724 0.8010242872228089 0.011988255033557016 0.015089757127771873
0 0.7010989932885906 0.8047940865892291 0.021568791946308754 0.01658922914466741
0 0.05932046979865771 0.977518479408659 0.032357382550335566 0.03620908130939806
0 0.0964765100671141 0.9760190073917634 0.03715604026845638 0.039218585005279936
0 0.1366275167785235 0.9767687434002112 0.016778523489932886 0.013579725448785534
0 0.1593959731543624 0.9737486800422386 0.0191778523489933 0.019609292502639847
0 0.5512919463087248 0.955649419218585 0.031157718120805453 0.040728616684266035
0 0.5878439597315437 0.9571594508975713 0.03475671140939603 0.040728616684266035
0 0.625 0.9571594508975713 0.01797818791946314 0.019609292502639847
0 0.6483724832214766 0.957909186906019 0.009588926174496698 0.012069693769799434
0 0.019177852348993288 0.6124604012671595 0.019177852348993288 0.015089757127771873
3 0.4985654362416107 0.6147201689545935 0.9563758389261745 0.14330517423442454
2 0.17197986577181207 0.08673706441393876 0.3032130872483222 0.043748680042238655