1 0.6504904831625185 0.6016613756613757 0.37649341142020504 0.015121693121693083
1 0.6525841874084919 0.4913121693121693 0.38276720351390914 0.027206349206349244
1 0.808411420204978 0.45124867724867723 0.06274524158125917 0.019650793650793703
0 0.06797950219619327 0.195015873015873 0.07111273792093706 0.030232804232804226
0 0.06431918008784772 0.24112169312169313 0.07215959004392385 0.03477248677248679
0 0.06483894582723279 0.284962962962963 0.0690263543191801 0.028719576719576704
0 0.06588579795021962 0.3325820105820106 0.06274524158125913 0.030232804232804285
0 0.07791361639824305 0.3711216931216931 0.0700658857979502 0.028719576719576704
0 0.8078843338213763 0.36885714285714283 0.06797950219619336 0.033259259259259204
0 0.19504392386530015 0.44747089947089946 0.05124450951683748 0.06953439153439157
0 0.2483821376281113 0.4504867724867725 0.047064421669106855 0.06953439153439157
0 0.30537335285505124 0.4504867724867725 0.04810395314787704 0.06953439153439157
0 0.3655124450951684 0.4542751322751323 0.057518301610541764 0.08011640211640216
0 0.5087847730600292 0.8783068783068783 0.0951683748169839 0.07558730158730166
0 0.6332357247437774 0.8835978835978836 0.14327232796486095 0.06500529100529107
0 0.7827891654465593 0.8737671957671959 0.13281844802342602 0.06953439153439157
0 0.7383382137628112 0.640962962962963 0.031376281112737846 0.018137566137566244
0 0.6834333821376282 0.052158730158730154 0.07634699853587112 0.040814814814814825
0 0.7597803806734992 0.045354497354497356 0.047064421669106855 0.0393015873015873
0 0.8643557833089313 0.04459259259259259 0.05751830161054185 0.037788359788359795
0 0.8873645680819913 0.23355555555555554 0.06588579795021962 0.15570370370370365
0 0.8915519765739385 0.4255449735449735 0.05751830161054185 0.1405925925925926
0 0.8873645680819913 0.600910052910053 0.05751830161054185 0.13756613756613756
0 0.8837042459736457 0.7679470899470899 0.06065885797950229 0.13302645502645508
0 0.8329868228404099 0.5600952380952381 0.009414348462664807 0.007555555555555662
2 0.4272108345534407 0.03855026455026455 0.2896852122986823 0.04686772486772488