0 0.3055695067264574 0.274036850921273 0.10635874439461886 0.07003350083752094
0 0.4215964125560538 0.2748241206030151 0.10299551569506729 0.07370184254606366
0 0.5419013452914798 0.2753433835845896 0.08996412556053807 0.07264656616415412
0 0.6524663677130045 0.2779564489112228 0.10089686098654709 0.05695142378559464
0 0.7691300448430494 0.274036850921273 0.10300448430493266 0.05956448911222781
0 0.8862780269058297 0.2741708542713568 0.1018834080717488 0.07239530988274712
0 0.0740627802690583 0.21423785594639866 0.09178475336322871 0.030016750418760497
0 0.06628699551569506 0.2528475711892797 0.08604484304932736 0.03391959798994975
0 0.060887892376681615 0.2872529313232831 0.07104932735426009 0.035745393634840826
0 0.07742600896860986 0.32415410385259635 0.10972197309417041 0.029983249581239494
0 0.06446636771300449 0.3614405360134003 0.08520179372197309 0.031273031825795675
0 0.05226905829596413 0.39586264656616416 0.05801793721973094 0.03309882747068675
0 0.04869955156950673 0.4894137353433836 0.06628699551569506 0.04222780569514244
0 0.0757488789237668 0.5634673366834171 0.12317488789237668 0.0458793969849246
0 0.5925650224215246 0.6728475711892797 0.29918385650224205 0.10969849246231157