0 0.8346712802768166 0.2423383620689655 0.0625 0.02711206896551727
0 0.6983131487889274 0.2427478448275862 0.08607266435986159 0.03438577586206899
0 0.5709342560553633 0.24422413793103448 0.06920415224913495 0.03950431034482755
0 0.4491782006920415 0.24557112068965517 0.09818339100346021 0.031422413793103475
0 0.3213667820069204 0.23951508620689657 0.09775086505190311 0.0408512931034483
0 0.19280276816608996 0.24786637931034483 0.08499134948096886 0.02953663793103451
0 0.19410034602076123 0.2906896551724138 0.061634948096885814 0.02467672413793101
0 0.1902076124567474 0.33270474137931033 0.11440311418685122 0.0268103448275862
0 0.3193166089965398 0.33742456896551726 0.10012975778546712 0.03623922413793103
0 0.4495069204152249 0.3329741379310345 0.10099480968858132 0.03165948275862068
0 0.5789359861591695 0.335 0.08953287197231834 0.024924568965517237
0 0.7028546712802768 0.33512931034482757 0.06487889273356401 0.027349137931034478
0 0.8313148788927336 0.2896120689655172 0.11418685121107267 0.026831896551724112
0 0.7058823529411765 0.28826508620689656 0.09688581314878893 0.024137931034482734
0 0.5734256055363322 0.28988146551724137 0.08499134948096886 0.031681034482758594
0 0.4505882352941176 0.2878663793103448 0.07288062283737025 0.02764008620689653
0 0.32158304498269896 0.2888038793103448 0.09385813148788927 0.0338362068965517
3 0.9480968858131488 0.609375 0.07785467128027682 0.78125
3 0.07407439446366781 0.5767025862068965 0.07677335640138408 0.7130711206896552
3 0.4995674740484429 0.10146551724137931 0.9991349480968859 0.20292025862068966