0 0.927012791572611 0.09103225806451612 0.10684725357411588 0.04591397849462365
0 0.8270353649360422 0.09090322580645162 0.07994732881866065 0.043494623655914
3 0.8777276147479308 0.5639784946236559 0.19939804364183597 0.8720430107526882
0 0.6337471783295711 0.08875268817204301 0.07336343115124154 0.03704301075268819
0 0.5569977426636569 0.09103225806451612 0.0726109857035365 0.035161290322580634
0 0.47667419112114373 0.08821505376344087 0.07148231753197894 0.02736559139784945
0 0.40002257336343117 0.0911720430107527 0.06866064710308503 0.0268279569892473
0 0.31997742663656886 0.08982795698924732 0.04025583145221971 0.02413978494623655
0 0.2605342362678706 0.08834408602150537 0.04928517682468021 0.029784946236559126
0 0.19281414597441685 0.08955913978494624 0.056809631301730626 0.030053763440860203
0 0.14014296463506395 0.08848387096774195 0.03423626787057938 0.0322043010752688
0 0.549849510910459 0.030956989247311828 0.018434913468773514 0.028989247311827955
2 0.336719337848006 0.03324731182795699 0.4687735139202408 0.04861290322580646
0 0.05841234010534236 0.09090322580645162 0.08333333333333333 0.043494623655914
1 0.7202784048156509 0.22004301075268815 0.06583897667419113 0.02436559139784949
1 0.6492701279157261 0.2208494623655914 0.057373965387509406 0.028129032258064544
1 0.6889616252821671 0.15298924731182795 0.05775018811136193 0.03218279569892474
0 0.7402182091798345 0.5561505376344086 0.02294958615500376 0.03206451612903225
0 0.5956583897667419 0.5564301075268817 0.02163280662151994 0.02616129032258063
0 0.4503386004514673 0.555483870967742 0.018811136192626036 0.019978494623655897
0 0.30812641083521447 0.5568279569892474 0.020316027088036117 0.02266666666666665
0 0.16224981188863807 0.5572258064516129 0.020127915726109856 0.02991397849462365
0 0.7373965387509406 0.9499139784946236 0.021068472535741158 0.03464516129032261
0 0.5951843491346878 0.9481720430107526 0.022573363431151242 0.035451612903225835
0 0.45024830699774265 0.9526021505376344 0.02802859292701279 0.029268817204301106
0 0.30803611738148984 0.951258064516129 0.02200902934537246 0.026580645161290353
0 0.1611211437170805 0.9511290322580644 0.017870579382994734 0.024161290322580676
0 0.4088638073739654 0.2205806451612903 0.035553047404063204 0.023290322580645187
0 0.354778028592927 0.21923655913978493 0.05342362678705794 0.031354838709677445
0 0.2884725357411588 0.22246236559139784 0.05812641083521445 0.02490322580645164
0 0.2266741911211437 0.22086021505376344 0.04928517682468021 0.017387096774193565
0 0.1617757712565839 0.22219354838709676 0.051166290443942816 0.020064516129032286
0 0.20269375470278406 0.1503010752688172 0.06715575620767494 0.026806451612903234
0 0.3207298720842739 0.15406451612903227 0.09443190368698269 0.030032258064516135
0 0.44780285929270125 0.15016129032258066 0.10214446952595936 0.024387096774193557
0 0.5118510158013544 0.9860645161290322 0.06282919488337095 0.018774193548387136
0 0.6516177577125658 0.5577634408602151 0.0526711813393529 0.028838709677419347
0 0.5062076749435666 0.5565591397849463 0.05154251316779534 0.028569892473118273
0 0.36211437170805116 0.5552150537634409 0.04928517682468021 0.025892473118279552
0 0.21868322046651617 0.5560215053763441 0.050225733634311515 0.029645161290322575
0 0.0728969149736644 0.5600537634408602 0.04834462001504891 0.02695698924731182
0 0.6524680210684726 0.9524731182795698 0.05248306997742664 0.026849462365591426
0 0.5065838976674191 0.9505913978494623 0.052294958615500375 0.025236559139784974
0 0.36380737396538754 0.9535483870967741 0.04890895410082769 0.024698924731182827
0 0.21830699774266366 0.9511290322580644 0.04947328818660647 0.024161290322580676
0 0.0728969149736644 0.953010752688172 0.04834462001504891 0.025774193548387125
0 0.07919488337095561 0.9860645161290322 0.06282919488337095 0.018774193548387136
0 0.7530097817908201 0.15123655913978495 0.018434913468773514 0.022236559139784954
0 0.7339202407825433 0.1527204301075269 0.01598946576373213 0.027344086021505384