0 0.05624895572263993 0.03774826789838337 0.03312447786131997 0.05782909930715935
2 0.36314954051796156 0.035854503464203234 0.3190142021720969 0.05114318706697459
0 0.5052213868003341 0.035912240184757506 0.03298245614035089 0.04838337182448036
0 0.8594987468671679 0.038348729792147804 0.08364243943191302 0.03303695150115473
0 0.9291729323308271 0.03348729792147806 0.03919799498746873 0.063729792147806
0 0.8931913116123643 0.09304849884526559 0.13014202172096917 0.044295612009237866
0 0.05297410192147034 0.09463048498845265 0.02448621553884712 0.035900692840646654
0 0.10802840434419382 0.09108545034642032 0.05105263157894738 0.040369515011547355
0 0.1830576441102757 0.09659353348729793 0.05282372598162073 0.03983833718244804
0 0.25619883040935676 0.09443418013856814 0.0508103592314119 0.04416859122401848
0 0.3323642439431913 0.09121247113163972 0.06739348370927314 0.0348498845265589
0 0.7746449456975772 0.1583256351039261 0.05595655806182123 0.04494226327944575
0 0.9131746031746031 0.15760969976905312 0.04271512113617386 0.04638568129330256
0 0.9798496240601504 0.33249422632794456 0.040300751879699066 0.09016166281755197
0 0.015054302422723475 0.3418706697459584 0.03010860484544695 0.10025404157043882
3 0.19020885547201338 0.3389838337182448 0.29477025898078535 0.22148960739030027
3 0.49551378446115285 0.3389838337182448 0.2934419381787803 0.22148960739030027
3 0.7996825396825397 0.33629330254041573 0.2981787802840435 0.21899538106235564
0 0.08026733500417713 0.8333833718244804 0.07555555555555557 0.13975750577367202
0 0.07917293233082706 0.6861200923787528 0.06370927318295741 0.13348729792147795
0 0.0810609857978279 0.5381293302540415 0.06169590643274852 0.13109699769053115
0 0.1557644110275689 0.8346420323325635 0.072046783625731 0.13975750577367202
0 0.15642439431913116 0.687378752886836 0.06370927318295738 0.13348729792147795
0 0.158312447786132 0.5393879907621247 0.061695906432748554 0.13109699769053115
0 0.23126148705096072 0.8383371824480369 0.0702923976608187 0.13975750577367202
0 0.23279866332497914 0.6910739030023095 0.06370927318295738 0.13348729792147795
0 0.23468671679197997 0.5430831408775982 0.061695906432748554 0.1310969976905312
0 0.3080701754385965 0.835958429561201 0.0729239766081871 0.13975750577367202
0 0.3084294068504595 0.5443418013856812 0.061695906432748554 0.13109699769053115
0 0.30654135338345867 0.6923325635103925 0.06370927318295738 0.13348729792147795
0 0.3839264828738513 0.5395381062355659 0.06520467836257306 0.13109699769053115
0 0.3833500417710944 0.6875288683602772 0.06984962406015038 0.13348729792147795
0 0.45591478696741855 0.5383718244803696 0.06520467836257306 0.13109699769053115
0 0.4553383458646616 0.6863625866050809 0.06984962406015034 0.13348729792147795
0 0.5322890559732665 0.5372170900692841 0.06520467836257306 0.13109699769053115
0 0.5317126148705097 0.6852078521939954 0.06984962406015029 0.13348729792147795
0 0.6086633249791145 0.5360508083140878 0.06520467836257306 0.13109699769053115
0 0.6080868838763576 0.6840415704387991 0.06984962406015029 0.13348729792147795
0 0.6832832080200502 0.5360969976905312 0.06520467836257306 0.13109699769053115
0 0.6827067669172933 0.6840877598152425 0.06984962406015029 0.13348729792147795
0 0.7579030910609859 0.5361547344110855 0.06520467836257306 0.1310969976905312
0 0.7573266499582288 0.6841454965357968 0.06984962406015029 0.13348729792147795
0 0.831203007518797 0.5386258660508084 0.06959064327485386 0.1310969976905312
0 0.8328237259816207 0.6866166281755196 0.06984962406015029 0.13348729792147795
0 0.9097744360902256 0.5386836027713626 0.06520467836257325 0.13109699769053115
0 0.9091979949874687 0.6866743648960739 0.06984962406015048 0.13348729792147795