3 0.501457242582897 0.15022535211267604 0.997085514834206 0.23747887323943664
3 0.5119284467713787 0.14625352112676057 0.29861256544502623 0.15440845070422535
3 0.8244240837696335 0.14781690140845072 0.29921465968586397 0.15128169014084505
0 0.9441186736474695 0.3875070422535211 0.08097731239092512 0.06729577464788729
0 0.036762652705061086 0.5857323943661972 0.03473821989528796 0.06623943661971828
0 0.9720157068062828 0.5881549295774647 0.03399650959860387 0.0585633802816902
0 0.07584642233856893 0.7647605633802818 0.07993891797556718 0.058084507042253535
0 0.267783595113438 0.7649014084507043 0.08375218150087262 0.05211267605633803
0 0.45858638743455493 0.7663239436619719 0.07752181500872599 0.054957746478873214
0 0.6524171029668412 0.7626197183098592 0.07930191972076779 0.05381690140845075
0 0.8411431064572427 0.7609154929577465 0.08250436300174516 0.06291549295774658
0 0.94478184991274 0.7646901408450704 0.05321116928446773 0.061070422535211125
0 0.753673647469459 0.7640422535211268 0.05301047120418848 0.05666197183098594
0 0.5629668411867365 0.7626197183098592 0.055541012216404964 0.05381690140845075
0 0.37102966841186735 0.7648309859154929 0.05172774869109945 0.05509859154929562
0 0.1800174520069808 0.7641830985915493 0.04781849912739966 0.05069014084507043
0 0.19526178010471204 0.8180985915492958 0.02789703315881324 0.03957746478873227
0 0.386413612565445 0.8201690140845072 0.026247818499127436 0.04683098591549296
0 0.5783944153577661 0.819450704225352 0.028219895287958045 0.04540845070422536
0 0.7698516579406631 0.8208732394366198 0.03300174520069803 0.04825352112676055
0 0.9606020942408376 0.8188169014084508 0.028621291448516738 0.040999999999999856