3 0.3485251396648045 0.08465845464725644 0.5035530726256983 0.1693057110862262
0 0.5364469273743017 0.12232922732362822 0.07694972067039113 0.046517357222844335
0 0.8679553072625699 0.1925531914893617 0.14321787709497213 0.058712206047032485
0 0.7244804469273742 0.19039193729003362 0.13560893854748615 0.06049272116461364
0 0.564 0.9293729003359462 0.109195530726257 0.037883538633818506
0 0.4437541899441341 0.9277155655095185 0.1099553072625698 0.038656215005599084
1 0.3688491620111732 0.3075811870100784 0.22930726256983242 0.022038073908174634
2 0.542413407821229 0.4185106382978724 0.5789720670391061 0.17671892497200442
0 0.1452513966480447 0.19421052631578947 0.10969832402234637 0.027413213885778297
0 0.28694972067039104 0.19179171332586786 0.12900558659217878 0.03479283314669652
0 0.42521787709497205 0.19650615901455765 0.1185921787709497 0.038096304591265374
0 0.5792290502793296 0.1925531914893617 0.1498212290502793 0.0383538633818589