2 0.34075746540422436 0.04554729011689692 0.4505243991260014 0.04554729011689691
0 0.1503495994173343 0.10399574920297555 0.040575382374362694 0.0379489904357067
0 0.21069919883466862 0.10323060573857598 0.057225054624908976 0.027321997874601496
0 0.27364166059723233 0.10626992561105207 0.05202476329206114 0.03036131774707757
0 0.33087399854333577 0.10247608926673753 0.03537509104151497 0.022773645058448467
0 0.40786598689002185 0.10020191285866101 0.07283321194464676 0.033400637619553676
0 0.47549890750182083 0.10020191285866101 0.06450837581937359 0.033400637619553676
0 0.5566569555717407 0.10247608926673753 0.07075018208302994 0.022773645058448467
0 0.6279242534595776 0.10095642933049948 0.05306627822286956 0.019734325185972363
0 0.8204151493080846 0.10247608926673753 0.06970866715222145 0.028841657810839517
0 0.9156154406409324 0.10020191285866101 0.09988346686088848 0.039468650371944754
0 0.08635833940276766 0.42887353878852286 0.04994173343044428 0.028841657810839517
0 0.23254916241806264 0.4303931987247609 0.03849963583394029 0.022773645058448404
0 0.3683248361252731 0.42963868225292245 0.045782957028404965 0.02429330499468652
0 0.5077494537509104 0.42432518597236984 0.04578295702840488 0.022773645058448404
0 0.6471740713765477 0.4265993623804463 0.043699927166788055 0.01821466524973431
0 0.17792425345957757 0.4258342189160467 0.02497450837581939 0.016695005313496318
0 0.31838310269482883 0.43114771519659933 0.03121631463947561 0.01821466524973431
0 0.4541660597232338 0.4303931987247609 0.02393299344501085 0.022773645058448404
0 0.6008739985433358 0.43114771519659933 0.021849963583394028 0.015185972369819303
0 0.7335324107793153 0.42735387885228476 0.022891478514202524 0.019734325185972422
0 0.5061908230152949 0.46454835281615303 0.05514202476329209 0.01821466524973431
0 0.09624180626365622 0.4675876726886291 0.0697086671522214 0.01821466524973431