2 0.5569585798816568 0.41883506343713955 0.6168639053254438 0.16868512110726644
1 0.363905325443787 0.3128604382929642 0.23668639053254437 0.020184544405997693
0 0.11538461538461539 0.20113033448673587 0.12130177514792899 0.04469434832756632
0 0.2781065088757396 0.20040369088811996 0.14201183431952663 0.040369088811995385
0 0.42973964497041417 0.197520184544406 0.14349112426035504 0.0461361014994233
0 0.584319526627219 0.20328719723183392 0.16863905325443787 0.05190311418685121
0 0.7366863905325444 0.19607843137254902 0.13313609467455623 0.0461361014994233
0 0.8957159763313609 0.197520184544406 0.14940828402366865 0.05767012687427912
0 0.4378698224852071 0.9566089965397924 0.11834319526627218 0.05046136101499423
0 0.561396449704142 0.9566089965397924 0.10502958579881656 0.04181084198385236
0 0.4467455621301775 0.12760092272203 0.0650887573964497 0.03316032295271049
0 0.5303313609467456 0.12399077277970011 0.051775147928994084 0.03460207612456748
3 0.33136094674556216 0.08650519031141868 0.5207100591715976 0.16724336793540945