0 0.035839188134270096 0.39248226950354614 0.0290944574551132 0.06608156028368792
0 0.05109289617486339 0.6407092198581561 0.018454332552693214 0.04352836879432616
0 0.1000624512099922 0.6423226950354609 0.02412958626073381 0.04352836879432616
0 0.1795472287275566 0.643936170212766 0.03832162373145982 0.04352836879432616
0 0.1933879781420765 0.7076063829787234 0.013481654957064802 0.029007092198581583
0 0.24128805620608898 0.6423226950354609 0.017033567525370844 0.030620567375886493
0 0.2906088992974239 0.6415248226950354 0.019164715066354376 0.02579787234042545
0 0.3693832943013271 0.6407092198581561 0.04470725995316158 0.037074468085106324
0 0.3818032786885246 0.7035815602836879 0.017033567525370844 0.024184397163120545
0 0.42935206869633097 0.6407092198581561 0.02128805620608898 0.040301418439716345
0 0.48080405932864945 0.6390957446808511 0.020577673692427714 0.030620567375886493
0 0.5599297423887588 0.6455496453900709 0.03832162373145973 0.05319148936170213
0 0.5769633099141296 0.7027659574468086 0.0156128024980484 0.0161170212765958
0 0.6202576112412178 0.6382978723404256 0.0156128024980484 0.03546099290780142
0 0.6702888368462139 0.6399113475177305 0.020577673692427714 0.045124113475177384
0 0.7497658079625293 0.6390957446808511 0.04470725995316158 0.0628546099290781
0 0.7653786104605778 0.7076063829787234 0.016323185011709665 0.03546099290780142
0 0.8115144418423107 0.6390957446808511 0.0234192037470726 0.05319148936170213
0 0.8629586260733803 0.6399113475177305 0.02270882123341151 0.05803191489361705
0 0.9648009367681499 0.38845744680851063 0.019164715066354553 0.04512411347517729
0 0.9388992974238876 0.11524822695035461 0.05960967993754889 0.027393617021276587
0 0.9385402029664325 0.6415248226950354 0.03761124121779847 0.041914893617021255
0 0.9541530054644809 0.7100177304964539 0.010647931303668909 0.024184397163120545