0 0.16672432432432432 0.09596997690531178 0.10118918918918916 0.027771362586605095
0 0.2442378378378378 0.0967782909930716 0.03848648648648651 0.038233256351039274
0 0.3055459459459459 0.09782909930715936 0.0553405405405406 0.03812933025404158
0 0.38763243243243245 0.0967782909930716 0.09094054054054054 0.038233256351039274
0 0.4735351351351351 0.0942609699769053 0.06989189189189186 0.033198614318706694
0 0.5510918918918919 0.09471131639722863 0.06741621621621617 0.03632794457274828
0 0.622854054054054 0.09586605080831408 0.05956756756756747 0.03199769053117784
0 0.7061621621621622 0.09471131639722863 0.08517837837837834 0.03632794457274828
0 0.7861297297297297 0.09793302540415705 0.0647027027027026 0.03390300230946884
0 0.8588864864864865 0.09310623556581986 0.05675675675675676 0.037528868360277134
0 0.2592864864864865 0.16356812933025405 0.4833081081081081 0.045565819861431864
0 0.7458054054054054 0.1631177829099307 0.47136216216216215 0.04244803695150114
0 0.08515675675675675 0.23458429561200925 0.04381621621621622 0.03034642032332567
0 0.1284216216216216 0.2341339491916859 0.030799999999999994 0.0272286374133949
0 0.17063783783783784 0.2341339491916859 0.04058378378378381 0.0272286374133949
0 0.22058378378378377 0.23312933025404156 0.03680000000000002 0.025207852193995364
0 0.2703027027027027 0.2366512702078522 0.042908108108108106 0.03226327944572748
0 0.3211891891891892 0.2308083140877598 0.04100540540540535 0.03386836027713624