0 0.8060814249363868 0.03273495248152059 0.05268871925360466 0.034456177402323124
0 0.8548091603053436 0.032460401267159454 0.032646310432569985 0.037402323125659984
0 0.891153519932146 0.036779303062302 0.03263782866836303 0.036979936642027464
3 0.777752332485157 0.2213938753959873 0.2396183206106869 0.2463146779303062
0 0.7163698049194233 0.45911298838437165 0.10471586089906704 0.03687434002111928
0 0.8312383375742154 0.4582893347412883 0.10181509754028835 0.04125659978880681
0 0.7146564885496184 0.507233368532207 0.10373197625106018 0.03658922914466735
0 0.8179134860050891 0.5050475184794087 0.08001696352841384 0.03823653643083425
0 0.4856997455470738 0.2823653643083421 0.028693808312128862 0.03938753959873282
0 0.5204410517387617 0.28154171066525874 0.023061916878710818 0.043780359028511094
0 0.5519932145886344 0.2820168954593453 0.0304325699745548 0.05378035902851106
0 0.5826717557251908 0.2808553326293559 0.02634435962680233 0.04240760295670535
0 0.09404580152671756 0.03012671594508976 0.12265479219677694 0.04480464625131997