0 0.9504039408866994 0.03453527435610303 0.08038423645320189 0.03381858902575587
0 0.8870344827586207 0.033516237402015675 0.02082758620689665 0.02567749160134378
0 0.6659211822660098 0.03083986562150056 0.033142857142857245 0.028477043673012313
0 0.6100591133004927 0.03301231802911534 0.062472906403940966 0.026696528555431125
0 0.5426600985221675 0.029440089585666292 0.05754679802955673 0.03381858902575588
1 0.4807487684729064 0.03161254199328107 0.05239408866995069 0.03203807390817469
1 0.41782266009852215 0.03135498320268757 0.05642364532019702 0.027458006718924968
1 0.35513300492610833 0.03301231802911534 0.05642364532019702 0.026696528555431125
0 0.2851527093596059 0.03363941769316909 0.06202955665024634 0.027961926091825306
0 0.1861871921182266 0.08161254199328107 0.034256157635467965 0.015991041433370663
1 0.05643349753694581 0.16024636058230682 0.09493596059113302 0.026651735722284447
1 0.03750738916256158 0.19128779395296752 0.05933990147783252 0.025632698768197074
1 0.03672906403940887 0.29358342665173576 0.05552709359605912 0.024580067189249738
1 0.07075862068965516 0.32284434490481523 0.13256157635467983 0.022026875699887972
1 0.06482758620689655 0.34956326987681974 0.1139704433497537 0.024568868980963107
1 0.06460098522167487 0.37895856662933936 0.10904433497536946 0.024300111982082918
1 0.0474679802955665 0.4060582306830907 0.08598029556650245 0.023538633818589005
1 0.042995073891625615 0.43799552071668535 0.06806896551724138 0.0181858902575588
1 0.041428571428571426 0.463952967525196 0.06941871921182267 0.027334826427771523
1 0.05195073891625616 0.49589025755879057 0.08598029556650245 0.021982082866741318
1 0.046689655172413795 0.5231131019036954 0.08217733990147782 0.023505039193729014
1 0.07019704433497537 0.551993281075028 0.12471921182266012 0.024255319148936135
1 0.05340886699507389 0.582026875699888 0.09561576354679803 0.025263157894736783
1 0.04971428571428572 0.6102687569988802 0.08150738916256157 0.02474804031354973
1 0.06067980295566503 0.6373684210526316 0.10793103448275863 0.02397536394176941
1 0.04612807881773399 0.6662486002239643 0.08330049261083744 0.024736842105263068
1 0.06292610837438423 0.6956438969764838 0.11240394088669951 0.024468085106382875
1 0.055753694581280794 0.7241433370660694 0.09807881773399016 0.02853303471444571
1 0.058551724137931034 0.753023516237402 0.09247290640394089 0.019104143337066008
1 0.036610837438423645 0.7808846584546473 0.057546798029556645 0.03208286674132149
0 0.027990147783251228 0.8840761478163494 0.02463054187192118 0.026707726763717705
0 0.0665024630541872 0.8840761478163494 0.021044334975369464 0.026707726763717705
0 0.10524137931034482 0.8820380739081747 0.031349753694581275 0.030772676371780536
0 0.14498522167487685 0.8841993281075028 0.03247290640394087 0.02899216125419944
0 0.1846206896551724 0.8857334826427772 0.02665024630541873 0.025946248600224046
0 0.06628571428571428 0.9195744680851063 0.02508374384236454 0.024400895856662892
0 0.027428571428571424 0.9195744680851063 0.025753694581280785 0.024400895856662892