0 0.9675046904315197 0.025429553264604814 0.050318949343339574 0.03146620847651776
0 0.8992870544090056 0.02399770904925544 0.05031894934333968 0.03693012600229095
0 0.039455909943714826 0.02595647193585338 0.04050656660412759 0.030423825887743408
3 0.49906191369606 0.12943871706758306 0.99812382739212 0.1583161512027492
0 0.9611257035647279 0.24812142038946164 0.05628517823639775 0.04155784650630008
0 0.969437148217636 0.3500229095074456 0.05243902439024399 0.03293241695303551
1 0.5059287054409007 0.4295418098510882 0.9564165103189494 0.048270332187857944
0 0.966454033771107 0.7983848797250859 0.04988742964352716 0.03411225658648336
0 0.9634709193245778 0.8448453608247423 0.04733583489681054 0.03747995418098514
0 0.5515572232645404 0.9587285223367698 0.8685928705440902 0.05697594501718214
0 0.07099437148217637 0.9598969072164949 0.05245778611632271 0.03640320733104235
3 0.4748030018761726 0.8507101947308132 0.9052532833020638 0.04919816723940441
0 0.7436585365853658 0.6164375715922107 0.463921200750469 0.10131729667812148
0 0.25562851782363977 0.6176059564719358 0.4643527204502814 0.10158075601374578