0 0.9484478935698448 0.03106496272630458 0.0262379896526238 0.02526091586794462
0 0.9032742054693275 0.030394036208732694 0.033813747228381374 0.034568690095846635
0 0.8618847006651885 0.02973375931842386 0.024944567627494457 0.033248136315228966
0 0.815410199556541 0.027071352502662408 0.0262379896526238 0.03857294994675186
0 0.5536807095343681 0.10201277955271566 0.0663340724316334 0.03509052183173591
0 0.3541241685144124 0.030394036208732694 0.05155210643015521 0.034568690095846635
0 0.299150036954915 0.02893503727369542 0.035846267553584624 0.040159744408945694
0 0.24954175905395418 0.0274653887113951 0.034552845528455285 0.045750798722044725
0 0.19798965262379897 0.028796592119275825 0.03861788617886179 0.03776357827476038
0 0.14163340724316334 0.03106496272630458 0.047856614929785664 0.03589989350372738
0 0.08906134515890614 0.030926517571884984 0.025868440502586843 0.03350372736954206
0 0.04028085735402809 0.03199148029818956 0.031781226903178125 0.031373801916932904
0 0.8934811529933482 0.17973375931842386 0.09183296378418329 0.04996805111821088
0 0.7975831485587584 0.17733759318423856 0.0811160384331116 0.04943556975505859
0 0.7111973392461197 0.17653887113951014 0.06910569105691057 0.056357827476038354
0 0.6274944567627494 0.17987220447284347 0.0827790096082779 0.04171458998935039
0 0.5299334811529933 0.18214057507987222 0.057649667405764965 0.02921192758253462
0 0.45057649667405764 0.1805324813631523 0.07446415373244641 0.043045793397231115
0 0.35716925351071693 0.17987220447284347 0.10014781966001478 0.052364217252396185
0 0.2681079083518108 0.18120340788072417 0.06984478935698447 0.04437699680511184
0 0.19456762749445677 0.18120340788072417 0.06319290465631928 0.04437699680511184
0 0.1320251293422025 0.17653887113951014 0.0508130081300813 0.056357827476038354
0 0.07733185513673319 0.17933972310969118 0.05229120473022912 0.05342917997870076
0 0.8301921655580192 0.9284345047923322 0.23318551367331855 0.0457614483493078
0 0.49741315594974134 0.9284345047923322 0.23651145602365115 0.0457614483493078
0 0.16463414634146342 0.9264323748668796 0.23244641537324465 0.04176783812566563