0 0.07554945054945054 0.030676117775354412 0.06009615384615385 0.04498364231188658
0 0.11890796703296704 0.02862595419847328 0.035199175824175824 0.024536532170119956
0 0.17599587912087913 0.03476553980370774 0.054945054945054944 0.020447110141766627
0 0.2245054945054945 0.033402399127589966 0.03691620879120879 0.023173391494002177
0 0.28975274725274724 0.029312977099236637 0.06095467032967033 0.020447110141766627
0 0.3352541208791209 0.029312977099236637 0.033482142857142856 0.025899672846237728
0 0.38418956043956043 0.033402399127589966 0.026614010989010988 0.023173391494002177
0 0.4176717032967033 0.02794983642311886 0.026614010989010988 0.020447110141766627
0 0.4708997252747253 0.03135223555070883 0.05065247252747253 0.019083969465648856
0 0.6889629120879122 0.03271537622682661 0.06610576923076932 0.013631406761177753
0 0.7593612637362638 0.03203925845147219 0.03863324175824176 0.014994547437295525
0 0.7945604395604396 0.030676117775354412 0.028331043956043956 0.017720828789531077
0 0.8323351648351649 0.02862595419847328 0.02489697802197802 0.016357688113413305
0 0.8816964285714286 0.03271537622682661 0.04120879120879121 0.019083969465648856
0 0.9482348901098901 0.030676117775354412 0.0626717032967033 0.023173391494002177
0 0.9495192307692307 0.10428571428571429 0.036057692307692304 0.02589967284623773
0 0.7125686813186813 0.20856052344601964 0.042925824175824176 0.016357688113413305
0 0.7589285714285714 0.20515812431842967 0.032623626373626376 0.02044711014176663
0 0.8331936813186814 0.3564667393675027 0.25841346153846156 0.03680479825517993
0 0.7894093406593408 0.6025081788440567 0.11074862637362637 0.04089422028353326
0 0.9104601648351649 0.6025081788440567 0.11933379120879122 0.04634678298800436
0 0.7130013736263737 0.5929661941112323 0.023179945054945056 0.04089422028353326
0 0.9516689560439561 0.6788440567066522 0.03691620879120879 0.027262813522355506
0 0.07426510989010988 0.910577971646674 0.11074862637362637 0.04089422028353326
0 0.2129120879120879 0.910577971646674 0.12877747252747251 0.03544165757906216
0 0.34040521978021976 0.9092148309705561 0.09014423076923077 0.04089422028353326
0 0.46875 0.907175572519084 0.12190934065934066 0.04770992366412214
0 0.6086881868131868 0.9119411123227917 0.12362637362637363 0.04089422028353326
0 0.13006868131868132 0.12540894220283533 0.05065247252747253 0.09814612868047982
0 0.12835164835164836 0.23309705561613958 0.04893543956043956 0.09269356597600872
0 0.12921016483516484 0.3278407851690294 0.045501373626373624 0.0831515812431843
0 0.12877747252747251 0.4232606324972737 0.04635989010989011 0.06952017448200655
0 0.13221153846153846 0.5200436205016358 0.044642857142857144 0.0776990185387132
0 0.12749313186813185 0.61546346782988 0.043784340659340656 0.08587786259541985
0 0.1304945054945055 0.7211014176663032 0.04807692307692308 0.08724100327153762
0 0.13392857142857142 0.8137949836423118 0.03949175824175824 0.07633587786259542
1 0.8314766483516485 0.5336750272628136 0.26699862637362637 0.03953107960741548