0 0.9336310395314787 0.4423476297968397 0.05474377745241596 0.04679458239277656
0 0.932298682284041 0.5167268623024831 0.05207906295754017 0.04163656884875845
0 0.9337188872620791 0.5898306997742664 0.05324304538799415 0.04418735891647859
0 0.9333016105417278 0.6661286681715576 0.054077598828696845 0.042878103837471794
0 0.9326354319180088 0.7415349887133182 0.05274524158125928 0.045936794582392824
1 0.15506588579795022 0.3724604966139955 0.22627379209370427 0.04039503386004511
1 0.09750366032210835 0.446196388261851 0.10448755490483164 0.044221218961625224
1 0.14192532942898975 0.5208352144469526 0.19666178623718886 0.04369074492099327
1 0.13784773060029284 0.5927765237020316 0.19016837481698387 0.035722347629796876
1 0.14300146412884335 0.6693340857787811 0.19715959004392386 0.03902934537246042
1 0.1515739385065886 0.7379458239277653 0.20930453879941432 0.03259593679458252
1 0.10681551976573939 0.8180925507900678 0.07653733528550513 0.03899548532731372
1 0.22510980966325037 0.8175846501128669 0.09683016105417275 0.029751693002257225
1 0.37659590043923863 0.8152708803611739 0.06538799414348458 0.029243792325056524
1 0.30954612005856513 0.8162979683972912 0.061061493411420184 0.03744920993227998
0 0.5680161054172767 0.9478668171557562 0.1204612005856515 0.05638826185101584
0 0.4381625183016105 0.9503047404063206 0.11530014641288433 0.05920993227990975