0 0.9436646499567848 0.030459126539753637 0.044001728608470056 0.0216013437849944
0 0.8989801210025928 0.02983202687569989 0.031235955056179765 0.02033594624860022
0 0.8588072601555747 0.030459126539753637 0.04714779602420048 0.0216013437849944
0 0.8046931719965428 0.02639417693169093 0.04694900605012959 0.01957446808510639
3 0.8727571305099395 0.08123180291153416 0.18111495246326714 0.06001119820828668
0 0.6542178046672428 0.08669652855543113 0.03673292999135696 0.026170212765957452
0 0.601771823681936 0.08823068309070549 0.05363007778738112 0.03329227323628219
0 0.5454019014693172 0.0864501679731243 0.04694900605012959 0.03176931690929452
0 0.49363872082973204 0.08733482642777154 0.035756266205704317 0.027446808510638288
0 0.45267934312878133 0.08543113101903696 0.042238547968885 0.0338073908174692
0 0.39915298184961107 0.08797312430011199 0.04714779602420048 0.02871220604703246
0 0.3573120138288678 0.08351623740201568 0.022394122731201355 0.029988801791713326
0 0.3145894554883319 0.08963045912653976 0.0449870354364736 0.03812989921612541
0 0.25870354364736386 0.09013437849944009 0.029464131374243762 0.01675251959686451
0 0.2222644770959378 0.0861926091825308 0.025341400172860865 0.027189249720044793
0 0.1808210890233362 0.08441209406494961 0.0485220397579948 0.02566629339305712
0 0.13377700950734658 0.08606942889137738 0.031037165082108922 0.014714445688689827
0 0.10155574762316336 0.0864501679731243 0.021607605877268798 0.02159014557670773
0 0.06865168539325843 0.08797312430011199 0.032411408815903195 0.02871220604703246
0 0.040371650821089025 0.08823068309070549 0.022981849611063098 0.023113101903695425
0 0.9455315471045809 0.7194400895856663 0.03398444252376851 0.035408734602463486