0 0.4074784276126558 0.9069444444444444 0.18216682646212848 0.05
0 0.5920421860019175 0.9069444444444444 0.1725790987535954 0.04722222222222222
1 0.4769894534995206 0.8104222222222223 0.20613614573346117 0.029166666666666667
1 0.4386385426653883 0.75 0.18456375838926176 0.027777777777777776
1 0.41647171620325985 0.6812555555555555 0.1354266538830297 0.020833333333333332
1 0.4206615532118888 0.6166666666666667 0.14621284755512942 0.027777777777777776
1 0.4182646212847555 0.5486111111111112 0.18216682646212848 0.027777777777777776
1 0.4632118887823586 0.47292222222222224 0.2792425695110259 0.018055555555555554
1 0.40688398849472673 0.4027777777777778 0.16179290508149569 0.022222222222222223
1 0.4152732502396932 0.32222222222222224 0.18815915627996166 0.025
1 0.400287631831256 0.2507 0.1486097794822627 0.020833333333333332
1 0.40928092042186004 0.17153333333333332 0.17138063279002877 0.020833333333333332
1 0.40148609779482264 0.10625555555555555 0.16059443911792906 0.029166666666666667