0 0.9421715184893784 0.254284128745838 0.03397324940991332 0.04783573806881246
0 0.9276003147128246 0.07483906770255273 0.03880409126671925 0.025937846836847953
0 0.9250039339103069 0.6854273029966704 0.03540519276160504 0.050488346281909
0 0.8817309205350119 0.6840399556048835 0.03468922108575936 0.0557824639289678
0 0.8395357985837922 0.6858046614872364 0.03612116443745071 0.04720310765815757
0 0.7982297403619197 0.6851720310765816 0.0357671125098348 0.05602663706992233
0 0.7569236821400471 0.684927857935627 0.03540519276160504 0.05148723640399567
0 0.10192761605035407 0.6731964483906769 0.07367427222659323 0.04216426193118758
0 0.10237608182533439 0.7243951165371808 0.06562549173878834 0.03559378468368472
0 0.23228166797797012 0.7100221975582686 0.04470495672698666 0.018945615982241884
0 0.23988198269079464 0.7402885682574917 0.06527143981117234 0.018945615982241884
0 0.23656963021243116 0.7698002219755827 0.0461369000786782 0.02549389567147617
0 0.23210070810385522 0.8008213096559378 0.04077104642014166 0.029012208657047837
0 0.38830055074744296 0.7419311875693674 0.06169158143194337 0.018179800221975705
0 0.39250196695515344 0.7080022197558268 0.07188827694728565 0.022985571587125456
0 0.5288434303697875 0.7124195338512763 0.04238394964594799 0.021720310765815688
0 0.534390243902439 0.7423085460599335 0.05704169944925256 0.02499445061043283