0 0.19875725900116142 0.033748657357679915 0.20412311265969801 0.04963480128893664
0 0.5094425087108014 0.033071965628356605 0.1750871080139373 0.04829215896885069
0 0.804006968641115 0.03763694951664876 0.2038327526132404 0.04453276047261009
0 0.14634146341463414 0.21296455424274974 0.2183507549361208 0.053609022556391
0 0.38385598141695704 0.21215896885069818 0.21718931475029035 0.0498496240601504
0 0.6186178861788618 0.20920515574650914 0.21922183507549362 0.061127819548872205
0 0.8556910569105691 0.21121374865735768 0.2259001161440186 0.0544146079484425
0 0.8790708478513356 0.36586466165413534 0.17682926829268292 0.05651987110633728
0 0.6890243902439024 0.36586466165413534 0.1713124274099884 0.05651987110633728
0 0.5034843205574913 0.36654135338345867 0.16608594657375145 0.047121374865735775
0 0.32012775842044133 0.36305048335123524 0.1681184668989547 0.048732545649838886
0 0.12500580720092916 0.36600429645542426 0.18437862950058073 0.048195488721804514
0 0.19207897793263645 0.6276476906552095 0.30110336817653893 0.06450053705692799
0 0.5045063879210221 0.6284532760472611 0.29878048780487804 0.05751879699248116
0 0.8160627177700348 0.6287218045112782 0.30052264808362367 0.062352309344790496
0 0.815191637630662 0.7048335123523094 0.2929732868757259 0.05776584317937698
0 0.49767711962833916 0.7052416756176155 0.2938443670150987 0.065016111707841
0 0.18699186991869918 0.7059076262083781 0.29965156794425085 0.06635875402792693
1 0.9088269454123112 0.7813533834586467 0.1289198606271777 0.03894736842105262
1 0.8105458768873403 0.8529108485499463 0.30691056910569103 0.048861439312567145
2 0.5023228803716608 0.8518367346938774 0.30313588850174217 0.06175080558539206
2 0.18728222996515678 0.8531793770139634 0.3060394889663182 0.053694951664876485
0 0.5005807200929152 0.9720730397422127 0.27409988385598144 0.055853920515574654