3 0.06687730384412849 0.3503837953091685 0.13375460768825698 0.7007569296375266
3 0.09215376513954714 0.8539445628997868 0.08530805687203792 0.2921108742004264
3 0.742596103212217 0.943411513859275 0.2347288046340179 0.09297441364605548
3 0.9220800421274354 0.7621855010660981 0.15583991574512904 0.26358208955223883
3 0.93231700895208 0.31243070362473346 0.1353659820958399 0.6248614072494669
3 0.7980884676145339 0.8160234541577824 0.09123222748815166 0.15590618336886994
3 0.4753501843075303 0.20550106609808103 0.5363349131121643 0.27386993603411514
0 0.7422696155871511 0.010010660980810234 0.007767245918904687 0.02002132196162047
0 0.7301579778830963 0.010010660980810234 0.009873617693522907 0.02002132196162047
0 0.3098683517640864 0.0446908315565032 0.028962611901000527 0.022611940298507466
0 0.28235387045813587 0.039754797441364606 0.018694049499736704 0.029808102345415775
0 0.25438125329120587 0.038955223880597016 0.027251184834123223 0.026076759061833685
0 0.15992101105845183 0.08399786780383796 0.04239073196419168 0.026599147121535167
0 0.16156924697209057 0.13156716417910447 0.044365455502896264 0.03005330490405117
0 0.15577672459189046 0.1804584221748401 0.032780410742496054 0.03616204690831558
0 0.15662980516061084 0.23616204690831558 0.03317535545023697 0.026023454157782542
0 0.15301211163770406 0.2821321961620469 0.024618220115850447 0.032675906183368846
0 0.15399684044233808 0.336226012793177 0.027909426013691417 0.025724946695095945
0 0.15702474986835177 0.3809914712153518 0.04186413902053712 0.032110874200426444
3 0.16999473407056345 0.6997974413646055 0.0638493944181148 0.5977505330490406