2 0.35146699266503667 0.06126651982378854 0.44315403422982885 0.059196035242290744
0 0.5990220048899756 0.06883259911894272 0.016809290953545233 0.04129955947136564
0 0.6295843520782396 0.0626431718061674 0.007640586797066014 0.02064977973568281
0 0.6536552567237165 0.06470264317180617 0.02062958435207824 0.02753303964757709
0 0.6834535452322739 0.06126651982378854 0.012988997555012226 0.02615638766519823
0 0.1520476772616137 0.13698237885462555 0.03361858190709047 0.02064977973568282
0 0.1921638141809291 0.1362885462555066 0.023685819070904647 0.02477973568281938
0 0.22692542787286063 0.1335352422907489 0.029034229828850854 0.013766519823788546
0 0.26704156479217606 0.13766519823788545 0.02521393643031785 0.022026431718061675
0 0.29531173594132026 0.13698237885462555 0.02062958435207824 0.02340308370044053
0 0.33351466992665035 0.1280286343612335 0.02062958435207824 0.03303964757709251
0 0.3759168704156479 0.1362885462555066 0.03973105134474328 0.02753303964757709
0 0.4175611246943765 0.1362885462555066 0.03132640586797066 0.02753303964757709
0 0.4691320293398533 0.1335352422907489 0.03361858190709047 0.0302863436123348
0 0.22081295843520782 0.37031938325991187 0.1635085574572127 0.03579295154185022
0 0.21661369193154034 0.7372026431718062 0.17649755501222494 0.026156387665198236
0 0.18184596577017115 0.4962885462555066 0.06723716381418093 0.026156387665198236
0 0.21432151589242054 0.5664977973568281 0.13982273838630807 0.03716960352422907
0 0.19101466992665037 0.8308149779735683 0.11308068459657701 0.03166299559471366
0 0.31441320293398534 0.8287444933920705 0.11078850855745721 0.03303964757709251
0 0.38852689486552566 0.8301211453744494 0.017573349633251835 0.019273127753303965
0 0.433221271393643 0.8321916299559471 0.032090464547677264 0.02064977973568282
0 0.48746943765281175 0.8342511013215859 0.0488997555012225 0.019273127753303965
0 0.22616136919315402 0.9430066079295154 0.17726161369193155 0.04129955947136564
0 0.7571821515892421 0.5506607929515418 0.24297066014669927 0.05506607929515418
0 0.8687347188264058 0.6312004405286343 0.018337408312958436 0.03441629955947136