0 0.3230735294117647 0.03190899001109878 0.04871323529411765 0.030521642619311874
0 0.3662720588235294 0.032608213096559376 0.024816176470588234 0.03190899001109877
0 0.4016544117647059 0.030521642619311874 0.022058823529411766 0.022197558268590455
0 0.4333676470588235 0.026359600443951164 0.021139705882352942 0.016648168701442843
0 0.4586397058823529 0.028446170921198662 0.01838235294117647 0.02081021087680355
0 0.49264705882352944 0.033296337402885685 0.025735294117647058 0.022197558268590455
0 0.5266544117647058 0.03607103218645949 0.02022058823529412 0.016648168701442843
0 0.5565294117647058 0.03190899001109878 0.019301470588235295 0.019422863485016647
0 0.5841029411764705 0.033296337402885685 0.02297794117647059 0.019422863485016647
0 0.6153529411764705 0.033296337402885685 0.021139705882352942 0.024972253052164262
0 0.6369485294117647 0.034683684794672584 0.01838235294117647 0.022197558268590455
0 0.6727941176470589 0.03538290788013318 0.027573529411764705 0.02635960044395116
0 0.7132352941176471 0.032608213096559376 0.03125 0.02081021087680355
0 0.754139705882353 0.03190899001109878 0.046875 0.024972253052164262
0 0.801014705882353 0.029134295227524972 0.03768382352941176 0.02774694783573807
0 0.9181985294117647 0.033296337402885685 0.022058823529411766 0.02774694783573807
0 0.9499117647058825 0.029833518312985568 0.024816176470588234 0.023584905660377353
0 0.17279411764705882 0.030521642619311874 0.02022058823529412 0.033296337402885685
0 0.6208676470588236 0.5854605993340732 0.021139705882352942 0.033296337402885685
0 0.7858455882352942 0.7006104328523862 0.07352941176470588 0.03607103218645949
3 0.5 0.11168701442841288 0.9981617647058824 0.10682574916759156
3 0.8598382352941177 0.517480577136515 0.19944852941176472 0.24972253052164262
3 0.07858823529411764 0.6914539400665927 0.09834558823529412 0.6170921198668147
0 0.16819852941176472 0.41759156492785793 0.029411764705882353 0.06104328523862375
0 0.16866176470588234 0.4827968923418424 0.02665441176470588 0.04716981132075472
0 0.17003676470588236 0.5500887902330743 0.025735294117647058 0.04855715871254162
0 0.17371323529411764 0.6145948945615982 0.027573529411764705 0.041620421753607105
0 0.16958088235294116 0.684661487236404 0.024816176470588234 0.0402330743618202
0 0.17279411764705882 0.7699778024417314 0.027573529411764705 0.05549389567147614
0 0.6879632352941176 0.3482241953385128 0.019301470588235295 0.022197558268590455