0 0.8542238069116841 0.03163113006396589 0.018376302797586397 0.03273987206823028
0 0.8236423477783873 0.02869936034115139 0.014810751508502468 0.03328358208955224
0 0.7947778387273725 0.029765458422174842 0.018787712561711464 0.03115138592750533
0 0.695693911135491 0.028304904051172704 0.0523861766319254 0.02608742004264392
0 0.6368623148656062 0.026972281449893387 0.041689522764673616 0.03408315565031982
0 0.5901700493691717 0.029637526652452024 0.03743828853538124 0.028752665245202553
0 0.5490948985189249 0.02643923240938166 0.025233132199670872 0.024488272921108736
0 0.5112452002194185 0.03029850746268657 0.026330224904004388 0.030085287846481876
0 0.4737410861217773 0.02937100213219616 0.026741634668129458 0.02395522388059701
0 0.4383598464070214 0.02803837953091684 0.027290181020296216 0.031950959488272916
0 0.40139879319802524 0.02803837953091684 0.0287986834887548 0.031950959488272916
0 0.3627975863960505 0.03042643923240938 0.03250137136588042 0.03247334754797441
0 0.31760833790455295 0.029637526652452024 0.044980800877674164 0.028752665245202553
3 0.7767416346681295 0.6780383795309168 0.16675809105869446 0.6439232409381663
3 0.9221064179923204 0.6950959488272921 0.0877674163466813 0.6098081023454158
3 0.08214481623697202 0.36480810234541583 0.13631376851343938 0.5199893390191899
3 0.4886889742183215 0.339637526652452 0.3410586944596819 0.2692324093816631