0 0.9488285960378983 0.14303203661327232 0.02857019810508189 0.0368649885583524
0 0.9497157622739018 0.2162929061784897 0.034642549526270286 0.04893592677345536
0 0.9497157622739018 0.2948054919908467 0.034642549526270286 0.0400686498855835
0 0.9512747631352283 0.3663729977116705 0.033462532299741526 0.03732265446224257
0 0.9488285960378983 0.4382723112128147 0.02857019810508189 0.0495194508009153
0 0.9492248062015504 0.5097711670480549 0.03366063738156755 0.04950800915331806
0 0.949758828596038 0.5909496567505721 0.03258397932816531 0.0431121281464531
0 0.9506890611541774 0.6616704805491991 0.036597760551248734 0.04725400457665899
0 0.95015503875969 0.7345995423340961 0.037674418604650976 0.044370709382151
0 0.9523083548664945 0.8081235697940503 0.033367786391042015 0.045526315789473644
0 0.9497157622739018 0.8815675057208238 0.034642549526270286 0.049405034324942865
0 0.9517657192075797 0.9579519450800915 0.03444444444444426 0.044839816933638504