0 0.14385281385281384 0.15521064301552107 0.04238816738816739 0.04434589800443459
0 0.18984848484848485 0.1538248337028825 0.024350649350649352 0.03325942350332594
0 0.22186147186147187 0.15521064301552107 0.030663780663780664 0.038802660753880266
0 0.2746248196248196 0.1420509977827051 0.055014430014430016 0.051274944567627496
0 0.33595238095238095 0.148980044345898 0.038780663780663784 0.04296008869179601
0 0.3841991341991342 0.15036585365853658 0.025252525252525252 0.03464523281596452
0 0.4468831168831169 0.15452328159645232 0.06403318903318904 0.03741685144124168
0 0.7494588744588745 0.05266075388026607 0.03787878787878788 0.0803769401330377
0 0.8008658008658008 0.04850332594235033 0.050505050505050504 0.08314855875831485
0 0.8567821067821068 0.05543237250554324 0.045093795093795096 0.0803769401330377
0 0.8026695526695526 0.14412416851441243 0.03427128427128427 0.02771618625277162
0 0.8527272727272728 0.13927937915742794 0.04419191919191919 0.03187361419068736
0 0.946969696969697 0.3457649667405765 0.046897546897546896 0.07067627494456763
0 0.9492279942279943 0.4275277161862528 0.0477994227994228 0.07899113082039912
0 0.8473160173160174 0.4497006651884701 0.06403318903318904 0.0291019955654102
0 0.8734704184704185 0.3977272727272727 0.01893939393939394 0.024944567627494457
0 0.046897546897546896 0.32427937915742794 0.06132756132756133 0.0942350332594235
0 0.04599567099567099 0.4226718403547672 0.05591630591630592 0.07760532150776053
0 0.045548340548340546 0.5273059866962306 0.060425685425685424 0.0873059866962306
0 0.04464646464646464 0.625 0.058621933621933624 0.09146341463414634
0 0.04645021645021645 0.7268625277161862 0.055014430014430016 0.09284922394678492
0 0.5127200577200577 0.962450110864745 0.036976911976911976 0.07067627494456763
0 0.5862193362193362 0.962450110864745 0.0955988455988456 0.054046563192904656
0 0.6985064935064936 0.9596784922394679 0.11453823953823962 0.05958980044345898
0 0.8243145743145743 0.9555210643015521 0.11904761904761904 0.056818181818181816
1 0.6876839826839828 0.7982261640798226 0.3796897546897548 0.04711751662971175
2 0.2795815295815296 0.04920177383592017 0.3246753246753247 0.05127494456762749