0 0.9225621414913958 0.025265588914549653 0.10755258126195029 0.015877598152424944
0 0.5562906309751434 0.956986143187067 0.06811663479923519 0.02020785219399538
0 0.21749521988527726 0.7173787528868361 0.026290630975143402 0.017321016166281754
0 0.2163001912045889 0.4756120092378753 0.019120458891013385 0.02453810623556582
0 0.22048757170172084 0.24105080831408776 0.02031548757170172 0.025981524249422634
0 0.46188336520076484 0.23889145496535796 0.022705544933078393 0.021651270207852194
0 0.7098470363288719 0.24466512702078522 0.02390057361376673 0.018764434180138567
0 0.9536328871892925 0.23889145496535796 0.021510516252390057 0.021651270207852194
0 0.9560229445506692 0.47199769053117785 0.02390057361376673 0.02020785219399538
0 0.9542351816443595 0.726039260969977 0.015535372848948376 0.03175519630484989
0 0.9566252390057361 0.9598729792147807 0.013145315487571701 0.02020785219399538
0 0.7044741873804972 0.7188221709006929 0.02031548757170172 0.028868360277136258
0 0.7122370936902486 0.47344110854503463 0.021510516252390057 0.025981524249422634
0 0.46367112810707456 0.47272517321016166 0.03107074569789675 0.021651270207852194
0 0.4654684512428298 0.7173787528868361 0.017925430210325048 0.023094688221709007
0 0.4654684512428298 0.956270207852194 0.017925430210325048 0.021651270207852194
0 0.22048757170172084 0.9577136258660508 0.013145315487571701 0.018764434180138567