0 0.04504504504504504 0.08986928104575163 0.05855855855855856 0.032679738562091505
0 0.1143063063063063 0.09055555555555556 0.04391891891891892 0.03131808278867102
0 0.16891891891891891 0.08986928104575163 0.06306306306306306 0.03540305010893246
0 0.22972972972972974 0.0857843137254902 0.04504504504504504 0.029956427015250545
0 0.2849099099099099 0.08647058823529412 0.060810810810810814 0.0394880174291939
0 0.34684684684684686 0.09191721132897603 0.04279279279279279 0.03131808278867102
0 0.4104774774774775 0.09055555555555556 0.059684684684684686 0.02042483660130719
0 0.8885135135135135 0.025871459694989107 0.033783783783783786 0.03812636165577342
0 0.9307477477477478 0.03676470588235294 0.037162162162162164 0.024509803921568627
0 0.9695945945945946 0.03131808278867102 0.02927927927927928 0.029956427015250545
1 0.10135135135135136 0.31250544662309365 0.18018018018018017 0.03404139433551198
1 0.10191891891891891 0.3485838779956427 0.17905405405405406 0.027233115468409588
1 0.09966666666666667 0.3880718954248366 0.18130630630630631 0.032679738562091505
1 0.10585585585585586 0.4275599128540305 0.18693693693693694 0.029956427015250545
1 0.10585585585585586 0.46637254901960784 0.17792792792792791 0.03676470588235294
1 0.07263963963963964 0.5725816993464052 0.09121621621621621 0.03131808278867102
1 0.09009009009009009 0.6093464052287582 0.1373873873873874 0.01770152505446623
1 0.08558558558558559 0.6420261437908497 0.13063063063063063 0.02042483660130719
1 0.06363063063063062 0.6787908496732026 0.09121621621621621 0.02042483660130719
1 0.10472972972972973 0.7087472766884532 0.16441441441441443 0.028594771241830064
1 0.0686936936936937 0.7448257080610022 0.10810810810810811 0.027233115468409588
1 0.09797297297297297 0.7754684095860567 0.16666666666666666 0.03131808278867102
1 0.07545045045045046 0.8122331154684096 0.10135135135135136 0.02042483660130719
1 0.10304504504504504 0.8415032679738562 0.15878378378378377 0.029956427015250545
1 0.06588288288288288 0.9633769063180828 0.09572072072072071 0.03131808278867102
2 0.7894144144144144 0.14978213507625274 0.3761261261261261 0.049019607843137254
1 0.963963963963964 0.2634858387799564 0.05855855855855856 0.028594771241830064