0 0.4357333333333333 0.1012609238451935 0.08540392156862749 0.036067415730337095
0 0.5220078431372549 0.09848938826466916 0.08366274509803927 0.036067415730337095
0 0.45926274509803916 0.041610486891385766 0.026141176470588178 0.04439450686641698
0 0.498478431372549 0.04230961298377029 0.026141176470588178 0.04578027465667915
0 0.24139607843137253 0.4515230961298377 0.06797647058823526 0.012484394506866416
0 0.6601333333333333 0.577752808988764 0.0392156862745098 0.020811485642946267
0 0.7080627450980392 0.5770536828963796 0.03573333333333329 0.016641697877652985
0 0.7581725490196078 0.5770536828963796 0.04008627450980384 0.022197253433208455
0 0.8065333333333333 0.5791385767790262 0.037474509803921634 0.018027465667915174
0 0.21132549019607844 0.5791385767790262 0.030501960784313716 0.018027465667915174
0 0.25098039215686274 0.577752808988764 0.03137254901960784 0.018027465667915174
0 0.2888862745098039 0.5784394506866417 0.03224313725490197 0.013870162297128607
3 0.08366274509803921 0.32459425717852686 0.09759999999999999 0.5631835205992509
3 0.47887058823529405 0.19489388264669166 0.43137254901960786 0.08739076154806492