0 0.9565426170468186 0.05727574750830564 0.034705882352941274 0.05784053156146181
0 0.9193037214885954 0.05935215946843853 0.03038415366146452 0.04330564784053157
0 0.2197478991596639 0.060647840531561456 0.10673469387755098 0.035514950166112946
0 0.11948379351740697 0.06013289036544851 0.050648259303721486 0.036561461794019944
0 0.04980792316926771 0.05948504983388705 0.05195678271308524 0.045631229235880394
0 0.9266266506602641 0.13006644518272426 0.06602641056422569 0.031079734219269115
0 0.8462424969987995 0.13124584717607973 0.07783913565426161 0.03134551495016612
0 0.7613685474189676 0.13111295681063123 0.08066026410564232 0.029003322259136224
0 0.6839015606242498 0.12993355481727575 0.06677070828331319 0.03913621262458472
0 0.6116806722689075 0.12941860465116278 0.0648979591836734 0.02978405315614619
0 0.5423769507803121 0.12993355481727575 0.06283313325330137 0.02875415282392027
0 0.47888355342136857 0.12903654485049834 0.052893157262905235 0.033156146179402005
0 0.4171668667466987 0.1283887043189369 0.060024009603841535 0.03186046511627908
0 0.36033613445378154 0.12903654485049834 0.03488595438175263 0.033156146179402005
0 0.3123169267707083 0.13122923588039867 0.04839135654261709 0.041727574750830575
0 0.26607442977190876 0.12968438538205979 0.03394957983193274 0.044833887043189385
0 0.11611044417767107 0.13966777408637873 0.18570228091236493 0.07935215946843856
0 0.11236494597839135 0.2211627906976744 0.17819927971188476 0.06167774086378737
0 0.1163985594237695 0.2870764119601329 0.17687875150060026 0.0597840531561462
0 0.11611044417767107 0.35093023255813954 0.17444177671068428 0.05254152823920265
0 0.11789915966386554 0.4186544850498339 0.17237695078031212 0.05827242524916941
3 0.11677070828331332 0.7438372093023257 0.18513805522208884 0.2882890365448506
0 0.6280072028811524 0.9516943521594684 0.04651860744297719 0.06925249169435226
0 0.3745018007202881 0.9527242524916943 0.04782713085234098 0.06717607973421937