0 0.928625 0.08964560862865947 0.10866406250000012 0.04201848998459167
0 0.15731250000000002 0.8250385208012327 0.029117187499999985 0.06443759630200298
0 0.2077421875 0.8264406779661018 0.06463281250000001 0.061633281972265024
0 0.3291875 0.8292449922958397 0.03338281250000001 0.0700308166409862
0 0.38210156249999994 0.8285516178736518 0.06675781249999999 0.06303543913713418
0 0.5010625 0.8257473035439137 0.029117187499999985 0.06023112480739587
0 0.553265625 0.8257473035439137 0.06675781250000004 0.06023112480739587
0 0.673296875 0.8257473035439137 0.02982812500000005 0.06583975346687214
0 0.7247890625 0.8236517719568567 0.06605468749999996 0.0672419106317413
0 0.8451718749999999 0.8264406779661018 0.03125 0.061633281972265024
0 0.8966640625 0.8243451463790447 0.06605468750000014 0.06303543913713418
0 0.9513515625 0.5000770416024654 0.016335937499999887 0.044822804314329785
0 0.0632109375 0.5056702619414484 0.015625 0.03362095531587065