0 0.49748994368463395 0.19480219780219782 0.11524537409493162 0.054857142857142875
0 0.9497184231697506 0.08314285714285714 0.02815768302493966 0.04472527472527472
0 0.9454947707160096 0.15003296703296704 0.08004827031375704 0.051021978021978026
0 0.7724296057924377 0.14906593406593407 0.08185840707964602 0.0556923076923077
0 0.5927192276749799 0.14151648351648352 0.08246178600160901 0.04058241758241759
0 0.41210780370072403 0.15016483516483517 0.083266291230893 0.04250549450549451
0 0.22787610619469026 0.15058241758241758 0.09292035398230089 0.03893406593406594
0 0.053901850362027354 0.1529120879120879 0.09493161705551086 0.026021978021978028
0 0.7653901850362027 0.026417582417582415 0.056918744971842315 0.034571428571428565
0 0.8191874497184232 0.024912087912087915 0.03660498793242156 0.029351648351648357
0 0.8750040225261465 0.02408791208791209 0.053700724054706356 0.0364945054945055
0 0.9394609814963797 0.02064835164835165 0.059935639581657284 0.04061538461538461