2 0.3906966086159487 0.03480278422273782 0.4010082493125573 0.04060324825986079
3 0.8994042163153071 0.09933874709976798 0.1764436296975252 0.05075406032482599
0 0.13863428047662696 0.10078886310904872 0.05728689275893675 0.03625290023201856
0 0.21654445462878094 0.09788863109048723 0.07103574702108158 0.03625290023201856
0 0.29789184234647115 0.09715777262180975 0.07103574702108158 0.04060324825986079
0 0.39241979835013746 0.093538283062645 0.07905591200733272 0.0478538283062645
0 0.4697525206232814 0.10150812064965198 0.06874427131072411 0.04060324825986079
0 0.5453712190650779 0.10295823665893271 0.05957836846929423 0.04060324825986079
0 0.6255728689275893 0.09933874709976798 0.05728689275893675 0.024651972157772623
0 0.8151970669110907 0.03263341067285382 0.03780934922089826 0.03335266821345707
0 0.8747754353803849 0.03408352668213457 0.0423923006416132 0.03335266821345707
1 0.9343538038496793 0.031183294663573082 0.053849679193400654 0.027552204176334104
0 0.10999083409715857 0.15879350348027843 0.03666361136571952 0.021751740139211138
0 0.17014665444546287 0.1544431554524362 0.07905591200733272 0.03335266821345707
0 0.24347387717690191 0.15589327146171694 0.06301558203483043 0.027552204176334107
0 0.3230980751604033 0.15589327146171694 0.052703941338221816 0.021751740139211138
0 0.3815307057745188 0.15951276102088166 0.043538038496791935 0.01740139211136891
0 0.4554353803849679 0.16024361948955915 0.06301558203483043 0.018851508120649653
0 0.5453712190650779 0.1544431554524362 0.08936755270394134 0.024651972157772623
0 0.8885242896425298 0.5249419953596288 0.03551787351054079 0.01740139211136891
0 0.9658570119156737 0.5285730858468678 0.032080659945004586 0.024651972157772623
0 0.9721631530705775 0.7663921113689095 0.014894592117323557 0.0478538283062645
2 0.8873785517873511 0.16459396751740138 0.17758936755270405 0.030452436194895592