0 0.9652847152847153 0.28735849056603774 0.03580419580419572 0.04993710691823898
0 0.962897102897103 0.5145157232704403 0.037252747252747215 0.051446540880503114
0 0.47463536463536465 0.28670440251572327 0.03475524475524472 0.04862893081761002
0 0.4758841158841159 0.515433962264151 0.037252747252747215 0.04699371069182392
0 0.5678721278721279 0.17220125786163523 0.10468531468531465 0.05232704402515724
0 0.4484115884115884 0.1732452830188679 0.11551448551448551 0.05023899371069182
0 0.32124875124875124 0.17442767295597483 0.11509490509490514 0.05050314465408804
0 0.18971028971028972 0.17259119496855346 0.13507492507492505 0.048930817610062884
0 0.06775224775224775 0.1732452830188679 0.09094905094905097 0.05023899371069182
0 0.8885914085914086 0.8793710691823899 0.15088911088911086 0.14173584905660386
0 0.7295804195804195 0.8787169811320755 0.14923076923076933 0.14042767295597497
0 0.5714085914085915 0.8793710691823899 0.14923076923076928 0.14173584905660386
0 0.41406593406593406 0.8775345911949686 0.15088911088911086 0.1401635220125787
0 0.25693306693306694 0.8787169811320755 0.14881118881118885 0.14042767295597497
0 0.09740259740259741 0.8798993710691824 0.14818181818181822 0.14069182389937096