0 0.31238815374921236 0.06277330264672036 0.08444234404536861 0.05265822784810126
0 0.43471959672337745 0.059896432681242805 0.06446124763705101 0.04690448791714613
0 0.5381537492123503 0.05558112773302647 0.0539382482671707 0.049781357882623695
0 0.6506427221172022 0.05558112773302647 0.07255198487712665 0.044039125431530504
1 0.7858412098298677 0.059896432681242805 0.043642091997479655 0.04115074798619101
1 0.8346691871455576 0.0579746835443038 0.046780088216761044 0.04307249712313003
2 0.912501575299307 0.05653624856156502 0.10005040957781991 0.05170310701956271
0 0.1618336483931947 0.17781357882623708 0.0747700063011972 0.15041426927502874
0 0.18716446124763703 0.28089758342922894 0.08289855072463767 0.04586881472957421
0 0.2920415879017013 0.27968929804372844 0.06108380592312543 0.052094361334867646
0 0.39166981726528044 0.28663981588032217 0.060277252678008875 0.045857307249712306
0 0.48827347195967236 0.2861680092059839 0.05814744801512286 0.050655926352128865
0 0.5851417769376182 0.2760989643268124 0.08490233144297417 0.04203682393555808
0 0.6862129804662885 0.2852013808975834 0.06965343415248895 0.042991944764096644
0 0.7843919344675487 0.27897583429229 0.07383112791430377 0.0477790563866513
0 0.23520478890989288 0.17590333716915996 0.06556395715185882 0.1350747986191024
0 0.3073597983616887 0.1785385500575374 0.06294265910523002 0.1362715765247411
0 0.3785381222432262 0.17513233601841197 0.06245746691871449 0.1396892980437284
0 0.45018273471959674 0.172566168009206 0.06290485192186511 0.14479861910241656
0 0.5187964713295526 0.1785385500575374 0.06568998109640832 0.1362715765247411
0 0.5904410838059231 0.1742692750287687 0.07173913043478256 0.14309551208285387
0 0.6640768746061753 0.17768699654775605 0.06635790800252045 0.1396777905638665
0 0.7346691871455577 0.17726121979286535 0.06610586011342146 0.1490563866513234
0 0.8051480781348456 0.17321058688147298 0.07262129804662885 0.13840046029919445
3 0.7494833018273472 0.49794016110471806 0.18675488342785135 0.30704257767548915
0 0.8065532451165721 0.6243268124280782 0.058620037807183493 0.03041426927502884
0 0.6735286704473851 0.6256041426927502 0.022243226212980582 0.027859608745684737
0 0.530586011342155 0.4112313003452244 0.04585381222432261 0.09527042577675485
0 0.5735223692501575 0.503716915995397 0.13172652804032764 0.08585730724971233
0 0.5729363579080026 0.5961910241657078 0.13755513547574036 0.0713348676639816
0 0.3598676748582231 0.5478135788262372 0.073660995589162 0.14934407364787114
0 0.43629489603024574 0.5458918296892981 0.07294896030245746 0.14976985040276183
0 0.17351606805293007 0.456409666283084 0.06834278512917455 0.052635212888377456
0 0.25122873345935726 0.45513233601841196 0.07252678008821678 0.06031070195627154
0 0.21844360428481413 0.39716915995397006 0.025154379332073068 0.03134637514384351
0 0.17432892249527412 0.5207594936708861 0.06577189666036547 0.048354430379746814
0 0.2519281663516068 0.5241772151898734 0.07112161310649023 0.04493670886075944
0 0.1740957781978576 0.5808515535097813 0.06810964083175805 0.05088607594936712
0 0.2515816005040958 0.5859608745684695 0.07462507876496538 0.0559953970080552
0 0.19976685570258348 0.7594131185270425 0.080239445494644 0.15736478711162255
0 0.3408443604284814 0.7594131185270425 0.08650283553875235 0.16758342922899871
0 0.48297416509136737 0.7615420023014959 0.07947069943289219 0.17696202531645566
0 0.6252173913043478 0.7564211737629459 0.07966603654694389 0.1667318757192176
0 0.7714240705734089 0.7647295742232451 0.09059861373661009 0.17056386651323363
0 0.8200882167611846 0.9202991944764097 0.024076874606175195 0.07760644418872273
0 0.17759924385633272 0.9215765247410818 0.07790800252047889 0.04436133486766393