1 0.22561531449407474 0.10660046728971963 0.06381039197812215 0.026285046728971962
1 0.29398359161349136 0.10879672897196262 0.06836827711941659 0.021904205607476634
1 0.39539653600729263 0.10514018691588785 0.12306289881494986 0.02336448598130841
1 0.39141294439380125 0.8476985981308411 0.030765724703737465 0.021904205607476634
1 0.4324339106654512 0.8469626168224299 0.03760255241567913 0.02336448598130841
1 0.3691886964448496 0.7104322429906542 0.059252506836827715 0.018983644859813083
2 0.2643573381950775 0.2475233644859813 0.1390154968094804 0.024824766355140186
2 0.26321786690975385 0.2854906542056075 0.14129443938012762 0.024824766355140186
2 0.26151321786690973 0.32272196261682246 0.14015496809480402 0.02044392523364486
2 0.42559708295350956 0.40523364485981306 0.461485870556062 0.024824766355140186
2 0.2643573381950775 0.4461214953271028 0.13673655423883319 0.024824766355140186
2 0.21251595259799452 0.49139018691588787 0.035323609845031904 0.024824766355140186
2 0.4227438468550593 0.521320093457944 0.45806745670009114 0.026285046728971962
2 0.42445761166818596 0.5468808411214954 0.461485870556062 0.018983644859813083
2 0.3002552415679125 0.5899532710280374 0.07862351868732909 0.017523364485981307
2 0.39141294439380125 0.5906892523364486 0.08318140382862352 0.021904205607476634
2 0.300820419325433 0.6293808411214953 0.0820419325432999 0.02044392523364486
2 0.39141294439380125 0.6301168224299065 0.07862351868732909 0.024824766355140186
2 0.2626526891522334 0.6680841121495327 0.14015496809480402 0.024824766355140186
2 0.22447584320875114 0.8498831775700935 0.06153144940747493 0.026285046728971962
2 0.2877210574293528 0.8484228971962616 0.028486782133090246 0.02336448598130841
2 0.33728350045578853 0.8476985981308411 0.034184138559708296 0.021904205607476634
2 0.22505013673655425 0.8907710280373832 0.06039197812215132 0.026285046728971962
2 0.2865815861440292 0.8915070093457944 0.030765724703737465 0.021904205607476634
2 0.33956244302643573 0.8900467289719626 0.034184138559708296 0.024824766355140186
2 0.22447584320875114 0.9294742990654206 0.05697356426618049 0.021904205607476634
2 0.2860072926162261 0.9309345794392523 0.03190519598906107 0.021904205607476634
2 0.336718322698268 0.9323948598130841 0.03304466727438469 0.021904205607476634
1 0.28372835004557884 0.9689018691588785 0.18231540565177756 0.024824766355140186
1 0.2204922515952598 0.5899532710280374 0.05355515041020966 0.02044392523364486
1 0.2187784867821331 0.6286565420560748 0.05013673655423884 0.018983644859813083
1 0.316207839562443 0.36507009345794394 0.24726526891522332 0.017523364485981307
0 0.37773928896991793 0.24460280373831775 0.0809024612579763 0.013142523364485981
0 0.27176845943482225 0.4877336448598131 0.04443938012762078 0.014602803738317757