0 0.9406678230702514 0.10568652849740934 0.02529921942758029 0.04230569948186528
0 0.8615264527320035 0.10514248704663212 0.054934952298352054 0.0649740932642487
0 0.7851777970511709 0.10690414507772021 0.08474414570685172 0.053367875647668386
0 0.7007111882046834 0.10379533678756477 0.08022549869904597 0.06227979274611398
0 0.6210234171725932 0.10514248704663212 0.05457068516912409 0.0649740932642487
0 0.5529054640069384 0.10110103626943005 0.04481352992194282 0.06766839378238343
0 0.48623590633130964 0.1036658031088083 0.05962705984388551 0.05984455958549222
0 0.4089939288811795 0.10528497409326425 0.06956634865568087 0.05660621761658031
0 0.3367129228100607 0.10623056994818654 0.047883781439722495 0.06281088082901555
0 0.2620034692107545 0.1058160621761658 0.07733738074588027 0.05553108808290156
0 0.18339982653946227 0.10730569948186529 0.05384215091066781 0.049857512953367884
0 0.10561144839549001 0.10123056994818654 0.05908933217692973 0.05930051813471503
0 0.03939288811795317 0.10487046632124351 0.051318300086730266 0.060116580310880824
0 0.9382220294882914 0.46792746113989636 0.0330702515177798 0.032759067357512904
0 0.7471465741543799 0.4694041450777202 0.03216825672159577 0.03788860103626943
0 0.5577883781439722 0.46792746113989636 0.03650477016478744 0.032759067357512904
0 0.36815264527320035 0.4675259067357513 0.031257588898525555 0.03626943005181347
0 0.17789245446660887 0.4673834196891192 0.030173460537727684 0.033834196891191715
0 0.9383174327840417 0.8974870466321244 0.031439722463139634 0.03695595854922276
0 0.7463313096270598 0.8969430051813472 0.03234171725932347 0.038031088082901426
0 0.558326105810928 0.8985621761658031 0.026747614917606174 0.034792746113989505
0 0.3667129228100607 0.8985621761658031 0.035594102341717226 0.034792746113989505
0 0.17861231569817868 0.8974870466321244 0.03162185602775367 0.03695595854922276
0 0.786808326105811 0.8293523316062176 0.01933217692974845 0.03023316062176155
0 0.5977189939288812 0.8335362694300519 0.01879444926279278 0.0299611398963732
0 0.4101647875108413 0.8338082901554404 0.019514310494362534 0.02401554404145073
0 0.21772766695576753 0.8354274611398964 0.014093668690372915 0.020777202072538813
0 0.02855160450997398 0.8327202072538861 0.015177797051170859 0.0369689119170984
0 0.7874414570685169 0.40303108808290156 0.0224111014744145 0.03034974093264242
0 0.5967215958369471 0.4078886010362694 0.022228967909800616 0.03142487046632123
0 0.4065481352992194 0.40006476683937825 0.019514310494362534 0.030893782383419718
0 0.22215958369470942 0.3969559585492228 0.028369470945359937 0.039792746113989676
0 0.02945359930615785 0.399119170984456 0.02059843885516045 0.035479274611398944