3 0.8670766319772942 0.9026315789473685 0.19205298013245034 0.19473684210526315
3 0.40140964995269635 0.2654105263157895 0.6730652790917692 0.21804210526315787
0 0.4264049195837275 0.03383157894736842 0.05811731315042568 0.01954736842105263
0 0.4784389782403028 0.03308421052631579 0.018921475875118315 0.015042105263157898
0 0.5122327341532639 0.03684210526315789 0.029735099337748403 0.016536842105263162
0 0.5514285714285715 0.03308421052631579 0.016215704824976442 0.012031578947368417
0 0.5852128666035952 0.03083157894736842 0.024323557237464558 0.0225578947368421
0 0.6277861873226112 0.03308421052631579 0.022980132450331092 0.012031578947368417
0 0.664957426679281 0.03232631578947368 0.032440870387890224 0.016536842105263155
0 0.7210406811731315 0.03758947368421053 0.036490066225165506 0.021052631578947368
0 0.7609176915799432 0.03684210526315789 0.032440870387890224 0.013536842105263158
0 0.7980794701986755 0.03383157894736842 0.025676442762535574 0.013536842105263158
0 0.8447114474929045 0.03758947368421053 0.0351371807000947 0.015042105263157898
0 0.8960643330179754 0.03758947368421053 0.027029328287606375 0.018042105263157894
0 0.9271523178807947 0.03533684210526316 0.021627246925260076 0.016536842105263155
0 0.9683727530747399 0.027063157894736845 0.025676442762535574 0.015042105263157898
0 0.8426773888363293 0.4345894736842105 0.1608325449385052 0.024063157894736856