3 0.12891046386192018 0.8316046758767268 0.24271844660194175 0.30654622741764087
0 0.23597626752966558 0.7000106269925611 0.009169363538295576 0.019968119022316645
0 0.2231661272923409 0.9489054197662061 0.02400215749730313 0.026801275239107362
0 0.0444336569579288 0.9517003188097768 0.05892664509169364 0.02387885228480343
0 0.03209277238403452 0.8681509032943676 0.038295577130528585 0.028947927736450593
0 0.7953775620280475 0.06991498405951116 0.04786947141316073 0.026524973432518605
0 0.7389428263214671 0.0663336875664187 0.04962243797195254 0.036354941551540926
0 0.6955231930960086 0.06925611052072264 0.03290183387270766 0.025196599362380456
0 0.6448220064724919 0.06911795961742827 0.05555555555555555 0.022805526036131785
0 0.48672060409924495 0.06035069075451647 0.23152642934196338 0.056269925611052075
0 0.5222491909385113 0.13619553666312434 0.02885652642934196 0.029426142401700318
0 0.47869471413160736 0.13752391073326248 0.041531823085221145 0.03208289054197662
0 0.4344660194174757 0.1363230605738576 0.03398058252427184 0.03181721572794899
0 0.39994606256742177 0.13194473963868225 0.024271844660194174 0.03792773645058448
0 0.36522653721682846 0.13725823591923486 0.028991370010787488 0.027300743889479274
0 0.331445523193096 0.13885228480340064 0.02750809061488673 0.02411264612114771
0 0.30097087378640774 0.13885228480340064 0.020496224379719527 0.02411264612114771
0 0.2588996763754045 0.13566418703506908 0.04422869471413161 0.030488841657810836
0 0.21655879180151025 0.13685441020191286 0.0296655879180151 0.030754516471838467
0 0.6047734627831716 0.26276301806588737 0.010517799352750809 0.02327311370882038
0 0.6647141316073355 0.7738469713071201 0.26928263214670983 0.0528799149840595
0 0.4842233009708738 0.9438575982996812 0.0337108953613808 0.03158342189160471
0 0.4495037756202805 0.9437300743889478 0.027642934196332253 0.029192348565356033
0 0.2998274002157497 0.9471838469713071 0.02494606256742179 0.027598299681190253
0 0.4798435814455232 0.7803613177470776 0.03168824163969795 0.06377258235919234
3 0.8678532901833873 0.27497343251859724 0.06472491909385113 0.21134962805526036