0 0.11083191850594228 0.03904054054054054 0.03301358234295415 0.04204054054054054
0 0.16365025466893038 0.03904054054054054 0.04432937181663835 0.036040540540540546
0 0.23533106960950767 0.036040540540540546 0.0726315789473684 0.04204054054054054
0 0.03867572156196944 0.11862162162162163 0.03395585738539898 0.04204054054054056
0 0.08913412563667232 0.11936486486486486 0.03867572156196944 0.031527027027027046
0 0.14808149405772494 0.12237837837837838 0.035840407470288646 0.028527027027027044
0 0.20137521222410865 0.12162162162162163 0.04621392190152801 0.03604054054054056
0 0.2593887945670628 0.12162162162162163 0.04716468590831924 0.03604054054054056
0 0.33154499151103567 0.12012162162162163 0.05565365025466898 0.036040540540540525
0 0.40134125636672324 0.11712162162162162 0.04056027164685906 0.036040540540540525
0 0.45368421052631586 0.1126081081081081 0.03395585738539898 0.03302702702702703
0 0.5159422750424448 0.12162162162162163 0.05281833616298814 0.03302702702702703
0 0.5852631578947369 0.12462162162162162 0.03489813242784372 0.03302702702702703
0 0.6409168081494058 0.12837837837837837 0.03301358234295425 0.016513513513513513
0 0.8677589134125637 0.03904054054054054 0.022640067911714832 0.01801351351351351
0 0.8908658743633278 0.03904054054054054 0.014151103565365088 0.01801351351351351
0 0.9097368421052632 0.03678378378378378 0.014151103565365088 0.01951351351351351
0 0.9309592529711376 0.03828378378378378 0.01697792869269949 0.016513513513513513
0 0.9767062818336163 0.03904054054054054 0.042444821731748725 0.015013513513513512
3 0.5050933786078099 0.4001486486486487 0.8234295415959253 0.33783783783783783
1 0.548955857385399 0.04129729729729729 0.1301612903225806 0.025527027027027024
2 0.720144312393888 0.03828378378378378 0.1726061120543293 0.04054054054054054