3 0.06730458221024259 0.48536507936507933 0.09720350404312668 0.9552592592592593
3 0.9043126684636119 0.5 0.19137466307277629 1
1 0.7756940700808626 0.023195767195767197 0.03487196765498652 0.030920634920634918
0 0.7430929919137467 0.025312169312169314 0.015161725067385445 0.026687830687830687
0 0.7240566037735849 0.024656084656084654 0.014150943396226415 0.02536507936507936
0 0.7077156334231806 0.020814814814814817 0.01853099730458221 0.03039153439153439
1 0.6663611859838275 0.02795767195767196 0.0621630727762804 0.031978835978835975
2 0.5719339622641509 0.025978835978835976 0.11084905660377359 0.028010582010582007
0 0.4107142857142857 0.021693121693121695 0.07075471698113207 0.04338624338624339
0 0.3353301886792453 0.02543915343915344 0.07058625336927224 0.05022222222222222
0 0.257243935309973 0.02980952380952381 0.07446091644204851 0.05471957671957673
0 0.2069609164420485 0.07266666666666667 0.04295822102425876 0.021915343915343923
0 0.2580862533692722 0.07266666666666667 0.04582210242587601 0.021915343915343923
0 0.30357142857142855 0.07425396825396825 0.04245283018867924 0.01874074074074075
0 0.35621967654986525 0.07160846560846561 0.05171832884097035 0.02403174603174604
0 0.2473045822102426 0.35675132275132276 0.03099730458221024 0.025005291005291
0 0.2478099730458221 0.6712486772486773 0.028638814016172506 0.0254391534391534
0 0.24671832884097034 0.9819259259259259 0.028133423180592993 0.009746031746031784
1 0.6124528301886792 0.07491005291005291 0.07564016172506738 0.02006349206349207
1 0.6916307277628033 0.07635978835978835 0.07227088948787062 0.025079365079365076
1 0.7652493261455526 0.07213756613756614 0.06789083557951482 0.022973544973544983