0 0.8947127272727273 0.18038507821901326 0.04991999999999991 0.12379061371841156
0 0.8238836363636363 0.1848977135980746 0.048763636363636495 0.11750902527075814
0 0.7480218181818181 0.18244283995186525 0.05901090909090908 0.12789410348977134
0 0.6790109090909091 0.17765342960288807 0.05157090909090915 0.12926594464500604
0 0.6014909090909091 0.18326113116726833 0.05190545454545446 0.13172081829121537
0 0.5315709090909091 0.18244283995186525 0.05421818181818178 0.1169554753309266
0 0.46512727272727267 0.18285198555956678 0.05355636363636371 0.12434416365824306
0 0.39066181818181817 0.17628158844765343 0.06495999999999995 0.13747292418772564
0 0.3145454545454546 0.17765342960288807 0.06644363636363637 0.14020457280385076
0 0.2423127272727273 0.17382671480144404 0.06413090909090906 0.14785800240673888
0 0.17132363636363637 0.17191335740072203 0.06594909090909089 0.13528279181708786
0 0.09347636363636364 0.17505415162454874 0.045789090909090904 0.13719614921780984
0 0.8802472727272727 0.46093862815884484 0.13834909090909092 0.3282551143200963
0 0.7258690909090909 0.4560168471720818 0.1403345454545454 0.32717208182912155
0 0.5774400000000001 0.45423586040914565 0.1343781818181818 0.31705174488567994
0 0.4218181818181818 0.4508182912154031 0.14545454545454545 0.3320938628158845
0 0.26620363636363636 0.4527316486161252 0.13669818181818186 0.31185318892900116
0 0.10768727272727273 0.45806257521058963 0.13371636363636363 0.3203249097472925
0 0.1058690909090909 0.815740072202166 0.13338909090909087 0.3158483754512636
0 0.2639709090909091 0.815066185318893 0.13719272727272727 0.31448856799037295
0 0.42198545454545455 0.8123225030084236 0.14248000000000002 0.3199518652226235
0 0.5728145454545455 0.8102767749699158 0.13834909090909092 0.3158483754512636
0 0.7276072727272728 0.812057761732852 0.12892363636363635 0.3150300842358604
0 0.8852872727272727 0.8131528279181709 0.14016727272727275 0.3128399518652227