0 0.9243882978723404 0.2314408866995074 0.10305851063829788 0.05583743842364536
0 0.9541223404255319 0.09907635467980296 0.04063829787234056 0.05383004926108376
0 0.9543085106382979 0.16064039408866995 0.03731382978723417 0.05380541871921182
0 0.9541223404255319 0.6349753694581282 0.025859929078014248 0.023399014778325122
0 0.9498758865248227 0.6908990147783252 0.02105496453900709 0.024408866995073813
0 0.9532003546099291 0.7402709359605911 0.027703900709219857 0.030812807881773378
0 0.7539184397163119 0.3073768472906404 0.4380939716312056 0.047610837438423675
0 0.9234663120567377 0.944347290640394 0.06058510638297875 0.040763546798029446
3 0.7521631205673759 0.9439532019704434 0.4401241134751773 0.10566502463054181
0 0.315 0.7477093596059113 0.04968085106382975 0.06210591133004934
0 0.2534929078014184 0.7484852216748769 0.04857269503546096 0.06570197044334965
0 0.19660460992907802 0.7480911330049261 0.053005319148936185 0.06902709359605906