0 0.03963081861958266 0.19236666666666666 0.047150882825040125 0.043055555555555555
0 0.09681380417335474 0.19027777777777777 0.03711878009630819 0.05555555555555555
0 0.1539967897271268 0.18611111111111112 0.039125200642054575 0.03611111111111111
0 0.21318619582664528 0.19583333333333333 0.03711878009630819 0.03333333333333333
0 0.2864205457463884 0.19583333333333333 0.07122792937399679 0.03888888888888889
0 0.3486195826645265 0.19305555555555556 0.0351123595505618 0.044444444444444446
0 0.4118218298555377 0.1882 0.051163723916532906 0.04027777777777778
0 0.49056982343499195 0.19375555555555554 0.06621187800963081 0.0375
0 0.5522712680577849 0.19097777777777777 0.039125200642054575 0.034722222222222224
0 0.6079454253611557 0.19027777777777777 0.03812199036918138 0.03333333333333333
0 0.6741573033707865 0.20208888888888887 0.056179775280898875 0.043055555555555555
0 0.7840128410914927 0.08125555555555555 0.023073836276083465 0.034722222222222224
0 0.8191252006420546 0.0868111111111111 0.031099518459069112 0.02638888888888889
0 0.9028892455858748 0.06944444444444445 0.08226324237560192 0.03888888888888889
1 0.8457062600321027 0.19514444444444443 0.06821829855537721 0.02361111111111111
1 0.9149277688603531 0.19166666666666668 0.0521669341894061 0.025
2 0.18409309791332262 0.07847777777777777 0.33607544141252005 0.04861111111111111