2 0.7536966513460277 0.0980793991416309 0.2509848982271832 0.028111587982832607
3 0.9211293499671701 0.15398068669527895 0.05400525279054498 0.2729613733905579
3 0.0672225869993434 0.3653111587982833 0.09274458305975049 0.4724463519313304
0 0.8237885751805647 0.31988197424892706 0.08585029546946815 0.040386266094420586
0 0.8242810242941564 0.5046781115879828 0.08355219960604071 0.040869098712446386
0 0.8517728168089297 0.6912017167381975 0.054826001313197634 0.06199570815450641
0 0.8516086671043992 0.873851931330472 0.05778069599474721 0.056051502145922756
0 0.4281877872619829 0.8851180257510729 0.05630334865397242 0.02278969957081546
0 0.4286802363755745 0.6987231759656652 0.06057124097176625 0.025525751072961334
0 0.4217005909389363 0.48321888412017167 0.03512803676953381 0.019420600858369122
0 0.2997373604727511 0.15400214592274677 0.03742613263296126 0.01548283261802576
0 0.25189100459619174 0.1543991416309013 0.03857518056467498 0.033454935622317605
0 0.17219304005252792 0.020708154506437766 0.087655942219304 0.0300107296137339
1 0.8498030203545633 0.15373390557939914 0.06401838476690742 0.03211373390557941
1 0.7371175311884439 0.1543991416309013 0.07009192383453709 0.033454935622317605
1 0.6592252133946159 0.15359442060085837 0.066973079448457 0.02969957081545065
0 0.7925147734734077 0.15278969957081545 0.03151674326986211 0.025944206008583697