1 0.09262968299711816 0.025487932843651626 0.08028097982708934 0.02098635886673662
1 0.1847478386167147 0.026232948583420776 0.06690201729106629 0.01648478488982162
1 0.27017291066282423 0.02098635886673662 0.08336455331412107 0.02098635886673662
0 0.4785951008645533 0.13566631689401887 0.15026657060518728 0.05246589716684155
0 0.7719236311239194 0.143903462749213 0.03293227665706055 0.029979013641133256
0 0.8069164265129684 0.14240293809024135 0.018523054755043254 0.02697796432318992
1 0.9077809798270894 0.2323504721930745 0.06793227665706049 0.026977964323189906
0 0.7081123919308357 0.3357817418677859 0.030878962536022982 0.02098635886673662
0 0.7070821325648414 0.4197271773347324 0.034992795389048946 0.02398740818467997
0 0.7096541786743515 0.5463903462749213 0.03602305475504323 0.022486883525708296
0 0.935057636887608 0.7030430220356768 0.03602305475504323 0.01798530954879339
0 0.9335086455331413 0.9114060860440714 0.037053314121037344 0.023987408184679853