0 0.9528286014721346 0.02043132803632236 0.02724500525762364 0.02576617480136209
0 0.9099263932702418 0.02094211123723042 0.053774973711882335 0.024733257661748012
0 0.8418191377497372 0.021328036322360952 0.06572029442691903 0.02138479001135074
0 0.7580546792849632 0.021078320090805902 0.08220820189274454 0.027060158910329174
0 0.6855205047318611 0.01771850170261067 0.02078864353312301 0.018286038592508512
2 0.5125026288117771 0.020817253121452894 0.39169295478443744 0.0327355278093076
1 0.28343848580441644 0.01978433598183882 0.05066246056782332 0.024483541430192962
0 0.23396424815983174 0.021464245175936435 0.042544689800210284 0.02370034052213394
0 0.1797160883280757 0.01978433598183882 0.053533123028391194 0.024483541430192962
0 0.09726603575184017 0.019398410896708285 0.0941640378548896 0.017514188422247445
0 0.94267087276551 0.12012485811577753 0.018885383806519492 0.024971623155505107
0 0.9433859095688748 0.30145289443813844 0.0250998948475288 0.028524404086265602
0 0.7023764458464774 0.5159250851305335 0.3388748685594111 0.04059023836549375
1 0.6037960042060989 0.45866061293984106 0.05807570977917983 0.020998864926220204
0 0.029631966351209252 0.09716231555051077 0.040147213459516294 0.04509648127128262
0 0.02808622502628812 0.14668558456299657 0.03943217665615142 0.03888762769580022
0 0.029873817034700316 0.1919523269012486 0.04540483701366982 0.03861520998864924
0 0.02904311251314406 0.24096481271282633 0.0413459516298633 0.04375709421112373
0 0.030357518401682444 0.2873893303064699 0.03680336487907466 0.04374574347332576
0 0.029158780231335436 0.3353688989784336 0.03919032597266036 0.04063564131668553
0 0.029631966351209252 0.38604994324631103 0.040147213459516294 0.045005675368898955
0 0.029631966351209252 0.4328717366628831 0.040147213459516294 0.041645856980703805
0 0.031314405888538385 0.476583427922815 0.038717139852786533 0.03415437003405225
0 0.030473186119873815 0.5240408626560726 0.04421661409043112 0.04239500567536893
0 0.9398002103049422 0.7109194097616346 0.022702418506834826 0.021963677639046435
0 0.7958149316508939 0.7973325766174801 0.014342797055730916 0.019353007945516407
0 0.6672450052576235 0.7702497162315551 0.015299684542586702 0.016787741203178164
0 0.6993901156677182 0.6577866061293984 0.01984227129337528 0.025073779795686625
0 0.6673606729758149 0.5689330306469921 0.013144058885383806 0.024835414301929686