0 0.7379708222811671 0.11134676564156946 0.011366047745358005 0.019692470837751847
0 0.7389190981432361 0.1302863202545069 0.0075795755968168675 0.015153764581124064
0 0.7403381962864722 0.16436903499469777 0.012314323607427164 0.016659597030752895
0 0.7374933687002653 0.1901272534464475 0.008527851458886026 0.019692470837751847
0 0.7374933687002653 0.21512195121951222 0.01041777188328915 0.02424178154825028
0 0.7417572944297082 0.24541887592788972 0.0075795755968168675 0.021208907741251327
3 0.06868037135278514 0.49083775185577944 0.09757294429708221 0.9544008483563097
0 0.7389190981432361 0.4946235418875928 0.0075795755968168675 0.01969247083775191
0 0.7393899204244032 0.5226511134676565 0.006631299734748011 0.012120890774125079
0 0.7374933687002653 0.5514316012725344 0.01041777188328915 0.015153764581124033
0 0.7389190981432361 0.5726405090137858 0.009476127320954883 0.0121208907741252
0 0.7403381962864722 0.6052067868504772 0.01041777188328915 0.016659597030752954
0 0.7398607427055703 0.8203287380699894 0.009476127320954883 0.010604453870625663
0 0.7384416445623342 0.8415376458112408 0.008527851458886026 0.007571580063626829
0 0.7403381962864722 0.8718345705196182 0.014210875331564878 0.013637327677624496
0 0.7398607427055703 0.9013785790031813 0.009476127320954883 0.0121208907741252
0 0.741286472148541 0.9309225874867445 0.012314323607427164 0.013637327677624496
0 0.7389190981432361 0.9544008483563097 0.0075795755968168675 0.0121208907741252
1 0.7791777188328912 0.4953764581124072 0.01041777188328915 0.015153764581124033
1 0.7805968169761274 0.10452810180275715 0.0075795755968168675 0.015153764581124064
1 0.7820225464190981 0.13482502651113468 0.004734748010609995 0.015153764581124064
1 0.7843899204244031 0.1628525980911983 0.011366047745358005 0.010604453870625663
1 0.7820225464190981 0.18784729586426296 0.008527851458886026 0.021208907741251327
1 0.7810742705570292 0.2158748674443266 0.004734748010609995 0.010604453870625663
1 0.7810742705570292 0.2431495227995758 0.006631299734748011 0.010604453870625663
1 0.7805968169761274 0.5249204665959704 0.0075795755968168675 0.013637327677624617
1 0.7791777188328912 0.5514316012725344 0.008527851458886026 0.0121208907741252
1 0.7801259946949602 0.5756733828207847 0.01041777188328915 0.021208907741251327
1 0.7824933687002652 0.61050901378579 0.009476127320954883 0.02726405090137862
1 0.7796485411140583 0.81881230116649 0.009476127320954883 0.010604453870625663
1 0.7820225464190981 0.8476033934252386 0.006631299734748011 0.013637327677624496
1 0.7815450928381963 0.8756203605514317 0.0075795755968168675 0.009088016967126125
1 0.7815450928381963 0.9036479321314952 0.0075795755968168675 0.016659597030752954
1 0.7829641909814324 0.9551537645811241 0.004734748010609995 0.010604453870625663
1 0.7810742705570292 0.9286426299045599 0.006631299734748011 0.0121208907741252
1 0.550868700265252 0.8256309650053023 0.05778514588859423 0.015153764581124033
3 0.550868700265252 0.7544326617179214 0.07294429708222812 0.1636161187698833