2 0.8741766329346826 0.17054209919261823 0.18022999080036795 0.04265282583621686
0 0.9271757129714812 0.044867358708189156 0.0792456301747931 0.0345674740484429
0 0.8635142594296228 0.045524798154555936 0.03763569457221719 0.025386389850057676
0 0.8080036798528059 0.0468396770472895 0.033247470101196046 0.017531718569780856
0 0.6066513339466421 0.11432525951557095 0.052897884084636616 0.026678200692041517
0 0.5330542778288868 0.1156401384083045 0.05624655013799457 0.0292964244521338
0 0.4575804967801288 0.11432525951557095 0.051646734130634815 0.03716262975778547
0 0.3777092916283349 0.10371395617070357 0.08425942962281512 0.05577854671280275
0 0.28832566697332107 0.1168166089965398 0.06230910763569459 0.029561707035755475
0 0.2046918123275069 0.11891580161476355 0.05394664213431462 0.025363321799307968
0 0.12733210671573136 0.11432525951557095 0.05812327506899725 0.026678200692041517
0 0.1573413063477461 0.17068050749711647 0.07004599816007358 0.04500576701268741
0 0.08990800367985281 0.17014994232987313 0.03763569457221711 0.035570934256055335
0 0.23438822447102117 0.1746136101499423 0.04642134314627413 0.04238754325259515
0 0.29553817847286107 0.17185697808535177 0.05582336706531734 0.045271049596309114
0 0.3688224471021159 0.1692387543252595 0.05854645814167432 0.025351787773933123
0 0.4430450781968721 0.16989619377162632 0.06063477460901561 0.026655132641291827
0 0.5300275988960441 0.17068050749711647 0.08405703771849136 0.01985005767012685
0 0.9551977920883165 0.34824682814302194 0.024885004599816175 0.03944636678200697
0 0.9169365225390985 0.34628604382929645 0.0390984360625575 0.025040369088812037
0 0.8526402943882246 0.8057439446366782 0.1814811407543699 0.05478662053056517
0 0.7359705611775529 0.8060092272202998 0.0401471941122356 0.059504036908881106
0 0.6904967801287949 0.8073125720876586 0.0390984360625575 0.062122260668973354
0 0.4932290708371665 0.9322029988465975 0.08572217111315553 0.0350865051903115
0 0.04893284268629255 0.11799307958477508 0.03763569457221711 0.046597462514417536
2 0.3753081876724931 0.04460207612456748 0.41022079116835325 0.05709342560553633