0 0.35078032230703987 0.024941798941798942 0.05210347752332481 0.025703703703703708
0 0.40167090754877016 0.03401058201058201 0.03513994910941472 0.02267724867724868
0 0.43620865139949105 0.031746031746031744 0.024232400339270564 0.01813756613756614
0 0.46346904156064456 0.022677248677248678 0.0278710771840542 0.021164021164021163
0 0.4955810008481764 0.02871957671957672 0.026658184902459765 0.02419047619047619
0 0.5210262934690415 0.024941798941798942 0.026658184902459765 0.025703703703703708
0 0.5591942324003393 0.02796825396825397 0.035139949109414814 0.025703703703703708
0 0.6022052586938084 0.02871957671957672 0.03635284139100924 0.02419047619047619
0 0.6331043256997455 0.02948148148148148 0.0278710771840542 0.01662433862433863
0 0.6864206955046649 0.030994708994708995 0.0278710771840542 0.013608465608465608
0 0.717921967769296 0.02871957671957672 0.0278710771840542 0.01813756613756614
0 0.7633587786259542 0.02796825396825397 0.029083969465648823 0.022677248677248674
0 0.8021289228159457 0.02871957671957672 0.029083969465648823 0.033259259259259266
0 0.8275742154368109 0.030232804232804233 0.026658184902459765 0.02419047619047619
0 0.30715860899067005 0.2683280423280423 0.04240882103477523 0.019650793650793672
3 0.8575063613231552 0.8994708994708994 0.1984732824427481 0.20105820105820105
3 0.42711620016963525 0.9625820105820105 0.6603647158608991 0.07482539682539686