0 0.5161431064572426 0.0222497308934338 0.0549738219895288 0.03306781485468245
0 0.44829842931937175 0.018482238966630787 0.06326352530541013 0.02983853606027987
0 0.3779493891797557 0.019289558665231434 0.055628272251308904 0.022841765339074272
0 0.32089877835951136 0.019827771797631864 0.04406631762652705 0.021765339074273412
0 0.2680017452006981 0.017814854682454254 0.045157068062827224 0.028493003229278793
0 0.21596858638743455 0.021313240043057048 0.04799301919720768 0.026878363832077496
0 0.16055846422338568 0.01889128094725511 0.041884816753926704 0.03710441334768568
0 0.09653577661431065 0.019160387513455324 0.06871727748691099 0.031184068891280944
0 0.02988656195462478 0.02158234660925726 0.03795811518324607 0.031722282023681374
0 0.854389179755672 0.9251022604951561 0.09227748691099487 0.10787944025834233
0 0.6821553228621291 0.9178363832077502 0.10340314136125654 0.11702906350914966
0 0.5014223385689355 0.9230893433799784 0.1018760907504363 0.11460710441334772
0 0.3226439790575916 0.9240258342303552 0.09991273996509599 0.11003229278794406
0 0.1526003490401396 0.9232185145317545 0.09794938917975567 0.11702906350914966
3 0.7714921465968587 0.4858234660925727 0.4413176265270507 0.5425511302475781
0 0.06861256544502617 0.3595263724434876 0.10885689354275742 0.04454251883745963