0 0.6685037674919267 0.7075812743823147 0.09643702906350907 0.040403120936280804
0 0.7079763186221745 0.5243302990897268 0.03185145317545739 0.03585175552665806
0 0.886264800861141 0.18235370611183355 0.04305705059203445 0.04542262678803642
0 0.7481162540365985 0.18005201560468143 0.08073196986006459 0.03648894668400521
0 0.6286975242195909 0.18032509752925877 0.0953067814854682 0.041365409622886866
0 0.5202798708288482 0.18113133940182052 0.06458557588805161 0.04516254876462939
0 0.40713670613562974 0.177074122236671 0.05584499461786867 0.03703511053315995
0 0.3033046286329386 0.17720416124837451 0.06795479009687835 0.03946684005201562
0 0.20082884822389666 0.18126137841352405 0.028934337997847143 0.03676202860858257
0 0.8192034445640474 0.6747984395318595 0.13769644779332624 0.057204161248374526
3 0.46948331539289556 0.051755526657997396 0.8622604951560817 0.10349804941482445
0 0.8672012917115177 0.014551365409622886 0.018396124865446627 0.015409622886866058
0 0.7670721205597417 0.11910273081924577 0.04462863293864374 0.022964889466840048
0 0.7197524219590957 0.12140442132639792 0.044176533907427304 0.021066319895968775
0 0.6559526372443487 0.12140442132639792 0.07131324004305704 0.021066319895968775
0 0.5881162540365985 0.12085825747724317 0.036555435952637286 0.022145643693107935
0 0.5428094725511302 0.12410923276983095 0.03566200215285258 0.026488946684005206
1 0.8656297093649085 0.1222106631989597 0.10047362755651229 0.035695708712613766
1 0.2964693218514532 0.706631989596879 0.16415500538213132 0.045006501950585046
0 0.06526372443487621 0.4100260078023407 0.02914962325080732 0.036970091027308125
0 0.10395048439181916 0.4074512353706112 0.03251883745963402 0.044824447334200296
0 0.15104413347685683 0.40202860858257483 0.045974165769644776 0.023159947984395246