0 0.2417439293598234 0.029977876106194692 0.050389992641648285 0.034292035398230086
0 0.30055187637969094 0.029192477876106196 0.03976453274466517 0.03586283185840708
0 0.35157468727005153 0.030619469026548673 0.04089036055923477 0.03873893805309734
0 0.4016924208977189 0.030619469026548673 0.03810154525386311 0.03873893805309734
0 0.4503237674760854 0.03133849557522124 0.03445916114790282 0.04017699115044247
0 0.4998233995584989 0.03277654867256637 0.036732891832229636 0.04305309734513275
0 0.5493598233995586 0.029767699115044247 0.03700515084621042 0.04334070796460177
0 0.6021486387049302 0.029977876106194692 0.047976453274466556 0.034292035398230086
0 0.6676011773362767 0.032201327433628316 0.052729948491537955 0.03557522123893805
0 0.7499116997792494 0.031194690265486723 0.06388520971302424 0.04620575221238939
0 0.8828256070640177 0.02890486725663717 0.031162619573215533 0.04793141592920354
0 0.9214201618837381 0.030409292035398234 0.028476821192052845 0.04778761061946903
0 0.960691685062546 0.02954646017699115 0.039735099337748346 0.05238938053097345
0 0.3284032376747609 0.23646017699115043 0.06813097866078001 0.05219026548672567
0 0.40957321559970566 0.23402654867256636 0.06437821927888154 0.059944690265486725
0 0.48510669610007356 0.24178097345132743 0.045150846210448785 0.050176991150442496
0 0.5450110375275938 0.2402654867256637 0.05143487858719654 0.050320796460177
0 0.606019131714496 0.23797566371681417 0.053612950699043344 0.05204646017699116
0 0.6755334805003679 0.24178097345132743 0.05597498160412063 0.050176991150442496