0 0.9330890336590663 0.024723163841807904 0.02985884907709012 0.02966101694915254
0 0.9632899022801303 0.02613559322033898 0.018322475570032574 0.02966101694915254
0 0.7583496199782845 0.6532542372881356 0.3929153094462541 0.05508474576271186
0 0.7349348534201955 0.7966101694915254 0.3501628664495114 0.03954802259887006
0 0.9225732899022802 0.7966101694915254 0.019679695982627577 0.02824858757062147
0 0.9480184581976113 0.7966101694915254 0.019001085776330078 0.03389830508474576
0 0.6412866449511401 0.8601694915254238 0.07600434310532031 0.03954802259887006
0 0.6874321389793703 0.8559322033898306 0.012214983713355049 0.031073446327683617
0 0.6246634093376765 0.9456271186440678 0.06446796959826276 0.04096045197740113
0 0.6677524429967426 0.9470395480225988 0.019001085776330078 0.03531073446327684
0 0.6881107491856677 0.9463276836158192 0.01764386536373507 0.031073446327683617
1 0.7542779587404995 0.315683615819209 0.39020086862106407 0.04096045197740113