2 0.7779170344218889 0.15311015118790497 0.36120917917034434 0.05068034557235422
0 0.9479258605472197 0.030421166306695467 0.019417475728155338 0.03424406047516199
0 0.9106354810238305 0.029071274298056157 0.028684907325684024 0.03154427645788337
0 0.8690467784642542 0.02920086393088553 0.03596646072374228 0.03397408207343412
0 0.403468667255075 0.08535637149028079 0.058031774051191524 0.0404427645788337
0 0.3433362753751103 0.08832613390928726 0.04589585172109444 0.03990280777537798
0 0.27924095322153575 0.08521598272138228 0.04346866725507502 0.03801295896328293
0 0.2271668137687555 0.0822462203023758 0.054060017652250665 0.03855291576673866
0 0.16406001765225064 0.08832613390928726 0.06023830538393645 0.029103671706263486
0 0.1001765225066196 0.0858963282937365 0.04501323918799647 0.028563714902807763
0 0.04236540158870256 0.08535637149028079 0.0441306266548985 0.02964362850971921
0 0.940423654015887 0.32195464362850973 0.03089143865842895 0.03416846652267817
0 0.7614739629302736 0.321414686825054 0.030450132391879964 0.024449244060475148
0 0.5798764342453663 0.3226349892008639 0.02471315092674316 0.03551835853131748
0 0.39949691085613415 0.32114470842332615 0.023609885260370698 0.030388768898488107
0 0.9406443071491615 0.7295680345572355 0.026919682259488084 0.02865010799136066
0 0.7616946160635482 0.7302375809935205 0.0264783759929391 0.02999999999999997
0 0.5793292144748455 0.7307775377969763 0.02581641659311562 0.028920086393088525
0 0.3989408649602824 0.7303779697624191 0.02471315092674316 0.03242980561555073
1 0.9064430714916152 0.2605399568034557 0.11297440423654016 0.04092872570194382
1 0.10007060900264783 0.31102591792656586 0.1793909973521624 0.03173866090712742
1 0.09841129744042365 0.3474622030237581 0.18270079435127978 0.029028077753779694
1 0.09720211827007944 0.38403887688984883 0.17806707855251544 0.028747300215982725
1 0.0997352162400706 0.4223758099352052 0.176522506619594 0.027656587473002175
1 0.10007060900264783 0.4582721382289417 0.1793909973521624 0.0260259179265659
1 0.06421006178287732 0.5730021598272138 0.09223300970873786 0.02869330453563708
1 0.08561341571050309 0.6063390928725703 0.13945278022947927 0.024092872570194327
1 0.07932921447484553 0.6385961123110152 0.1290820829655781 0.021652267818574465
1 0.06101500441306266 0.6724730021598273 0.09686672550750221 0.026771058315334734
1 0.09609885260370697 0.7080993520518359 0.16262135922330098 0.031079913606911418
1 0.05913503971756399 0.7413066954643629 0.09532215357458076 0.024060475161987012
1 0.09289496910856135 0.7705939524838014 0.15842894969108562 0.03295896328293735
1 0.06829655781112091 0.8043412526997841 0.10701676963812887 0.024848812095032386
1 0.09389232127096205 0.8378077753779697 0.15820829655781113 0.03347732181425486
1 0.06476610767872903 0.958876889848812 0.0911297440423654 0.031555075593952514
1 0.07458075904677847 0.9913606911447084 0.1209179170344219 0.017278617710583154