0 0.1798 0.03194888178913738 0.030544827586206892 0.04564430244941427
0 0.17635172413793104 0.11106496272630459 0.031524137931034465 0.045644302449414254
0 0.18128275862068965 0.19626198083067092 0.03744137931034482 0.06085197018104365
0 0.8773379310344829 0.031192758253461128 0.014779310344827472 0.03194888178913738
0 0.9073862068965517 0.028903088391906286 0.0157655172413794 0.03042598509052183
0 0.4517241379310345 0.4510862619808307 0.3950758620689656 0.05629392971246008
0 0.4536965517241379 0.5332374866879659 0.39507586206896544 0.04412140575079867
0 0.31231724137931033 0.35904153354632584 0.06502758620689653 0.03347177848775287
0 0.4004896551724138 0.3552396166134185 0.060096551724138 0.028903088391906268
0 0.4881793103448276 0.35600638977635785 0.06404137931034476 0.030425985090521884
0 0.5778344827586207 0.3582854100106496 0.06995172413793108 0.02282215122470708
3 0.08620689655172414 0.39328008519701807 0.07586206896551724 0.5918104366347178
3 0.8211793103448276 0.6450585729499468 0.19014482758620693 0.2525452609158679
0 0.7674896551724137 0.8162193823216187 0.08275862068965517 0.041075612353567555