0 0.07106244175209693 0.09526558891454966 0.07455731593662628 0.05196304849884527
0 0.14445479962721341 0.09599307159353349 0.046598322460391424 0.03897228637413395
0 0.21551724137931033 0.09526558891454966 0.048928238583411 0.023094688221709007
0 0.2714352283317801 0.09743648960739029 0.046598322460391424 0.021651270207852194
0 0.3360950605778192 0.09310623556581986 0.047763280521901215 0.027424942263279444
0 0.44560111835973903 0.08877598152424941 0.13164026095060577 0.03608545034642032
0 0.5719944082013048 0.09670900692840646 0.06523765144454799 0.023094688221709007
0 0.6704380242311276 0.08877598152424941 0.07106244175209693 0.03897228637413395
0 0.5556849953401678 0.028868360277136258 0.06523765144454799 0.03175519630484989
0 0.6174277726001864 0.0310392609699769 0.046598322460391424 0.024538106235565817
0 0.6745107176141659 0.033198614318706694 0.06290773532152842 0.025981524249422634
0 0.7985834109972041 0.03031177829099307 0.0733923578751165 0.028868360277136258
0 0.87547064305685 0.027424942263279444 0.054753028890959926 0.03464203233256351
0 0.9278937558247903 0.033198614318706694 0.022134203168685928 0.017321016166281754
0 0.17649580615097857 0.03608545034642032 0.04543336439888164 0.025981524249422634
0 0.22425908667287978 0.03608545034642032 0.029123951537744643 0.023094688221709007
0 0.28075489282385835 0.026709006928406467 0.07455731593662628 0.018764434180138567
0 0.3990027958993476 0.7808891454965358 0.14095992544268407 0.05196304849884527
0 0.554520037278658 0.7816166281755196 0.13047530288909598 0.0562933025404157
0 0.7327586206896551 0.5903579676674365 0.05358807082945014 0.025981524249422634
0 0.7950885368126748 0.586027713625866 0.06174277726001864 0.025981524249422634
0 0.8964398881640261 0.22806004618937645 0.02679403541472507 0.03175519630484989
0 0.929636533084809 0.2323903002309469 0.023299161230195712 0.023094688221709007
0 0.8515843429636533 0.14434180138568128 0.08387698042870456 0.03175519630484989
0 0.062329916123019566 0.8761547344110855 0.08737185461323392 0.04330254041570439
0 0.1497017707362535 0.8797690531177829 0.08504193849021435 0.03608545034642032