0 0.22213242453748783 0.30561674008810574 0.013388510223953261 0.016519823788546256
0 0.4789483933787731 0.30906387665198237 0.027994157740993186 0.009636563876651983
0 0.7144595910418695 0.30906387665198237 0.017039922103213243 0.01789647577092511
0 0.9724926971762414 0.3131938325991189 0.019474196689386564 0.01789647577092511
0 0.934761441090555 0.11563876651982379 0.09737098344693282 0.02477973568281938
0 0.2172638753651412 0.5293281938325991 0.0182570593962999 0.02340308370044053
0 0.4704284323271665 0.5279515418502203 0.013388510223953261 0.0151431718061674
0 0.7193281402142162 0.5286343612334802 0.017039922103213243 0.013766519823788546
0 0.9712755598831548 0.5265748898678414 0.019474196689386564 0.02064977973568282
0 0.9688412852969815 0.7447687224669604 0.014605647517039922 0.016519823788546256
0 0.9718889970788704 0.9684801762114538 0.025559883154819864 0.02340308370044053
0 0.7144595910418695 0.9650330396475771 0.017039922103213243 0.013766519823788546
0 0.7217624148003895 0.7427092511013216 0.009737098344693282 0.0151431718061674
0 0.4698149951314508 0.7509691629955947 0.019474196689386564 0.01238986784140969
0 0.46677702044790653 0.9657268722466961 0.025559883154819864 0.02340308370044053
0 0.2196981499513145 0.9677863436123348 0.010954235637779941 0.016519823788546256
0 0.22091528724440115 0.7427092511013216 0.013388510223953261 0.0151431718061674
3 0.5032911392405063 0.03786343612334801 0.9749269717624148 0.07020925110132158