0 0.1984978540772532 0.6409544950055494 0.17703862660944206 0.05549389567147614
0 0.18374821173104436 0.8365704772475028 0.14753218884120173 0.02774694783573807
0 0.7215665236051502 0.5958712541620421 0.30579399141630903 0.054106548279689234
0 0.6728397711015737 0.6694006659267481 0.06169527896995708 0.020810210876803552
0 0.769406294706724 0.6694006659267481 0.07242489270386267 0.02358490566037736
0 0.5995207439198855 0.8088235294117647 0.04381258941344778 0.08324084350721421
0 0.6580829756795422 0.8053607103218646 0.03934191702432046 0.08462819089900112
0 0.7215665236051502 0.8081354051054384 0.033977110157367665 0.09295227524972254
0 0.7837124463519314 0.8039733629300777 0.04381258941344778 0.08740288568257491
0 0.8436194563662376 0.8060488346281909 0.04560085836909871 0.09156492785793563
0 0.6410944206008584 0.21296337402885682 0.15915593705293277 0.05965593784683685
0 0.7998068669527898 0.21226415094339623 0.15110872675250359 0.06381798002219756
2 0.7215665236051502 0.339211986681465 0.30758226037195996 0.045782463928967815
2 0.7233547925608012 0.46337402885682577 0.30758226037195996 0.04439511653718091
1 0.6071173104434907 0.5202552719200888 0.07689556509298999 0.022197558268590455