0 0.10033293697978596 0.10051995163240628 0.08174791914387634 0.03174123337363966
0 0.1872770511296076 0.09068923821039904 0.07431629013079667 0.03325272067714631
0 0.25862068965517243 0.10354292623941959 0.0535077288941736 0.025695284159613058
0 0.3158501783590963 0.09900846432889963 0.05202140309155767 0.019649334945586457
0 0.3812485136741974 0.09900846432889963 0.06093935790725327 0.025695284159613058
0 0.4637336504161712 0.09749697702539298 0.05648038049940547 0.03174123337363966
0 0.5603448275862069 0.09522370012091898 0.07728894173602854 0.02418379685610641
0 0.636896551724138 0.10126964933494559 0.0490487514863258 0.02720677146311971
0 0.7216171224732462 0.10278113663845223 0.08174791914387634 0.018137847642079808
0 0.8159928656361475 0.10051995163240628 0.089179548156956 0.02267230955259976
0 0.9096313912009513 0.09447400241837968 0.08620689655172414 0.019649334945586457
0 0.824910820451843 0.034014510278113655 0.059453032104637336 0.05290205562273277
0 0.8947681331747919 0.02871825876662636 0.0535077288941736 0.05441354292623942
0 0.969833531510107 0.03476420798065296 0.05202140309155767 0.05743651753325272
0 0.949024970273484 0.17760580411124546 0.025267538644470868 0.025695284159613058
0 0.7208680142687277 0.6340749697702539 0.5380499405469679 0.1284764207980653
0 0.0802615933412604 0.6234945586457074 0.089179548156956 0.09220072551390568
0 0.17464922711058264 0.6197097944377267 0.09661117717003567 0.09371221281741234
0 0.27051129607609986 0.6280290205562273 0.08620689655172414 0.09522370012091898
0 0.4942092746730083 0.815453446191052 0.022294887039239 0.016626360338573155
0 0.558858501783591 0.810918984280532 0.0267538644470868 0.025695284159613058
0 0.4771105826397146 0.9650906892382104 0.05648038049940547 0.040810157194679564
0 0.5819024970273484 0.9613059250302297 0.13822829964328182 0.04534461910519952
0 0.8241736028537455 0.9628174123337364 0.34334126040428065 0.04836759371221282
0 0.2140309155766944 0.03476420798065296 0.0802615933412604 0.04232164449818621
0 0.28834720570749106 0.03174123337363966 0.06539833531510107 0.036275695284159616
2 0.5521759809750297 0.03552599758162031 0.39387633769322233 0.04383313180169287