0 0.14202476329206118 0.14966740576496673 0.04916241806263656 0.02771618625277162
0 0.19073561544064094 0.145509977827051 0.02822286962855062 0.02771618625277162
0 0.22669337217771304 0.15036585365853658 0.023670793882010197 0.026330376940133036
0 0.28040786598689005 0.148980044345898 0.06554989075018208 0.023558758314855877
0 0.34322651128914783 0.14966740576496673 0.03823743627093955 0.022172949002217297
0 0.3996722505462491 0.14620842572062084 0.03277494537509104 0.03187361419068736
0 0.4615804806991988 0.148980044345898 0.08011653313911143 0.020787139689578713
0 0.7633867443554262 0.051274944567627496 0.04278951201747997 0.07760532150776053
0 0.8216533139111436 0.053359201773835914 0.04825200291332848 0.0651330376940133
0 0.8758193736343772 0.056818181818181816 0.05462490895848507 0.08869179600886919
0 0.8057174071376547 0.14482261640798225 0.03277494537509104 0.020787139689578713
0 0.8653532410779317 0.1475942350332594 0.051893663510560815 0.03187361419068736
0 0.9627676620538966 0.3464523281596452 0.051893663510560815 0.07483370288248337
0 0.9659504734158776 0.43098669623059865 0.05098324836125273 0.06929046563192905
0 0.966409322651129 0.5965964523281596 0.04825200291332848 0.0291019955654102
0 0.8821922796795338 0.3616962305986696 0.014566642388929352 0.019401330376940133
0 0.8685360524399126 0.5196784922394678 0.08011653313911143 0.022172949002217297
0 0.558543335761107 0.7899113082039911 0.07920611798980336 0.03325942350332594
0 0.5239475600873998 0.9555210643015521 0.03914785142024763 0.054046563192904656
0 0.6345593590677349 0.9582926829268292 0.17297887836853607 0.05958980044345898
0 0.8120903131828113 0.9562084257206208 0.17479970866715222 0.0582039911308204
0 0.8726365622723963 0.7088470066518847 0.017297887836853605 0.018015521064301553
0 0.05462490895848507 0.29726164079822615 0.060087399854333576 0.10393569844789358
1 0.15021849963583395 0.2141130820399113 0.12563729060451567 0.023558758314855877
1 0.2945229424617626 0.2141130820399113 0.13201019664967226 0.020787139689578713
1 0.7028404952658412 0.6520288248337028 0.38419519300801164 0.03741685144124168
2 0.2876911871813547 0.04988913525498891 0.32592862345229423 0.05543237250554324