0 0.17248991935483873 0.06444 0.08512096774193548 0.028146666666666667
0 0.2514516129032258 0.06518666666666667 0.028004032258064488 0.029626666666666666
0 0.31193548387096776 0.06 0.06384072580645166 0.031106666666666664
0 0.38978830645161294 0.062226666666666666 0.07392137096774197 0.023706666666666668
0 0.4777116935483871 0.06 0.059364919354838695 0.01925333333333333
0 0.5561189516129031 0.06074666666666667 0.052641129032258094 0.017773333333333332
0 0.6328427419354838 0.06148 0.049284274193548486 0.013333333333333334
0 0.7095665322580645 0.06 0.07504032258064522 0.02222666666666667
0 0.7784475806451613 0.06370666666666666 0.04704637096774201 0.02074666666666667
0 0.8568548387096774 0.062226666666666666 0.056008064516128976 0.02074666666666667
0 0.13608870967741934 0.09777333333333334 0.05040322580645161 0.01777333333333335
0 0.19881048387096775 0.09852 0.059364919354838695 0.016293333333333333