0 0.31727522935779817 0.2540949033391916 0.012229357798165174 0.024903339191564174
0 0.31727522935779817 0.4027592267135325 0.01681651376146793 0.020509666080843612
0 0.31689908256880733 0.5550615114235501 0.017587155963302716 0.026362038664323375
0 0.31612844036697246 0.7095782073813708 0.012999999999999963 0.021968365553602813
0 0.6284403669724771 0.2526362038664323 0.015293577981651443 0.024903339191564174
0 0.6280550458715597 0.40934973637961336 0.013000000000000067 0.027820738137082572
0 0.6272935779816514 0.5565377855887522 0.016055045871559634 0.026362038664323375
0 0.6276788990825688 0.7081195079086117 0.013761467889908258 0.027820738137082673
0 0.9380733944954128 0.2533743409490334 0.013761467889908258 0.02342706502636201
0 0.938834862385321 0.4034797891036907 0.013761467889908152 0.024903339191564174
0 0.9239266055045872 0.5265026362038664 0.014522935779816446 0.027820738137082673
0 0.9380733944954128 0.5572583479789104 0.01070642201834869 0.01611599297012295
0 0.9396055045871561 0.7095782073813708 0.015293577981651443 0.024903339191564077