3 0.6313387423935092 0.5526610978520287 0.1910074374577417 0.34457040572792363
3 0.6330290736984449 0.3080310262529833 0.17917511832319136 0.08502386634844869
3 0.2539756592292089 0.6585680190930787 0.4623056118999324 0.15960620525059666
3 0.9060175794455714 0.7774463007159904 0.18796484110885733 0.27804295942720764
0 0.06676808654496282 0.844272076372315 0.05240027045300879 0.04474940334128878
0 0.11578769438810006 0.844272076372315 0.02535496957403651 0.03579952267303103
0 0.1707234617985125 0.8412887828162291 0.05747126436781609 0.03579952267303103
0 0.23707234617985123 0.8427804295942721 0.05662609871534821 0.029832935560859187
0 0.30468559837728193 0.8465155131264916 0.04986477349560514 0.034307875894988064
0 0.37018255578093306 0.8427804295942721 0.04394861392832995 0.03579952267303103
0 0.0739553752535497 0.8964797136038186 0.06507775524002704 0.029832935560859187
0 0.1457944557133198 0.8905131264916468 0.054935767410412444 0.029832935560859187