0 0.3238242097147263 0.17990394877267876 0.09692367000771013 0.0548879402347919
0 0.4251580570547417 0.17990394877267876 0.0660832690824981 0.042689434364994665
0 0.5066615265998458 0.17456776947705444 0.06828835774865068 0.038110992529348964
0 0.6195605242868157 0.16694770544290288 0.09802621434078651 0.03506937033084313
0 0.741272166538165 0.16084311632870865 0.055073245952197425 0.032017075773746
0 0.7451272166538164 0.11586979722518675 0.03414803392444099 0.024397011739594465
0 0.8084579799537394 0.1143436499466382 0.041858134155744 0.01829242262540023
0 0.8585736314572089 0.11586979722518675 0.03414803392444099 0.0182924226254002
0 0.9130994602929838 0.11511205976520811 0.04405551272166528 0.013724653148345768
0 0.9654124903623748 0.1143436499466382 0.02313030069390902 0.01829242262540023
0 0.9450346954510409 0.1738100320170758 0.015420200462606014 0.0274386339381003
0 0.9736777178103314 0.17456776947705444 0.01982266769468006 0.022870864461045897
0 0.8315882806476483 0.298068303094984 0.19385505011565146 0.041163287086446156
0 0.7721125674633769 0.35218783351120597 0.11234387047031605 0.021344717182497332
0 0.9004317656129529 0.3468516542155816 0.09582883577486505 0.028964781216648864
0 0.7677023901310718 0.4337566702241195 0.11895913646877407 0.041163287086446156
0 0.9103392444101773 0.426136606189968 0.10463377023901313 0.0472678762006403
0 0.9362297609868928 0.5999359658484525 0.052868157286044846 0.032017075773746
0 0.24451811873554355 0.7295304162219851 0.09252120277563608 0.038110992529349026
0 0.349159599074788 0.726478121664888 0.07710100231303008 0.028964781216648985
0 0.4526908249807247 0.7280042689434365 0.09692367000771013 0.02592315901814297
0 0.5837625289128758 0.7249626467449306 0.0903161141094835 0.028964781216648985
0 0.6922590593677718 0.7234364994663821 0.08701619121048566 0.032017075773746
0 0.8046029298380879 0.7219103521878335 0.07159599074787973 0.038110992529349026
0 0.9318195836545875 0.7257203842049093 0.09912875867386288 0.021344717182497332
0 0.8497609868928296 0.7836606189967983 0.06057825751734785 0.01829242262540032
0 0.9246646106399383 0.7920384204909284 0.0583731688511951 0.013724653148345678
0 0.23791056283731687 0.8461686232657417 0.05066306861989209 0.021344717182497332
0 0.25222821896684655 0.8819957310565635 0.08811873554356203 0.019818569903948705
0 0.24286815728604472 0.9300213447171825 0.05397070161912105 0.036595517609391635
0 0.2511256746337702 0.9635645677694771 0.07049344641480336 0.01829242262540032
0 0.40588280647648417 0.8469263607257205 0.1288666152659985 0.028964781216648985
0 0.41744795682343866 0.886563500533618 0.1497995373939861 0.02592315901814297
0 0.4168928296067849 0.9277374599786552 0.1442868157286044 0.028964781216648985
0 0.3755898226676947 0.9627961579509071 0.08150346954510411 0.019818569903948705
0 0.5997378565921357 0.8438740661686233 0.05397070161912105 0.02287086446104596
0 0.6102004626060138 0.8911419423692636 0.07710100231303008 0.019818569903948705
0 0.6355358519660755 0.9292529348986126 0.11454895913646873 0.016766275346851694
0 0.7726599845797996 0.8438740661686233 0.04736314572089442 0.02287086446104596
0 0.8348959136468773 0.8911419423692636 0.17182729375481892 0.02592315901814297
0 0.7847802621434078 0.928495197438634 0.07379336931380102 0.01829242262540032
0 0.1999151888974557 0.36438633938100323 0.04956823438704702 0.024397011739594465
0 0.2803161141094834 0.3636179295624333 0.04075558982266771 0.016766275346851694
0 0.3618272937548188 0.36667022411953043 0.04515805705474175 0.016766275346851694
0 0.4521434078643022 0.3628601921024546 0.03855050115651504 0.012198505869797172
1 0.8806013878180418 0.06784418356456777 0.11344641480339235 0.01981856990394878
0 0.9709252120277563 0.0708964781216649 0.02313030069390902 0.013724653148345792
0 0.7770701619121049 0.03887940234791889 0.06718581341557447 0.016766275346851652
3 0.5030840400925212 0.04855923159018143 0.9938319198149576 0.09711846318036287
2 0.3243716268311488 0.29424759871931694 0.3821973785659213 0.042689434364994665
1 0.8260832690824981 0.48635005336179293 0.13217424826522742 0.02743863393810036
1 0.7886353122590594 0.5572465314834578 0.048465690053970625 0.032017075773746
1 0.8563685427910563 0.5534364994663821 0.06498843484965301 0.036595517609391635
2 0.9230069390902083 0.5572465314834578 0.0594757131842713 0.028964781216648926
2 0.8310408635312259 0.6052721451440768 0.15530454895913642 0.02743863393810036
1 0.8013030069390902 0.5252294557097118 0.09362374710871238 0.016766275346851694