0 0.032953869047619044 0.03544878563885956 0.025513392857142863 0.02865892291446674
0 0.0797172619047619 0.03770855332629356 0.034010416666666675 0.024139387539598732
0 0.13180059523809523 0.03770855332629356 0.05314732142857143 0.024139387539598732
0 0.19026041666666668 0.03393875395987329 0.034010416666666654 0.016589229144667376
0 0.2450074404761905 0.03469904963041183 0.032953869047619024 0.021119324181626188
0 0.2923065476190476 0.0384688489968321 0.04251488095238094 0.02865892291446674
0 0.34811011904761907 0.03544878563885956 0.03933035714285715 0.025649419218585007
0 0.5532514880952382 0.11087645195353749 0.052083333333333336 0.01960929250263991
0 0.8088839285714287 0.0384688489968321 0.031889880952381044 0.025649419218585007
0 0.8535267857142858 0.03167898627243928 0.023385416666666544 0.03620908130939809
0 0.9008258928571429 0.03469904963041183 0.030825892857142736 0.03318901795142556
0 0.9523809523809523 0.03469904963041183 0.02551339285714283 0.02714889123548047
0 0.0690922619047619 0.18554382259767688 0.05101934523809523 0.03921858500527982
0 0.12383184523809525 0.18404435058078142 0.04357886904761904 0.03921858500527982
0 0.19026041666666668 0.18705385427666313 0.05952380952380955 0.03620908130939812
0 0.26094494047619043 0.18554382259767688 0.06058779761904758 0.03921858500527982
0 0.35342261904761907 0.18479408658922913 0.09247767857142855 0.04676874340021121
0 0.44430059523809523 0.18479408658922913 0.06590029761904757 0.03770855332629354
0 0.5277455357142857 0.18479408658922913 0.07334077380952377 0.0407286166842661
0 0.6239360119047619 0.18554382259767688 0.08715773809523816 0.03921858500527982
0 0.7116294642857143 0.1878141499472017 0.06909226190476184 0.03770855332629354
0 0.7934747023809524 0.18253431890179517 0.07971726190476189 0.03921858500527982
0 0.8907291666666668 0.18026399155227033 0.09353422619047622 0.03770855332629354
0 0.39540922619047614 0.2436219640971489 0.07653273809523806 0.03770855332629354
0 0.4884151785714285 0.2436219640971489 0.08822172619047615 0.043748680042238655
0 0.5782291666666667 0.24136219640971487 0.06377232142857145 0.027148891235480442
0 0.15997023809523808 0.9254804646251319 0.23915922619047625 0.04374868004223872
0 0.49372767857142863 0.9262302006335797 0.23915922619047625 0.045258711721224816
0 0.8312053571428573 0.9262302006335797 0.24447172619047622 0.04826821541710669