0 0.03431372549019608 0.0738937093275488 0.041666666666666664 0.025759219088937094
0 0.06924509803921568 0.07592190889370933 0.028186274509803922 0.021691973969631236
0 0.09926470588235294 0.07660520607375271 0.024509803921568627 0.02304772234273319
0 0.13419607843137255 0.0738937093275488 0.03553921568627451 0.020336225596529284
0 0.18872549019607843 0.08067245119305856 0.0661764705882353 0.03389370932754881
0 0.22426470588235295 0.07456616052060737 0.022058823529411766 0.01898047722342733
0 0.2536764705882353 0.07592190889370933 0.031862745098039214 0.01898047722342733
0 0.3082156862745098 0.07998915401301518 0.05024509803921569 0.02982646420824295
0 0.3541666666666667 0.0793167028199566 0.02696078431372549 0.020336225596529284
0 0.39950980392156865 0.07524945770065075 0.04411764705882353 0.025759219088937094
0 0.4491470588235294 0.07727765726681128 0.04779411764705882 0.021691973969631236
0 0.5012254901960784 0.07456616052060737 0.029411764705882353 0.01898047722342733
0 0.5508627450980392 0.07660520607375271 0.06004901960784314 0.02304772234273319
0 0.6084607843137255 0.07863340563991324 0.04044117647058824 0.01898047722342733
0 0.6513529411764706 0.07592190889370933 0.030637254901960783 0.013557483731019523
0 0.8094411764705882 0.026442516268980473 0.04534313725490196 0.017624728850325375
0 0.8602941176470589 0.026442516268980473 0.04411764705882353 0.02033622559652928
0 0.9093137254901961 0.026442516268980476 0.031862745098039214 0.014913232104121476
0 0.9528235294117647 0.025086767895878524 0.03799019607843137 0.014913232104121476
0 0.9577254901960784 0.30233188720173537 0.03308823529411765 0.02982646420824295
0 0.04841176470588235 0.29623644251626896 0.030637254901960776 0.031182212581344904
0 0.0422843137254902 0.7951518438177874 0.03553921568627451 0.036605206073752714
0 0.9497549019607843 0.7965075921908894 0.04411764705882353 0.031182212581344904
2 0.4993921568627451 0.022375271149674615 0.30269607843137253 0.036605206073752714