2 0.3283460859329017 0.39379894179894176 0.3926662742789877 0.0922116402116402
0 0.15177163037080638 0.33106878306878307 0.017657445556209534 0.024190476190476203
0 0.17321365509123016 0.328042328042328 0.01008828722778104 0.018137566137566122
0 0.19297233666862862 0.3318201058201058 0.017657445556209534 0.022677248677248626
0 0.2160918187168923 0.3318201058201058 0.015132430841671592 0.016624338624338663
0 0.24300176574455562 0.33484656084656084 0.021859917598587398 0.019650793650793703
0 0.46456150676868746 0.14889947089947092 0.05128899352560336 0.022677248677248685
0 0.6701412595644496 0.03628571428571428 0.03027074749852845 0.03325925925925925
0 0.6987286639199529 0.037037037037037035 0.020182460270747476 0.034772486772486774
0 0.7247969393761037 0.04307936507936508 0.018499117127722092 0.025703703703703708
0 0.7491818716892289 0.0393015873015873 0.016815773984696976 0.03023280423280423
0 0.5040788699234844 0.4686349206349206 0.039517363154797 0.033259259259259204
0 0.4384932313125368 0.9486031746031746 0.08492642731018243 0.05291005291005291
0 0.9770453207769276 0.7520740740740741 0.010088287227780973 0.019650793650793582
3 0.059276044732195395 0.3242645502645503 0.08660388463802236 0.49735449735449744
3 0.8130841671571513 0.38095238095238093 0.09248969982342548 0.6046878306878305