0 0.2511467889908257 0.014087982832618029 0.052752293577981654 0.028165236051502146
0 0.313651376146789 0.015429184549356226 0.040137614678899085 0.025482832618025753
0 0.35952293577981653 0.017435622317596565 0.026376146788990827 0.024141630901287552
0 0.39908256880733944 0.015429184549356226 0.02981651376146789 0.022800429184549355
0 0.4415137614678899 0.015429184549356226 0.022935779816513763 0.017435622317596565
0 0.47993577981651375 0.016770386266094423 0.03784403669724771 0.020118025751072962
0 0.518348623853211 0.014753218884120171 0.03669724770642202 0.024141630901287552
0 0.5745412844036697 0.018111587982832616 0.03211009174311927 0.022800429184549355
0 0.6278715596330275 0.02213519313304721 0.047018348623853214 0.020118025751072962
0 0.6823394495412844 0.016094420600858368 0.0389908256880734 0.02145922746781116
0 0.7465596330275229 0.014087982832618029 0.03669724770642202 0.022800429184549355
0 0.9294770642201836 0.020793991416309013 0.02178899082568818 0.017435622317596565
0 0.9644495412844036 0.016094420600858368 0.016055045871559634 0.02145922746781116
0 0.04128440366972477 0.017435622317596565 0.01834862385321101 0.018776824034334765
0 0.06709174311926605 0.016770386266094423 0.0194954128440367 0.022800429184549355
0 0.051605504587155966 0.6209763948497854 0.03211009174311927 0.050965665236051505
0 0.052183486238532105 0.6692596566523605 0.04013761467889908 0.040236051502145924
0 0.05447706422018348 0.7229077253218884 0.035550458715596325 0.04560085836909871
3 0.5017247706422019 0.16832618025751073 0.9369266055045873 0.2508047210300429
0 0.49655963302752293 0.5465450643776824 0.034403669724770644 0.025482832618025753
0 0.530394495412844 0.550568669527897 0.021788990825688075 0.022800429184549355
0 0.5573394495412844 0.5478862660944206 0.02981651376146789 0.022800429184549355