0 0.5675241379310345 0.10787500000000001 0.027006896551724193 0.04314772727272727
0 0.9574 0.11387499999999999 0.04655862068965532 0.0359659090909091
0 0.7515724137931035 0.22694318181818182 0.04768965517241386 0.0298068181818182
0 0.8387379310344828 0.34652272727272726 0.2746413793103448 0.046749999999999986
1 0.8395586206896551 0.5243522727272727 0.2762896551724137 0.047420454545454564
0 0.8401724137931035 0.592090909090909 0.2725862068965517 0.07180681818181825
0 0.7201172413793104 0.667965909090909 0.030013793103448264 0.056909090909090826
0 0.7990620689655173 0.6669545454545454 0.11471034482758616 0.053522727272727166
0 0.9215793103448275 0.6689886363636364 0.11635172413793106 0.05487499999999996
0 0.9577586206896552 0.7499431818181819 0.04317241379310339 0.0298068181818182
0 0.5620068965517241 0.8618295454545454 0.016455172413793035 0.02631818181818191
0 0.5566827586206897 0.4889431818181818 0.02807586206896554 0.04785227272727274
0 0.19411034482758618 0.48814772727272726 0.03097931034482756 0.0510454545454545
0 0.07600000000000001 0.9439772727272728 0.1326344827586207 0.047056818181818276
0 0.21735172413793105 0.944375 0.13747586206896553 0.04626136363636368
0 0.35409655172413795 0.9455795454545455 0.13311724137931033 0.05025000000000003
0 0.4879448275862069 0.944375 0.12488965517241374 0.04626136363636368
0 0.6176758620689655 0.9455795454545455 0.12876551724137933 0.04227272727272732
1 0.8387310344827587 0.9027613636363636 0.08503448275862081 0.03927272727272721
0 0.022882758620689655 0.03282954545454546 0.028537931034482766 0.04080681818181818
0 0.07161379310344827 0.03238636363636364 0.055999999999999994 0.04170454545454546
0 0.1308413793103448 0.03238636363636364 0.051689655172413786 0.039920454545454544
0 0.1828 0.03282954545454546 0.04468965517241378 0.04080681818181818
0 0.23395172413793106 0.030170454545454545 0.04468965517241376 0.039034090909090914
0 0.2944 0.028988636363636366 0.061786206896551746 0.04045454545454546
0 0.3498413793103448 0.028988636363636366 0.04091724137931033 0.04045454545454546
0 0.38994482758620685 0.03 0.02864137931034481 0.03707954545454546
0 0.42840689655172415 0.03169318181818182 0.03600689655172416 0.03910227272727272
0 0.4906 0.031011363636363636 0.0695586206896551 0.0445
0 0.7003034482758621 0.03303409090909091 0.0675103448275862 0.03640909090909092
0 0.7608620689655172 0.03169318181818182 0.031503448275861955 0.033715909090909095
0 0.803351724137931 0.030863636363636364 0.04183448275862059 0.03176136363636363
0 0.8464551724137931 0.032363636363636365 0.033462068965517226 0.03596590909090909
0 0.8910137931034483 0.032670454545454544 0.046924137931034456 0.032965909090909094
0 0.9566758620689656 0.031170454545454546 0.07566206896551726 0.03476136363636364