0 0.07377513711151736 0.20396791443850268 0.05353747714808043 0.02291978609625669
0 0.08488117001828153 0.23223529411764704 0.078345521023766 0.018331550802139024
0 0.07377513711151736 0.2635614973262032 0.05353747714808043 0.019860962566844914
0 0.06724862888482631 0.29258823529411765 0.05092321755027423 0.022919786096256632
0 0.06529250457038392 0.31932620320855615 0.039177330895795254 0.01222459893048123
0 0.09597806215722121 0.34606417112299465 0.0979341864716636 0.019860962566844973
0 0.0790036563071298 0.430096256684492 0.06398537477148081 0.022919786096256632
0 0.06659963436928702 0.45836363636363636 0.04178244972577697 0.015283422459893009
0 0.07443327239488118 0.48968983957219253 0.0470109689213894 0.019860962566844973
0 0.07247714808043876 0.5187165775401069 0.05092321755027423 0.013754010695187181
0 0.09271480804387569 0.5508021390374331 0.10185557586837295 0.016802139037433193
0 0.07181901279707495 0.6317754010695188 0.06529250457038392 0.02597860962566841
0 0.07247714808043876 0.659283422459893 0.048318098720292496 0.01986096256684485
0 0.07377513711151736 0.6883101604278076 0.0613711151736746 0.022919786096256754
0 0.0633363802559415 0.71275935828877 0.03525594149908592 0.01375401069518706
0 0.08226691042047532 0.7448449197860962 0.08357404021937843 0.022919786096256754
0 0.5321206581352833 0.9793689839572193 0.09271480804387575 0.030556149732620254
0 0.6392047531992687 0.9812834224598931 0.10316270566727596 0.0374331550802139
2 0.3036014625228519 0.7967914438502673 0.13449725776965263 0.029026737967914544
1 0.29511882998171846 0.5332299465240642 0.11752285191956119 0.02444919786096258
1 0.28793418647166363 0.5592085561497326 0.1057678244972578 0.018331550802139145
1 0.29185557586837296 0.5828877005347594 0.11621572212065812 0.01986096256684485
1 0.32057586837294333 0.6065668449197861 0.17628884826325414 0.0213903743315508
1 0.2885831809872029 0.6294866310160429 0.10707495429616086 0.015283422459893009
1 0.30752285191956125 0.6539358288770053 0.15539305301645337 0.0213903743315508
1 0.3258043875685558 0.679144385026738 0.17889396709323588 0.016802139037433193
1 0.25529250457038394 0.7020641711229946 0.03787020109689209 0.01375401069518706
1 0.5843601462522852 0.912909090909091 0.18673674588665445 0.016802139037433193