1 0.0947136563876652 0.3509036144578313 0.0947136563876652 0.02108433734939759
1 0.21090748898678413 0.3463855421686747 0.09801762114537445 0.02108433734939759
1 0.3221409691629956 0.3433734939759036 0.09361233480176212 0.02108433734939759
1 0.4262114537444934 0.34413253012048195 0.07268722466960352 0.022590361445783132
1 0.5209251101321586 0.347144578313253 0.07048458149779736 0.01957831325301205
1 0.6178414096916299 0.347144578313253 0.08370044052863436 0.01957831325301205
1 0.7257709251101322 0.347144578313253 0.11013215859030837 0.025602409638554216
1 0.8502202643171806 0.34789156626506024 0.10572687224669604 0.02710843373493976
1 0.08370044052863436 0.375 0.07709251101321586 0.02108433734939759
1 0.20319823788546254 0.3787710843373494 0.10242290748898679 0.01957831325301205
1 0.3392070484581498 0.3810240963855422 0.1343612334801762 0.02710843373493976
1 0.8903083700440528 0.4963855421686747 0.21938325991189428 0.03614457831325301
0 0.31663436123348015 0.08885542168674698 0.05837004405286344 0.018072289156626505
0 0.38876651982378857 0.08734939759036145 0.046255506607929514 0.02710843373493976
0 0.4592511013215859 0.0858433734939759 0.04405286343612335 0.02108433734939759
0 0.526431718061674 0.09186746987951808 0.048458149779735685 0.024096385542168676
0 0.6409691629955947 0.08734939759036145 0.11674008810572688 0.02108433734939759
0 0.8045198237885463 0.08208433734939759 0.13105726872246695 0.022590361445783132
0 0.9322731277533041 0.08208433734939759 0.07819383259911894 0.01957831325301205
0 0.9559471365638766 0.1852409638554217 0.02643171806167401 0.04216867469879518
0 0.5473568281938326 0.032385542168674696 0.07488986784140969 0.03765060240963855
0 0.629409691629956 0.032385542168674696 0.0671806167400881 0.019578313253012045
0 0.7483524229074889 0.02937349397590361 0.11784140969162996 0.02259036144578313
0 0.8705991189427313 0.024855421686746988 0.07158590308370054 0.025602409638554216
0 0.9344757709251102 0.02710843373493976 0.02753303964757709 0.030120481927710843
0 0.13711894273127753 0.2936746987951807 0.16629955947136563 0.0391566265060241
0 0.32929515418502203 0.3004578313253012 0.1762114537444934 0.03162650602409638