0 0.15563821456538762 0.022182795698924725 0.05090054815974941 0.033602150537634407
0 0.20849647611589664 0.02487096774193548 0.025450274079874706 0.022849462365591395
0 0.26184808144087707 0.027559139784946233 0.036217697729052464 0.02016129032258064
0 0.3137274862960063 0.02218279569892473 0.0264291307752545 0.0228494623655914
0 0.36805011746280347 0.020161290322580645 0.03328112764291308 0.026881720430107527
0 0.4287392325763508 0.020161290322580645 0.04502740798747063 0.026881720430107527
0 0.490407204385278 0.020161290322580645 0.025450274079874706 0.01881720430107527
0 0.5427799530148786 0.026881720430107527 0.040133124510571654 0.02956989247311828
0 0.601018010963195 0.0181505376344086 0.023492560689115115 0.0228494623655914
0 0.6460454189506656 0.020161290322580645 0.03915426781519186 0.021505376344086023
0 0.701840250587314 0.02218279569892473 0.0274079874706343 0.01747311827956989
0 0.8266483946750197 0.08333333333333333 0.03817541111981206 0.016129032258064516
0 0.8844009397024276 0.08266666666666667 0.044048551292090836 0.01747311827956989
0 0.764487079091621 0.0846774193548387 0.04111198120595145 0.01881720430107527
0 0.8530775254502742 0.0181505376344086 0.020555990602975725 0.025537634408602152
0 0.8995693030540329 0.020161290322580645 0.03915426781519186 0.024193548387096774
0 0.04747846515270164 0.07729032258064515 0.05187940485512921 0.028225806451612902
0 0.04747846515270164 0.5141182795698924 0.04992169146436961 0.020161290322580645
0 0.058731401722787784 0.8272903225806452 0.06656225528582616 0.025537634408602152
3 0.4610415035238841 0.4092795698924731 0.7615505090054816 0.09811827956989247
0 0.7737901331245106 0.5134408602150538 0.0557948316366484 0.024193548387096774
0 0.8432889584964762 0.5188172043010753 0.046006264682850434 0.01881720430107527
0 0.897126076742365 0.5168064516129032 0.03230227094753328 0.0228494623655914
0 0.9460689115113549 0.6996021505376344 0.028386844166014096 0.036290322580645164
0 0.9475332811276429 0.75 0.02153484729835552 0.026881720430107527
0 0.9490054815974942 0.801752688172043 0.01859827721221613 0.028225806451612902
4 0.9617306186374316 0.885752688172043 0.05187940485512921 0.06720430107526881