0 0.06964809384164222 0.034883227176220805 0.03247067448680351 0.03032908704883227
0 0.10892228739002932 0.0333651804670913 0.04398826979472141 0.015169851380042466
0 0.15919354838709676 0.027292993630573248 0.046085043988269805 0.030329087048832276
0 0.21784457478005864 0.028811040339702762 0.04817448680351909 0.02729299363057325
0 0.26288123167155425 0.03260084925690021 0.02722873900293254 0.028811040339702762
0 0.31629765395894427 0.03563694267515924 0.05865102639296188 0.025785562632696393
0 0.38804252199413486 0.027292993630573248 0.06598240469208211 0.027292993630573244
0 0.46815982404692086 0.02653927813163482 0.06283724340175956 0.03184713375796178
0 0.5268108504398827 0.031093418259023353 0.037705278592375414 0.019713375796178347
0 0.5781304985337243 0.02426751592356688 0.04608504398826972 0.021231422505307854
0 0.6247360703812317 0.02653927813163482 0.026180351906158385 0.01971337579617834
0 0.8132624633431085 0.030329087048832273 0.026180351906158385 0.02426751592356688
0 0.8488709677419354 0.030329087048832273 0.024090909090909184 0.03336518046709129
0 0.8776686217008799 0.02578556263269639 0.01466275659824047 0.02426751592356688
0 0.915373900293255 0.02578556263269639 0.012565982404691988 0.027292993630573244
0 0.8939076246334311 0.11221868365180467 0.08064516129032258 0.033365180467091304
0 0.9017595307917888 0.6998832271762208 0.06912756598240466 0.01667728237791936