0 0.9299190751445087 0.07333333333333333 0.036127167630057806 0.026041666666666668
0 0.9263005780346821 0.10279605263157894 0.04046242774566474 0.01918859649122807
0 0.903179190751445 0.2850877192982456 0.0953757225433526 0.043859649122807015
0 0.1481271676300578 0.5023355263157895 0.0476878612716763 0.0424890350877193
0 0.203757225433526 0.5016447368421053 0.046242774566473986 0.043859649122807015
0 0.2565086705202312 0.499594298245614 0.0476878612716763 0.04523026315789474
0 0.315757225433526 0.4975328947368421 0.0476878612716763 0.046600877192982455
0 0.3699421965317919 0.5016447368421053 0.049132947976878616 0.049342105263157895
0 0.4154682080924855 0.499594298245614 0.01878612716763006 0.015076754385964912
1 0.7362774566473989 0.4776644736842105 0.40895953757225434 0.023300438596491228
1 0.7348323699421965 0.509188596491228 0.4060693641618497 0.02055921052631579
1 0.7341040462427746 0.543453947368421 0.41329479768786126 0.015076754385964912
1 0.7348323699421965 0.5777192982456141 0.41763005780346824 0.01781798245614035
1 0.7319421965317919 0.6133552631578947 0.41184971098265893 0.031524122807017545
1 0.7413294797687862 0.7380811403508772 0.43352601156069365 0.06716008771929824
0 0.7377225433526011 0.6633771929824561 0.4234104046242775 0.043859649122807015
0 0.5773179190751445 0.8168859649122807 0.09393063583815028 0.03837719298245614
0 0.658242774566474 0.8196271929824561 0.05346820809248555 0.024671052631578948
0 0.6293410404624278 0.9656030701754386 0.20664739884393063 0.04523026315789474
0 0.8461040462427746 0.9635416666666666 0.2153179190751445 0.046600877192982455