0 0.0676247745039086 0.07538633818589024 0.09259170174383644 0.06726763717805151
0 0.14319302465423933 0.08340425531914894 0.04106434155141311 0.043829787234042565
0 0.18492483463619963 0.08192609182530795 0.031791942273000605 0.046786114221724524
0 0.2348586891160553 0.08549832026875699 0.06013830426939266 0.05197088465845465
0 0.28685508117859293 0.0815565509518477 0.03563439567047504 0.05000000000000001
0 0.33911004209260376 0.08340425531914894 0.03814792543595914 0.053695408734602476
0 0.3877931449188214 0.07846584546472564 0.052056524353577834 0.05369540873460246
0 0.4432291040288635 0.08166853303471446 0.05033674082982564 0.06208286674132139
0 0.5061455201443175 0.08488241881298991 0.06755862898376423 0.050739081746920496
0 0.5778111846061335 0.0796976483762598 0.06517137702946475 0.04629339305711087
0 0.6527841250751654 0.030739081746920492 0.040270595309681176 0.033236282194848824
0 0.7010042092603728 0.03110862262038074 0.04662657847263978 0.030033594624860018
0 0.7504750450992183 0.029384098544232917 0.04622970535177397 0.02855543113101903
0 0.7971737823211065 0.028521836506159012 0.037618761274804534 0.03274356103023516
0 0.8501563439567047 0.031858902575587905 0.058815393866506284 0.02361702127659574
0 0.8592964521948286 0.07932810750279956 0.010865904990980255 0.039641657334826434
0 0.8325375826819001 0.08192609182530795 0.020932050511124442 0.03692049272116461
0 0.8669813589897775 0.31105263157894736 0.0421226698737223 0.04722284434490477
0 0.9538123872519544 0.6003023516237402 0.04755862898376437 0.10274356103023516
0 0.8885688514732412 0.5929003359462487 0.06676488274203259 0.11753639417693174
0 0.8180336740829827 0.5961030235162375 0.06477450390859879 0.10619260918253078
0 0.8910883944678293 0.7728331466965286 0.21220685508117865 0.08073908174692039
0 0.8838665063138905 0.881478163493841 0.21154539987973553 0.09278835386338175