1 0.7871404109589042 0.8363636363636363 0.3906250000000001 0.08484848484848485
0 0.03424657534246575 0.2833333333333333 0.04922945205479452 0.06666666666666667
0 0.03585616438356164 0.12803636363636364 0.03959760273972602 0.031818181818181815
0 0.09631849315068493 0.12575757575757576 0.04922945205479452 0.030303030303030304
0 0.1503681506849315 0.12349090909090908 0.04601883561643835 0.04090909090909091
0 0.20815924657534246 0.12121212121212122 0.050299657534246575 0.030303030303030304
0 0.2761130136986301 0.12272727272727273 0.05779109589041096 0.024242424242424242
0 0.34086472602739726 0.11969696969696969 0.039597602739726026 0.01818181818181818
0 0.3927654109589041 0.12272727272727273 0.03638698630136986 0.03939393939393939
0 0.4719606164383562 0.12121212121212122 0.07705479452054795 0.02727272727272727
0 0.5361729452054794 0.12272727272727273 0.040667808219178085 0.021212121212121213
0 0.5827311643835617 0.12272727272727273 0.04387842465753425 0.030303030303030304
0 0.14768835616438356 0.050763636363636365 0.0642123287671233 0.03484848484848485
0 0.2108304794520548 0.045454545454545456 0.0449486301369863 0.03333333333333333
0 0.2910958904109589 0.047733333333333336 0.09417808219178082 0.031818181818181815
0 0.7095462328767124 0.03409696969696969 0.03210616438356165 0.031818181818181815
0 0.7550342465753425 0.03636363636363636 0.03531678082191781 0.030303030303030304
0 0.8080051369863014 0.04621818181818182 0.05351027397260274 0.025757575757575757
0 0.8711472602739726 0.037127272727272724 0.04708904109589041 0.016666666666666663
0 0.9444606164383562 0.30076363636363634 0.02461472602739726 0.04393939393939394
0 0.9722859589041097 0.29848484848484846 0.02461472602739726 0.03636363636363636
0 0.03638698630136986 0.3628848484848485 0.05136986301369863 0.07424242424242425
0 0.034785958904109585 0.4462181818181818 0.04601883561643835 0.06515151515151515
0 0.03424657534246575 0.5280363636363636 0.04922945205479452 0.07121212121212121
0 0.03157534246575342 0.6098545454545454 0.04815924657534246 0.05303030303030303
0 0.03531678082191781 0.6916727272727272 0.04922945205479452 0.05909090909090909
0 0.03585616438356164 0.7681818181818182 0.04815924657534246 0.05757575757575758
0 0.03371575342465754 0.8462181818181818 0.037457191780821915 0.04393939393939394
0 0.44360445205479454 0.8878787878787879 0.1658818493150685 0.04242424242424243
0 0.6555051369863014 0.7151515151515152 0.052440068493150686 0.021212121212121213
0 0.9546232876712328 0.7144 0.027825342465753425 0.03484848484848485
2 0.5565068493150684 0.038642424242424235 0.254708904109589 0.04696969696969697