0 0.05439330543933055 0.1431297709923664 0.08786610878661087 0.05179934569247546
0 0.2139163179916318 0.13631406761177753 0.11401673640167365 0.04089422028353326
0 0.3880753138075314 0.13427480916030535 0.13389121338912133 0.03407851690294438
0 0.6014644351464435 0.14176663031624864 0.1401673640167364 0.027262813522355506
0 0.790276150627615 0.13836423118865868 0.09518828451882845 0.02317339149400218
0 0.8284518828451883 0.075659760087241 0.06903765690376569 0.02044711014176663
1 0.9142259414225942 0.07633587786259542 0.06485355648535565 0.024536532170119956
0 0.7934142259414226 0.01772082878953108 0.038702928870292884 0.013631406761177753
0 0.8404853556485357 0.02044711014176663 0.03661087866108796 0.019083969465648856
0 0.899581589958159 0.014994547437295528 0.043933054393305436 0.024536532170119956
0 0.9677824267782427 0.014176663031624863 0.06443514644351464 0.026172300981461286
0 0.9740585774058578 0.1504907306434024 0.05188284518828452 0.03707742639040349
0 0.9811715481171548 0.29171210468920394 0.03765690376569038 0.04362050163576881
0 0.7782426778242678 0.43484187568157034 0.05230125523012552 0.03271537622682661