0 0.18503289473684212 0.044753521126760565 0.052083333333333336 0.03667840375586855
0 0.2474013157894737 0.042546948356807515 0.05345394736842105 0.03227699530516432
0 0.3358004385964912 0.04035211267605634 0.08223684210526316 0.03374413145539906
0 0.49 0.04622065727699531 0.12198464912280702 0.03667840375586855
0 0.05962719298245613 0.11370892018779342 0.09457236842105263 0.02494131455399061
0 0.13432017543859648 0.11003521126760564 0.03837719298245614 0.02640845070422535
0 0.2069627192982456 0.11370892018779342 0.09868421052631579 0.02494131455399061
0 0.30085526315789474 0.11443661971830986 0.06990131578947369 0.017605633802816902
0 0.38035087719298244 0.11517605633802816 0.05345394736842105 0.02494131455399061
0 0.4440789473684211 0.11517605633802816 0.046600877192982455 0.02494131455399061
0 0.5297478070175439 0.11003521126760564 0.10005482456140351 0.020539906103286387
0 0.2754934210526316 0.16652582159624413 0.10142543859649122 0.02494131455399061
0 0.38994517543859647 0.1694600938967136 0.07264254385964912 0.02494131455399061
0 0.4975328947368421 0.16652582159624413 0.07401315789473684 0.022007042253521125
0 0.6010197368421053 0.16725352112676056 0.06716008771929824 0.023474178403755867
0 0.7051864035087719 0.1694600938967136 0.08360745614035088 0.027875586854460094
0 0.8477302631578947 0.5039671361502347 0.09457236842105263 0.030809859154929578
0 0.9279057017543859 0.4995657276995305 0.049342105263157895 0.022007042253521125
0 0.09389254385964912 0.9756455399061033 0.05619517543859649 0.02640845070422535
0 0.04317982456140351 0.9705164319248826 0.026041666666666668 0.030809859154929578
0 0.3536184210526316 0.9756455399061033 0.03837719298245614 0.023474178403755867
0 0.411875 0.9727112676056338 0.07264254385964912 0.020539906103286387
0 0.6674890350877193 0.9822535211267606 0.030153508771929825 0.022007042253521125
0 0.7182017543859649 0.9690492957746479 0.052083333333333336 0.022007042253521125