2 0.4959114391143912 0.04205298013245033 0.21691512915129157 0.04730684326710817
0 0.941129151291513 0.03951434878587196 0.07783763837638362 0.056037527593819
0 0.9512767527675277 0.12274834437086092 0.05016236162361609 0.04037527593818986
0 0.9509741697416974 0.2574613686534216 0.049542435424354325 0.07251655629139074
0 0.9408265682656826 0.36368653421633557 0.06983763837638385 0.06971302428256067
0 0.9329815498154982 0.6565783664459162 0.09659040590405912 0.04845474613686544
0 0.7378745387453874 0.7448675496688743 0.46098892988929896 0.05944812362030894
0 0.7378745387453874 0.8147571743929359 0.46467896678966797 0.06677704194260485
0 0.7390996309963099 0.8862582781456955 0.46344649446494474 0.06353200883002201
0 0.057321033210332106 0.12274834437086092 0.06851660516605167 0.04037527593818986
0 0.1429520295202952 0.1238962472406181 0.07926199261992618 0.034403973509933794
0 0.24103321033210334 0.12366445916114792 0.09460516605166056 0.04221854304635763
0 0.3303542435424354 0.12412803532008829 0.06476014760147601 0.04313465783664461
0 0.42581549815498154 0.12550772626931567 0.11362361623616239 0.05141280353200885