0 0.04682310469314079 0.02936241610738255 0.06204873646209386 0.02796420581655481
0 0.12748194945848376 0.03495525727069351 0.04061371841155235 0.013982102908277404
0 0.19009927797833934 0.03426174496644295 0.05527978339350181 0.018176733780760623
0 0.2572202166064982 0.03426174496644295 0.058664259927797835 0.026565995525727065
0 0.33731949458483756 0.02936241610738255 0.05189530685920578 0.019574944071588368
0 0.43152527075812275 0.030067114093959728 0.08686823104693141 0.018176733780760623
0 0.5240342960288809 0.02936241610738255 0.06430505415162455 0.016778523489932886
0 0.5967960288808665 0.03355704697986577 0.04512635379061372 0.016778523489932886
0 0.659413357400722 0.03495525727069351 0.06881768953068593 0.016778523489932886
0 0.5623916967509025 0.09368008948545861 0.07784296028880866 0.019574944071588368
0 0.6374097472924187 0.08668903803131991 0.047382671480144405 0.013982102908277404
0 0.6881768953068592 0.08808724832214765 0.04963898916967509 0.02237136465324385
0 0.740072202166065 0.09228187919463088 0.02707581227436823 0.016778523489932886
0 0.7868953068592057 0.0894854586129754 0.04174187725631769 0.011185682326621925
0 0.8438628158844765 0.0915883668903803 0.047382671480144405 0.018176733780760627
0 0.9087364620938629 0.09019015659955257 0.05302346570397122 0.02097315436241611
0 0.9668321299638989 0.08739373601789709 0.0315884476534296 0.02097315436241611
1 0.058664259927797835 0.0915883668903803 0.07445848375451264 0.02936241610738255