0 0.17214814814814813 0.10176390773405698 0.09190123456790124 0.03165535956580731
0 0.25034567901234567 0.10477611940298508 0.03977777777777774 0.03769335142469471
0 0.31207407407407406 0.10930800542740841 0.053493827160493806 0.025630936227951134
0 0.40603703703703703 0.10628222523744911 0.08504938271604937 0.02261872455902305
0 0.4862839506172839 0.10402985074626867 0.05898765432098762 0.021112618724559027
0 0.5733827160493827 0.10402985074626867 0.06859259259259266 0.021112618724559027
0 0.6378641975308641 0.10704206241519675 0.05212345679012349 0.02412483039348711
0 0.7201604938271605 0.10704206241519675 0.07681481481481485 0.021112618724559027
0 0.8004074074074075 0.09497964721845319 0.050753086419752964 0.02412483039348711
0 0.8683086419753087 0.10025780189959295 0.057617283950617375 0.02864314789687923
0 0.18587654320987654 0.2525237449118046 0.3113827160493827 0.11306648575305289
0 0.5096049382716049 0.2532835820895522 0.3250987654320987 0.11156037991858883
0 0.8381358024691358 0.25402985074626866 0.32098765432098764 0.11005427408412485
0 0.1831234567901235 0.3769063772048846 0.308641975308642 0.11156037991858891
0 0.5096049382716049 0.3776526458616011 0.3223580246913581 0.11306648575305293
0 0.8374444444444445 0.3784124830393487 0.3196172839506174 0.11759837177747624
0 0.18724691358024692 0.49601085481682494 0.3196172839506173 0.10854816824966079
0 0.5102839506172839 0.5020352781546812 0.31550617283950627 0.10854816824966079
0 0.8429382716049383 0.4982632293080055 0.31412345679012355 0.11609226594301214