0 0.41773445732349845 0.034411134903640256 0.06924657534246578 0.03823340471092078
0 0.5219757639620654 0.0397644539614561 0.0684931506849315 0.0397644539614561
0 0.6066543730242361 0.03135974304068522 0.04064278187565852 0.02600642398286938
1 0.9637987355110642 0.030588865096359743 0.0368809272918862 0.027526766595289076
1 0.44407797681770284 0.6668736616702355 0.13547945205479459 0.021413276231263382
0 0.49413066385669124 0.5154496788008566 0.027850368809272868 0.027526766595289118
0 0.5302581664910431 0.5146788008565311 0.02935194942044253 0.029057815845824397
0 0.6228345626975764 0.6546359743040685 0.05193361433087469 0.03976445396145621
0 0.6574604847207587 0.2898394004282655 0.00827713382507905 0.016820128479657425
3 0.5121917808219179 0.4879122055674518 0.1467702845100105 0.13154175588865097
3 0.5121917808219179 0.4894432548179871 0.3168756585879874 0.44967880085653106