1 0.7559235325794292 0.31285082872928177 0.39176090468497576 0.034530386740331494
0 0.756262789445342 0.6484861878453039 0.3897415185783522 0.062154696132596686
0 0.7350565428109854 0.7831491712707183 0.3500269251480883 0.04696132596685083
0 0.9215131933225633 0.78246408839779 0.01884760366182014 0.04005524861878453
0 0.942380183091007 0.7803867403314917 0.01884760366182014 0.04696132596685083
0 0.9353150242326334 0.03246408839779005 0.03836833602584814 0.03453038674033149
0 0.9632471728594507 0.03384530386740331 0.01615508885298869 0.03729281767955801
0 0.9854604200323102 0.03535911602209945 0.029079159935379646 0.041988950276243095
0 0.6398115239633818 0.8473812154696132 0.07067851373182553 0.031767955801104975
0 0.6865912762520194 0.8439226519337016 0.017501346257404415 0.027624309392265192
0 0.6250026925148089 0.9343977900552486 0.057215939687668284 0.029005524861878452
0 0.6697630586968228 0.9350828729281768 0.013462574044157244 0.022099447513812154
0 0.6906300484652665 0.93646408839779 0.012116316639741519 0.022099447513812154