3 0.053522988505747125 0.3331497797356828 0.09267241379310345 0.6662995594713657
3 0.13936781609195403 0.3524229074889868 0.07040229885057471 0.6773127753303965
3 0.9450459770114943 0.3324669603524229 0.09410919540229885 0.6649229074889867
3 0.8318965517241379 0.8796806167400881 0.11637931034482758 0.22301762114537446
0 0.7999310344827587 0.06677312775330396 0.05100574712643678 0.039922907488986775
0 0.856683908045977 0.0626431718061674 0.03807471264367816 0.02064977973568281
0 0.1925287356321839 0.41712555066079293 0.033045977011494254 0.0302863436123348
0 0.22485632183908047 0.4136894273127753 0.011494252873563218 0.01789647577092511
0 0.2442528735632184 0.40955947136563875 0.01293103448275862 0.02064977973568282
0 0.26329310344827583 0.4129955947136564 0.016522988505747127 0.02477973568281938
0 0.28735632183908044 0.4116189427312775 0.015804597701149427 0.0302863436123348
0 0.3132183908045977 0.41437224669603523 0.03017241379310345 0.0302863436123348
0 0.3509367816091954 0.41712555066079293 0.029454022988505746 0.02477973568281938
0 0.4382183908045977 0.4129955947136564 0.01867816091954023 0.019273127753303965
0 0.4608505747126437 0.41506607929515416 0.015086206896551725 0.0151431718061674
0 0.4852758620689655 0.40955947136563875 0.010775862068965518 0.01789647577092511
0 0.5057471264367817 0.41437224669603523 0.01293103448275862 0.019273127753303965
0 0.5323275862068966 0.41231277533039645 0.03017241379310345 0.0151431718061674
0 0.5700459770114943 0.41437224669603523 0.022270114942528736 0.022026431718061675
0 0.5980632183908047 0.4116189427312775 0.028017241379310345 0.016519823788546256
0 0.6928908045977012 0.4136894273127753 0.029454022988505746 0.03441629955947136
0 0.728448275862069 0.4129955947136564 0.03017241379310345 0.0302863436123348
0 0.7568275862068966 0.41437224669603523 0.016522988505747127 0.03303964757709251
0 0.6982758620689655 0.11357929515418502 0.021551724137931036 0.02340308370044053
0 0.7298850574712644 0.11288546255506608 0.020114942528735632 0.0302863436123348
0 0.7568275862068966 0.11357929515418502 0.02658045977011494 0.01789647577092511
0 0.7467701149425288 0.15143171806167402 0.02658045977011494 0.013766519823788546
1 0.654816091954023 0.41231277533039645 0.02514367816091954 0.026156387665198236