0 0.06982758620689655 0.031075144508670514 0.05517241379310345 0.0245664739884393
0 0.12284827586206896 0.028901734104046242 0.04741379310344827 0.02601156069364162
0 0.18146896551724137 0.02745664739884393 0.045689655172413794 0.02023121387283237
0 0.2293103448275862 0.028901734104046242 0.04655172413793104 0.02601156069364162
0 0.29482758620689653 0.030346820809248554 0.06551724137931035 0.023121387283236993
0 0.3426758620689655 0.028901734104046242 0.04224137931034483 0.031791907514450865
0 0.38922758620689657 0.03396531791907514 0.025 0.021676300578034678
0 0.42888275862068964 0.031791907514450865 0.0353448275862069 0.02023121387283237
0 0.4879310344827586 0.028901734104046242 0.056896551724137934 0.02023121387283237
0 0.7038827586206897 0.03468208092485549 0.0525862068965518 0.02023121387283237
0 0.7616413793103449 0.028184971098265895 0.02327586206896552 0.015895953757225433
0 0.8008620689655173 0.030346820809248554 0.029310344827586206 0.017341040462427744
0 0.8409517241379311 0.030346820809248554 0.026724137931034484 0.02023121387283237
0 0.8844827586206897 0.029630057803468203 0.039655172413793106 0.018786127167630055
0 0.9517241379310345 0.028901734104046242 0.056896551724137934 0.017341040462427744
0 0.9543103448275863 0.11055491329479768 0.027586206896551724 0.04190751445086705
0 0.7935379310344828 0.7239884393063584 0.1146551724137931 0.046242774566473986
0 0.9194000000000001 0.7210982658959537 0.12327586206896551 0.04335260115606936
0 0.7202620689655174 0.7138728323699421 0.019827586206896553 0.04046242774566474
0 0.8323310344827587 0.46315606936416187 0.2681034482758621 0.03901734104046243
0 0.1310344827586207 0.13078612716763005 0.05344827586206897 0.0968208092485549
0 0.13189655172413794 0.2398843930635838 0.05172413793103448 0.08670520231213873
0 0.1310344827586207 0.33815028901734107 0.05344827586206897 0.09826589595375723
0 0.13233103448275862 0.45304046242774565 0.05086206896551724 0.08526011560693642
0 0.13319310344827587 0.5484161849710982 0.04741379310344827 0.09104046242774566
0 0.13233103448275862 0.6567976878612717 0.04913793103448276 0.0968208092485549
0 0.13275862068965516 0.7485549132947977 0.04655172413793104 0.08670520231213873
0 0.1336206896551724 0.8504393063583815 0.05517241379310345 0.09104046242774566
0 0.07284827586206896 0.9617109826589595 0.1336206896551724 0.05346820809248555
0 0.2133655172413793 0.958820809248555 0.15086206896551724 0.05057803468208093
0 0.3547448275862069 0.9631560693641619 0.10775862068965517 0.0476878612716763
0 0.4823310344827586 0.9653179190751445 0.12155172413793103 0.04335260115606936
0 0.6189655172413793 0.9653179190751445 0.11206896551724138 0.04335260115606936
0 0.9564689655172415 0.7998612716763006 0.04396551724137931 0.015895953757225433
1 0.8370689655172414 0.6437919075144508 0.2689655172413793 0.030346820809248554