0 0.7331073825503355 0.1458791801510248 0.011771812080536887 0.021154261057173693
0 0.7328926174496644 0.17364617044228695 0.010268456375839048 0.018500539374325758
0 0.7320939597315436 0.2030097087378641 0.011865771812080428 0.017324703344120822
0 0.7326040268456375 0.22989212513484358 0.01181879194630881 0.01802588996763752
0 0.7320939597315436 0.2562567421790723 0.011865771812080428 0.022837108953613825
1 0.7643691275167785 0.14289104638619202 0.02957046979865768 0.02714131607335492
1 0.7660872483221477 0.17591154261057174 0.03193959731543634 0.026440129449838177
1 0.7658657718120806 0.2033225458468177 0.030436241610738195 0.02137001078748652
1 0.7664026845637584 0.2304314994606257 0.029375838926174486 0.029374325782092793
1 0.7653087248322147 0.2595577130528587 0.03251677852348981 0.02089536138079828
0 0.38677852348993286 0.3137001078748652 0.03767785234899335 0.03878101402373252
1 0.23503355704697987 0.24381877022653722 0.031295302013422815 0.032017259978425035
3 0.054389261744966444 0.49389428263214663 0.09381208053691276 0.9678425026968717
3 0.44820134228187913 0.5177562028047464 0.6624295302013422 0.3180258899676376
1 0.23587919463087248 0.8744552319309601 0.03508053691275167 0.027874865156418467
0 0.34727516778523493 0.9481877022653722 0.03479865771812078 0.0354045307443365
0 0.7328456375838927 0.7746925566343041 0.011550335570469823 0.020744336569579306
0 0.7338322147651007 0.8037540453074434 0.010805369127516718 0.024217907227616013
0 0.7328791946308725 0.8313807982740022 0.010248322147650995 0.022621359223301
0 0.7331879194630873 0.8565156418554477 0.010872483221476388 0.0160517799352752
0 0.7325637583892617 0.8864724919093852 0.009630872483221415 0.025685005393743198
1 0.763013422818792 0.7755339805825242 0.036516778523489835 0.028996763754045425
1 0.766255033557047 0.8026645091693636 0.03620134228187923 0.026407766990291282
1 0.7663489932885905 0.8307766990291262 0.03230872483221468 0.0258036677454154
1 0.7679261744966444 0.8572599784250269 0.03410067114093956 0.028478964401294597
1 0.7665973154362417 0.8873247033441207 0.035523489932885795 0.03393743257820932