0 0.21126346015793254 0.023503184713375796 0.053330940416367524 0.04398089171974523
0 0.2661234745154343 0.02805732484076433 0.03794687724335966 0.04701698513800425
0 0.31483847810480975 0.030329087048832273 0.036920315865039445 0.036401273885350326
0 0.35483847810480973 0.028811040339702762 0.03281407035175878 0.03942675159235669
0 0.39277817659727204 0.02578556263269639 0.03281407035175882 0.04246284501061571
0 0.43995692749461596 0.025021231422505306 0.03692031586503953 0.05004246284501061
0 0.4814860014357502 0.0333651804670913 0.03999282124910268 0.04549893842887474
0 0.5307178750897343 0.02578556263269639 0.05025125628140704 0.03942675159235669
0 0.5866044508255563 0.02805732484076433 0.055376884422110625 0.04701698513800425
0 0.65275664034458 0.02578556263269639 0.05435032304379041 0.04246284501061571
0 0.7712060301507537 0.027292993630573248 0.018456568557071097 0.03336518046709129
0 0.8019669777458723 0.018959660297239913 0.020509691313711532 0.02578556263269639
0 0.7040272792534099 0.4102229299363057 0.08922469490308683 0.04094479830148625
0 0.8076094759511845 0.4147664543524416 0.09742282842785357 0.03184713375796178
0 0.09640344580043073 0.30330148619957537 0.12306532663316583 0.04246284501061571
0 0.20715721464465184 0.10540339702760086 0.034867193108399176 0.025785562632696383
0 0.24664034458004308 0.1069108280254777 0.029741564967695585 0.022749469214437375
0 0.5050753768844222 0.1076751592356688 0.019483129935391315 0.02729299363057326
0 0.5348169418521177 0.11221868365180467 0.029741564967695668 0.021231422505307854
0 0.5650681981335247 0.11450106157112526 0.026661880832735175 0.028811040339702776
0 0.596346015793252 0.10842887473460722 0.029741564967695668 0.03488322717622079
0 0.6255778894472361 0.10463906581740975 0.04512562814070344 0.030329087048832266
3 0.09691313711414214 0.5869002123142251 0.15280689160086147 0.4519214437367304
3 0.9240057430007179 0.8318152866242039 0.10255563531945451 0.32605095541401286