0 0.16862170087976538 0.022110849056603772 0.039100684261974585 0.0294811320754717
0 0.22971652003910067 0.02285377358490566 0.03421309872922776 0.022110849056603772
0 0.2987585532746823 0.014009433962264154 0.10386119257087 0.019162735849056603
0 0.552297165200391 0.011061320754716985 0.08064516129032258 0.022110849056603772
0 0.6414956011730205 0.01843160377358491 0.056207233626588464 0.033903301886792456
0 0.7178690127077224 0.021379716981132075 0.062316715542521994 0.022110849056603772
0 0.9665200391006843 0.015483490566037738 0.024437927663734114 0.022110849056603772
0 0.9433040078201369 0.06485849056603774 0.04398826979472141 0.04716981132075472
0 0.8779374389051808 0.13340801886792453 0.06964809384164222 0.036851415094339625
0 0.0635386119257087 0.07959905660377359 0.08308895405669599 0.0294811320754717
0 0.15029325513196481 0.07739386792452829 0.056207233626588464 0.019162735849056603
0 0.20467253176930597 0.07886792452830188 0.050097751710654934 0.019162735849056603
0 0.2761485826001955 0.078125 0.03176930596285435 0.02653301886792453
0 0.34701857282502446 0.078125 0.051319648093841645 0.0294811320754717
0 0.45882697947214074 0.08107311320754718 0.1282991202346041 0.03537735849056604
0 0.5889540566959922 0.08107311320754718 0.0855327468230694 0.03242924528301887
0 0.706256109481916 0.08476415094339622 0.07820136852394917 0.030955188679245283
1 0.320752688172043 0.13930424528301885 0.10386119257087 0.030955188679245283
1 0.8272238514173998 0.025058962264150945 0.07331378299120235 0.020636792452830188
1 0.9109286412512219 0.01768867924528302 0.06964809384164222 0.020636792452830188
0 0.9249755620723362 0.22110849056603774 0.021994134897360705 0.05011792452830189
0 0.9634701857282503 0.2255306603773585 0.028103616813294232 0.03537735849056604
0 0.40689149560117305 0.7908372641509434 0.15395894428152493 0.05159198113207547
0 0.5706256109481916 0.7886202830188679 0.15640273704789834 0.05306603773584906
0 0.05742913000977517 0.8851768867924529 0.09286412512218964 0.04274764150943396
0 0.1460215053763441 0.8844339622641509 0.08186705767350928 0.03537735849056604
0 0.789960899315738 0.5903655660377358 0.05254154447702835 0.030955188679245283