0 0.17201711491442545 0.034410526315789475 0.024431540342298306 0.04438947368421053
0 0.731057457212714 0.032494736842105264 0.030042787286063626 0.03454736842105263
0 0.7664180929095354 0.03605263157894737 0.029156479217603802 0.03564210526315789
0 0.7924938875305624 0.034610526315789474 0.016687041564792286 0.03577894736842105
0 0.814083129584352 0.03174736842105263 0.01795232273838624 0.03605263157894737
1 0.18324572127139366 0.0856 0.04165036674816625 0.029473684210526315
0 0.2466992665036675 0.08901052631578947 0.06551955990220053 0.03630526315789474
0 0.7225672371638141 0.19897894736842106 0.03750611246943773 0.04871578947368424
0 0.7625672371638141 0.20177894736842106 0.033685819070904725 0.05131578947368421
0 0.7928911980440099 0.19986315789473685 0.017481662591686986 0.041473684210526295
0 0.8157457212713937 0.20109473684210524 0.017793398533007414 0.04994736842105262
3 0.731760391198044 0.3873157894736842 0.192114914425428 0.25697894736842103
3 0.6584229828850856 0.7844631578947369 0.16419926650366753 0.2362315789473685
3 0.09803789731051343 0.7451684210526316 0.09303178484107578 0.17268421052631575
3 0.09922982885085575 0.9188842105263159 0.09540953545232272 0.16222105263157907
3 0.883960880195599 0.4238631578947369 0.10356968215158928 0.5857052631578947
0 0.729315403422983 0.8817368421052632 0.016075794621027005 0.030768421052631598
0 0.780421760391198 0.4878 0.06939486552567249 0.03688421052631575
0 0.1373716381418093 0.6835368421052632 0.012775061124694363 0.025347368421052556