0 0.9336533333333332 0.20519424460431657 0.02730666666666649 0.03768345323741007
0 0.2684177777777778 0.2053093525179856 0.02698666666666668 0.060546762589928034
0 0.024764444444444443 0.43974100719424464 0.03174222222222223 0.0771798561151079
0 0.9634933333333334 0.4390935251798561 0.042542222222222335 0.07589928057553957
0 0.8809511111111111 0.86631654676259 0.11872888888888883 0.038273381294963896
0 0.21992 0.8649064748201439 0.06175111111111108 0.04366906474820131
0 0.10912888888888887 0.8717122302158273 0.1322222222222222 0.04289208633093517
0 0.36547555555555555 0.6566906474820143 0.01952888888888891 0.02600000000000007
0 0.3346044444444444 0.6604172661870503 0.029208888888888902 0.03139568345323748
1 0.16460444444444444 0.5807769784172662 0.07333333333333333 0.04683453237410065
1 0.08222222222222222 0.5863021582733813 0.07682666666666667 0.04348201438848925