0 0.24608071748878924 0.764947245017585 0.07286995515695067 0.09964830011723329
0 0.5498923766816144 0.10331770222743258 0.05493273542600897 0.024912075029308322
0 0.5880089686098655 0.9356740914419696 0.11995515695067265 0.07766705744431418
0 0.7163677130044843 0.9356740914419696 0.1210762331838565 0.0805978898007034
0 0.8217488789237668 0.9349355216881594 0.06726457399103139 0.07913247362250879
0 0.9002242152466368 0.9356740914419696 0.07623318385650224 0.07766705744431418
1 0.6423766816143498 0.8645955451348183 0.23766816143497757 0.03223915592028136
1 0.7303856502242153 0.7217233294255568 0.4024663677130046 0.06594372801875732
1 0.07847533632286996 0.023446658851113716 0.04708520179372197 0.023446658851113716
1 0.14798206278026907 0.02271981242672919 0.04932735426008968 0.019050410316529893
1 0.22141704035874438 0.025650644783118404 0.052690582959641255 0.019050410316529893