0 0.9461966604823747 0.026244541484716156 0.025974025974025976 0.029978165938864626
0 0.8994712430426716 0.025840611353711792 0.03223562152133581 0.03352620087336245
0 0.8547124304267162 0.026517467248908296 0.030844155844155844 0.03489082969432314
0 0.8087940630797774 0.025840611353711792 0.031771799628942485 0.03352620087336245
0 0.3496103896103896 0.027336244541484714 0.041048237476808906 0.027794759825327506
0 0.29232838589981447 0.026659388646288213 0.03316326530612245 0.02643013100436682
0 0.24118738404452691 0.02406113537117904 0.03525046382189239 0.034344978165938865
0 0.19144712430426716 0.026517467248908296 0.030844155844155844 0.03489082969432314
0 0.12999072356215213 0.027882096069868995 0.042439703153988866 0.037620087336244536
0 0.08476808905380334 0.02829694323144105 0.021567717996289426 0.02315502183406114
0 0.02934137291280148 0.026113537117903932 0.03594619666048238 0.03843886462882097
0 0.8505380333951762 0.4838755458515284 0.18947124304267163 0.03694323144104807
0 0.6129406307977736 0.4831986899563319 0.18970315398886828 0.03557860262008737
0 0.3751205936920223 0.4838755458515284 0.19410946196660483 0.03694323144104807
0 0.1394990723562152 0.4836026200873363 0.20524118738404454 0.04294759825327514
0 0.1345083487940631 0.971528384279476 0.19294990723562153 0.03844978165938868
0 0.37396103896103894 0.9723471615720524 0.19642857142857142 0.03135371179039304
0 0.6137569573283859 0.9748034934497816 0.1936456400742115 0.04280567685589524
0 0.849025974025974 0.973711790393013 0.18877551020408162 0.03408296943231444