2 0.8657858136300417 0.05564825253664036 0.11821974965229486 0.05325817361894026
0 0.9493184979137691 0.05667418263810598 0.022280945757997193 0.040958286358511835
0 0.9790264255910986 0.054363021420518604 0.019756606397774587 0.04043968432919955
0 0.6421488178025034 0.05859075535512965 0.06353963838664821 0.03455467869222097
0 0.5664464534075104 0.05782412626832019 0.07333796940194717 0.030969560315670806
0 0.4992767732962448 0.061149943630214205 0.03698191933240617 0.029425028184892905
0 0.4362934631432545 0.058466741826381056 0.05800417246175249 0.02712514092446449
0 0.3688873435326843 0.0560315670800451 0.04362308762169682 0.03967305524239008
0 0.3191794158553547 0.05474633596392334 0.04029902642559113 0.026865839909808342
0 0.25666898470097355 0.05629086809470125 0.05942280945758 0.034036076662908685
0 0.19582058414464532 0.05923337091319053 0.03888038942976354 0.025580608793686583
0 0.15125173852573018 0.05564825253664036 0.03951321279554937 0.032762119503945884
0 0.9531849791376913 0.26931228861330325 0.0281363004172462 0.03577226606538897
0 0.9110709318497913 0.27225479143179254 0.02923504867872042 0.03756482525366406
0 0.9303477051460362 0.42340473506200677 0.07886648122392201 0.03240135287485908
0 0.9213421418636997 0.4581285231116122 0.07665507649513215 0.02935738444193908
0 0.9408623087621697 0.9094024802705749 0.028769123783031914 0.049165727170236644
0 0.8887830319888734 0.9087598647125141 0.02418636995827552 0.047891770011273975
0 0.8229554937413074 0.6036302142051859 0.26710013908205843 0.08948139797068778
0 0.8216133518776078 0.7121307779030439 0.26599443671766343 0.09533258173618935