0 0.042009950248756214 0.08949194547707559 0.03759203980099503 0.030285006195786862
0 0.07683582089552239 0.08881040892193309 0.02764179104477612 0.026158612143742245
0 0.10226865671641791 0.09018587360594796 0.02764179104477612 0.015142503097893431
0 0.13986069651741292 0.09224287484510532 0.04090547263681593 0.016517967781908317
0 0.18739303482587066 0.09018587360594796 0.036487562189054745 0.01789343246592317
0 0.23051741293532338 0.09156133828996282 0.02321393034825869 0.015142503097893431
0 0.2653432835820896 0.09156133828996282 0.04200995024875625 0.023407682775712535
0 0.32725373134328356 0.09293680297397769 0.06411940298507468 0.0234076827757125
0 0.3681592039800995 0.09018587360594796 0.03538308457711437 0.01789343246592317
0 0.41349253731343283 0.09156133828996282 0.04421890547263676 0.01789343246592317
0 0.4626865671641791 0.0963816604708798 0.03869651741293531 0.019281288723667907
0 0.5091243781094528 0.09156133828996282 0.025432835820895526 0.012391573729863693
0 0.5638507462686567 0.09363073110285007 0.0464378109452737 0.01376703841387858
0 0.6213333333333334 0.08881040892193309 0.05306467661691535 0.02065675340768277
0 0.6694328358208955 0.09156133828996282 0.03426865671641797 0.009640644361833954
0 0.835820895522388 0.03579925650557621 0.037592039800995 0.0165179677819083
0 0.8800398009950249 0.03442379182156134 0.03538308457711437 0.0165179677819083
0 0.9215024875621891 0.03442379182156134 0.04311442786069645 0.019281288723667907
0 0.9759502487562189 0.03924411400247832 0.0480895522388059 0.023407682775712518
2 0.5107761194029851 0.03579925650557621 0.3095621890547263 0.03304832713754647
3 0.5030447761194029 0.19964064436183396 0.9552238805970149 0.09638166047087979
3 0.8955223880597015 0.08674101610904585 0.1813134328358209 0.0357992565055762