0 0.16277423920736023 0.49096736596736595 0.07430997876857749 0.023310023310023312
0 0.3728803963198868 0.48805361305361306 0.06634819532908705 0.026223776223776224
0 0.5847487615003538 0.48878787878787877 0.06723283793347487 0.024766899766899768
0 0.8050247699929228 0.48513986013986016 0.07961783439490445 0.029137529137529136
0 0.9076433121019108 0.4385198135198135 0.03184713375796178 0.03496503496503497
0 0.9076433121019108 0.219988344988345 0.04423213021939137 0.05536130536130536
0 0.9058740268931351 0.06118881118881119 0.05130927105449398 0.06118881118881119
0 0.16322009907997168 0.5681818181818182 0.06634819532908705 0.029137529137529136
0 0.08050247699929229 0.8581002331002331 0.05484784147204529 0.026223776223776224
0 0.9359518754423213 0.8551864801864801 0.03184713375796178 0.05827505827505827
0 0.9355130927105451 0.9433333333333334 0.03980891719745223 0.06264568764568765
1 0.11500353857041755 0.25495337995337997 0.06900212314225053 0.023310023310023312
1 0.5480396319886766 0.25495337995337997 0.0875796178343949 0.03496503496503497
1 0.6267728237791932 0.2542307692307692 0.053963198867657464 0.030594405594405596
1 0.6882519462137296 0.2484032634032634 0.05130927105449398 0.03350815850815851
1 0.5250389242745931 0.30303030303030304 0.03627034677990092 0.026223776223776224