0 0.054437140509449464 0.016304347826086956 0.016433853738701727 0.03260869565217391
0 0.22545603944124898 0.01834782608695652 0.05238290879211175 0.020380434782608696
0 0.2716762530813476 0.02242391304347826 0.02978635990139688 0.02309782608695652
0 0.30351684470008217 0.019021739130434784 0.025677896466721445 0.021739130434782608
0 0.3389482333607231 0.021065217391304347 0.02259654889071487 0.020380434782608696
0 0.3728430566967954 0.019706521739130435 0.03697617091207888 0.025815217391304348
0 0.4108463434675431 0.019706521739130435 0.02259654889071487 0.02309782608695652
0 0.44834018077239113 0.01834782608695652 0.0195152013147083 0.020380434782608696
0 0.4801807723911257 0.016304347826086956 0.021569433032046014 0.019021739130434784
0 0.5109942481511914 0.019706521739130435 0.021569433032046014 0.02309782608695652
0 0.5464256368118324 0.02309782608695652 0.024650780608052588 0.02717391304347826
0 0.578783894823336 0.019706521739130435 0.017460969597370583 0.02309782608695652
0 0.6116516023007396 0.0156304347826087 0.02362366474938373 0.02309782608695652
0 0.6522185702547247 0.021739130434782608 0.03697617091207888 0.021739130434782608
0 0.6963845521774856 0.019021739130434784 0.04724732949876746 0.021739130434782608
0 0.7559572719802794 0.019021739130434784 0.05135579293344289 0.016304347826086956
0 0.8941084634346755 0.019021739130434784 0.021569433032046014 0.024456521739130436
0 0.9280032867707478 0.019706521739130435 0.025677896466721445 0.02309782608695652
3 0.5010271158586689 0.09579347826086956 0.9979457682826622 0.08831521739130435
0 0.13044371405094496 0.22758695652173913 0.04724732949876746 0.017663043478260868
0 0.17923582580115036 0.2262282608695652 0.021569433032046014 0.017663043478260868
0 0.2187756778964667 0.2248695652173913 0.02259654889071487 0.02309782608695652
0 0.2557518488085456 0.22351086956521737 0.024650780608052588 0.017663043478260868
0 0.30659819227608875 0.22554347826086957 0.048274445357436316 0.021739130434782608