2 0.5461570593149541 0.041666666666666664 0.24853801169590642 0.047619047619047616
0 0.1451545530492899 0.043904761904761905 0.05012531328320802 0.03125
0 0.20938178780284042 0.043904761904761905 0.030284043441938177 0.03422619047619048
0 0.28613199665831246 0.036464285714285706 0.0898078529657477 0.025297619047619044
0 0.040726817042606514 0.12277380952380952 0.052213868003341685 0.03125
0 0.10025062656641603 0.12128571428571427 0.052213868003341685 0.025297619047619048
0 0.15246449456975772 0.1138452380952381 0.03759398496240601 0.03720238095238095
0 0.2161654135338346 0.11607142857142858 0.060568086883876354 0.02976190476190476
0 0.2856140350877193 0.11755952380952381 0.049081035923141184 0.023809523809523808
0 0.3388721804511278 0.12575 0.040726817042606514 0.019345238095238096
0 0.39578111946533 0.11979761904761904 0.043859649122807015 0.025297619047619048
0 0.45634920634920634 0.11904761904761904 0.07309941520467836 0.026785714285714284
0 0.5263157894736842 0.12351190476190477 0.05639097744360902 0.020833333333333332
0 0.5795739348370927 0.1130952380952381 0.04177109440267335 0.017857142857142856
0 0.7017543859649122 0.03571428571428571 0.020885547201336674 0.03571428571428571
0 0.747702589807853 0.041666666666666664 0.052213868003341685 0.02976190476190476
0 0.7983542188805347 0.043904761904761905 0.049081035923141184 0.025297619047619048
0 0.8469089390142022 0.043904761904761905 0.04803675856307435 0.022321428571428572
0 0.9210526315789473 0.2998571428571429 0.03341687552213868 0.06101190476190476
0 0.9596908939014203 0.2961309523809524 0.029239766081871343 0.050595238095238096
0 0.9220969089390142 0.4851190476190476 0.07936507936507936 0.03273809523809524
1 0.7858228905597328 0.8839285714285714 0.3560985797827904 0.044642857142857144
1 0.8907685881370092 0.11755952380952381 0.16290726817042606 0.02976190476190476
1 0.928888888888889 0.03497619047619047 0.09085213032581453 0.052083333333333336
0 0.9424644945697578 0.9784285714285714 0.024018379281537175 0.03125
0 0.6375355054302423 0.9627976190476191 0.06787802840434419 0.023809523809523808
0 0.040726817042606514 0.2790238095238095 0.04803675856307435 0.06696428571428571
0 0.03916457811194653 0.3586309523809524 0.049081035923141184 0.05952380952380952
0 0.04020885547201336 0.43825 0.046992481203007516 0.06101190476190476
0 0.04020885547201336 0.5193452380952381 0.046992481203007516 0.06547619047619048
0 0.03863826232247285 0.5982142857142857 0.05012531328320802 0.06547619047619048
0 0.03968253968253968 0.6778333333333333 0.04594820384294068 0.06398809523809523
0 0.03968253968253968 0.756702380952381 0.05012531328320802 0.06696428571428571
0 0.44068504594820385 0.8705357142857143 0.1733500417710944 0.044642857142857144