2 0.3112712975098296 0.1407103825136612 0.16382699868938402 0.03278688524590164
2 0.31045871559633026 0.2657158469945355 0.1720183486238532 0.025956284153005466
2 0.30799475753604194 0.36544262295081964 0.17693315858453473 0.028688524590163935
2 0.3530537352555701 0.4624371584699454 0.07699868938401049 0.023224043715846996
2 0.44479685452162515 0.4603825136612022 0.05733944954128441 0.030054644808743168
2 0.3112712975098296 0.5853879781420765 0.1834862385321101 0.031420765027322405
2 0.5619266055045872 0.6195409836065574 0.6815203145478375 0.03415300546448088
2 0.31045871559633026 0.6502732240437158 0.1884010484927916 0.03278688524590164
2 0.323564875491481 0.7418032786885246 0.18184796854521626 0.0273224043715847
1 0.487391874180865 0.7459016393442623 0.09665792922673656 0.01912568306010929
1 0.2711402359108781 0.8162622950819672 0.1064875491480996 0.028688524590163935
0 0.43905635648754915 0.9733661202185793 0.11795543905635648 0.031420765027322405
0 0.5750327653997379 0.9726775956284153 0.11795543905635648 0.03278688524590164
0 0.46609436435124507 0.5826557377049181 0.10976408912188729 0.025956284153005466
0 0.456264744429882 0.13456830601092895 0.06389252948885976 0.020491803278688523