0 0.8559868421052632 0.026444201312910285 0.019942434210526317 0.03031728665207878
0 0.8203125 0.029726477024070025 0.028782894736842105 0.03469365426695843
0 0.7724095394736842 0.026575492341356675 0.052220394736842105 0.03277899343544857
0 0.7415707236842105 0.1686542669584245 0.12212171052631579 0.04121444201312912
3 0.7427055921052632 0.6417614879649891 0.2333470394736843 0.25439824945295403
3 0.31866776315789475 0.7225929978118163 0.5386513157894737 0.09001094091903718
0 0.4583717105263158 0.3472319474835886 0.03885690789473684 0.105164113785558
0 0.38651315789473684 0.3424507658643326 0.04111842105263158 0.09559080962800875
0 0.3159950657894737 0.34655361050328226 0.052220394736842105 0.1037964989059081
0 0.24773848684210525 0.34436542669584247 0.047286184210526314 0.10817286652078775
0 0.1756825657894737 0.34367614879649894 0.053248355263157895 0.10680525164113785
0 0.18421052631578946 0.48562363238512035 0.24835526315789475 0.025262582056892816
0 0.18082236842105262 0.5177571115973743 0.24486019736842105 0.023894967177242925
0 0.1828782894736842 0.5466083150984683 0.2489720394736842 0.018140043763676193
0 0.18236019736842105 0.5765536105032824 0.23972039473684212 0.02113785557986864
0 0.1814391447368421 0.6069146608315099 0.24773848684210525 0.020579868708971494
0 0.43462171052631576 0.4864442013129103 0.24095394736842105 0.029091903719912507
0 0.4342105263157895 0.5178993435448578 0.24177631578947367 0.026356673960612725
0 0.43667763157894735 0.5474288840262582 0.2450657894736842 0.021969365426695888
0 0.43462171052631576 0.5772428884026258 0.24095394736842105 0.02250547045951853
0 0.43616776315789474 0.6075929978118162 0.24403782894736842 0.021947483588621385