0 0.08012820512820513 0.075659760087241 0.13247863247863248 0.08587786259541985
0 0.24572649572649571 0.08724100327153762 0.10042735042735043 0.11177753544165758
0 0.3798119658119658 0.0995092693565976 0.11645299145299146 0.08178844056706652
0 0.5336581196581196 0.10223555070883315 0.15918803418803418 0.08724100327153762
0 0.2825897435897436 0.6359105779716466 0.056623931623931624 0.05043620501635769
0 0.4214786324786325 0.6461286804798255 0.12286324786324786 0.05452562704471101
0 0.5667777777777778 0.6427262813522355 0.12072649572649573 0.04498364231188658
0 0.7083333333333334 0.648854961832061 0.09401709401709402 0.04634678298800436
0 0.2905982905982906 0.9548854961832061 0.10042735042735043 0.03953107960741548
0 0.47115384615384615 0.9637404580152672 0.1388888888888889 0.03544165757906216
0 0.6778888888888889 0.9589749182115594 0.08226495726495726 0.04498364231188658
0 0.8552393162393164 0.9685169029443839 0.12072649572649582 0.04225736095965103
0 0.9738290598290599 0.9023991275899673 0.026709401709401708 0.027262813522355506
0 0.1794871794871795 0.8949073064340239 0.057692307692307696 0.03407851690294438
0 0.8060940170940171 0.019083969465648856 0.05235042735042735 0.029989094874591057
0 0.8584444444444445 0.02044711014176663 0.024572649572649572 0.03271537622682661
0 0.907051282051282 0.02044711014176663 0.038461538461538464 0.021810250817884406
0 0.9529914529914529 0.023860414394765536 0.05128205128205128 0.028625954198473278
0 0.9711538461538461 0.08247546346782987 0.03418803418803419 0.02862595419847328
2 0.8178461538461539 0.0831515812431843 0.2126068376068377 0.027262813522355506