1 0.6640976933514247 0.0834403080872914 0.10704206241519673 0.021399229781771514
1 0.6648575305291723 0.4150577663671373 0.10553595658073266 0.022824133504492906
1 0.6663636363636364 0.7424005134788191 0.10553595658073266 0.038510911424903725
0 0.2547896879240163 0.2253658536585366 0.10553595658073274 0.022824133504492906
0 0.43042062415196747 0.19897304236200256 0.07990502035278153 0.02424903722721436
0 0.394246947082768 0.26885750962772786 0.25478968792401624 0.018536585365853654
0 0.3655902306648575 0.29810012836970473 0.2397150610583446 0.0171116816431322
0 0.2547896879240163 0.561976893453145 0.0994979647218453 0.014261874197689362
0 0.43042062415196747 0.5284595635430038 0.07990502035278153 0.01568677792041082
0 0.38896879240162824 0.6011938382541719 0.25629579375848033 0.02139922978177145
0 0.36635006784260515 0.6282926829268293 0.23820895522388055 0.02139922978177145
0 0.43495251017639075 0.8558023106546855 0.07085481682496611 0.019974326059049995
0 0.2555359565807327 0.8864698331193838 0.0859294436906377 0.01568677792041082
0 0.3919810040705563 0.9321052631578948 0.25025780189959296 0.018536585365853727
0 0.3693622795115333 0.9563543003851092 0.2472455902306649 0.01568677792041082
0 0.7869742198100407 0.8294094993581514 0.4010312075983717 0.05562259306803585
0 0.7892401628222523 0.4999229781771502 0.40253731343283594 0.049922978177150176
0 0.7854681139755767 0.1718741976893453 0.4010312075983717 0.05562259306803592