0 0.12449180327868851 0.09392265193370165 0.21209016393442623 0.0856353591160221
0 0.3862704918032787 0.08839779005524862 0.22745901639344263 0.07458563535911603
0 0.6495901639344263 0.09116022099447514 0.19672131147540983 0.052486187845303865
0 0.8739754098360656 0.09323756906077348 0.19467213114754098 0.05662983425414365
0 0.9359672131147542 0.6961325966850829 0.08709016393442623 0.04143646408839779
0 0.2510245901639344 0.7272154696132597 0.06762295081967214 0.026243093922651933
0 0.45901639344262296 0.8370165745856354 0.3442622950819672 0.06077348066298342
0 0.38934426229508196 0.7203093922651934 0.13319672131147542 0.05662983425414365
0 0.5363770491803279 0.7161657458563536 0.1444672131147541 0.04834254143646409
0 0.5809426229508197 0.28314917127071826 0.014344262295081968 0.013812154696132596
3 0.4585081967213115 0.5124309392265194 0.32684426229508196 0.5386740331491713