0 0.12709888059701493 0.10998810939357907 0.04897388059701493 0.03864447086801427
0 0.22154850746268656 0.11296076099881094 0.08395522388059702 0.050535077288941736
0 0.29792910447761195 0.11222354340071343 0.05713619402985075 0.03418549346016647
0 0.3917910447761194 0.11668252080856123 0.08861940298507463 0.0401307966706302
0 0.46583955223880597 0.1196551724137931 0.059468283582089554 0.03418549346016647
0 0.5375466417910447 0.11296076099881094 0.05830223880597015 0.0356718192627824
0 0.6273320895522388 0.12114149821640903 0.06996268656716417 0.04310344827586207
0 0.09794776119402986 0.18281807372175982 0.051305970149253734 0.0356718192627824
0 0.1684981343283582 0.17687277051129607 0.06879664179104478 0.03864447086801427
0 0.24253731343283583 0.17538644470868014 0.04664179104477612 0.03864447086801427
0 0.31192164179104476 0.17613555291319857 0.05713619402985075 0.037158145065398336
0 0.37605410447761195 0.1813317479191439 0.047807835820895525 0.0267538644470868
0 0.44076492537313433 0.17910820451843043 0.06763059701492537 0.025267538644470868
0 0.5299720149253732 0.17390011890606422 0.08278917910447761 0.0356718192627824
0 0.8057369402985075 0.0438525564803805 0.055970149253731345 0.0490487514863258
0 0.8692910447761194 0.04756242568370987 0.04547574626865672 0.020808561236623068
0 0.9444962686567164 0.05128418549346017 0.06996268656716417 0.028240190249702736
0 0.6990485074626865 0.8323424494649228 0.043143656716417914 0.044589774078478
0 0.7515205223880597 0.8301189060642092 0.043143656716417914 0.04310344827586207
0 0.8687033582089553 0.8368014268727705 0.17723880597014927 0.0535077288941736
0 0.4944029850746269 0.9594292508917954 0.08628731343283583 0.03418549346016647
0 0.9293376865671642 0.3686087990487515 0.04197761194029851 0.0267538644470868
0 0.9684048507462688 0.3530083234244946 0.024486940298507464 0.025267538644470868
2 0.882695895522388 0.1694411414982164 0.1865671641791045 0.03864447086801427
2 0.3853824626865672 0.0483115338882283 0.41161380597014924 0.046076099881093936
3 0.8926119402985075 0.11444708680142687 0.1923973880597016 0.044589774078478