0 0.2161782032400589 0.09078781512605043 0.026296023564064828 0.028508403361344522
0 0.27245949926362295 0.08928571428571429 0.065220913107511 0.03451680672268909
0 0.3339985272459499 0.08778361344537815 0.047341678939617056 0.02251050420168068
0 0.39185567010309275 0.09678571428571428 0.05785714285714281 0.025514705882352932
0 0.6990353460972017 0.03451680672268907 0.022091310751104567 0.03001050420168067
0 0.7274374079528719 0.03526260504201681 0.015780559646539075 0.016502100840336133
0 0.775301914580265 0.03676470588235294 0.05680412371134019 0.03751050420168068
0 0.3229528718703976 0.33838235294117647 0.01893225331369664 0.031512605042016806
0 0.6832547864506627 0.34738445378151256 0.026296023564064828 0.040514705882352994
0 0.5049410898379971 0.9573844537815126 0.29455081001472755 0.03901260504201691
3 0.5 0.9081617647058824 1 0.1836764705882352
0 0.34767304860088366 0.03976890756302521 0.047341678939617056 0.031512605042016806