0 0.9202123552123551 0.026875 0.1367471042471042 0.023925000000000002
0 0.9643436293436293 0.23440000000000003 0.01789575289575286 0.030637499999999988
0 0.768581081081081 0.235175 0.026544401544401543 0.023862499999999967
0 0.5697007722007722 0.23373750000000001 0.01890926640926633 0.029337500000000034
0 0.3694111969111969 0.23217500000000002 0.020511583011583012 0.03246250000000003
0 0.17314671814671814 0.2347875 0.02212355212355214 0.027250000000000014
0 0.17183397683397683 0.47655000000000003 0.013474903474903455 0.03577500000000001
0 0.17284749034749033 0.7177875 0.019507722007721988 0.024512499999999875
0 0.17485521235521237 0.95395 0.02353281853281853 0.025999999999999943
0 0.37172779922779925 0.9589 0.019102316602316566 0.03173750000000013
0 0.5701061776061777 0.9559125 0.019710424710424782 0.019499999999999885
0 0.7692857142857144 0.9579875 0.021920849420849455 0.025749999999999888
0 0.9633397683397683 0.9578625 0.019913127413127518 0.023400000000000035
0 0.9624420849420849 0.713625 0.020115830115830038 0.03284999999999996
0 0.9627413127413127 0.47328749999999997 0.014681467181467216 0.02926249999999996
0 0.7666698841698841 0.47393749999999996 0.02071428571428575 0.030575000000000047
0 0.5685907335907335 0.47393749999999996 0.03077220077220088 0.030575000000000047
0 0.36900579150579155 0.47395000000000004 0.0116602316602317 0.020150000000000005
0 0.3726254826254826 0.7115375 0.02694980694980691 0.03701249999999987
0 0.5722104247104246 0.7138875 0.021920849420849455 0.037524999999999975
0 0.7663706563706564 0.7189625 0.034189189189189256 0.024774999999999922