0 0.07557377049180328 0.0782659574468085 0.10005961251862891 0.031914893617021274
0 0.1841579731743666 0.0782659574468085 0.06600596125186291 0.028872340425531908
0 0.28955290611028317 0.07598936170212767 0.10219076005961251 0.03039361702127659
0 0.36938897168405366 0.07446808510638298 0.07025335320417285 0.02431914893617022
0 0.4811624441132638 0.0797872340425532 0.11922503725782414 0.034957446808510644
0 0.645096870342772 0.07751063829787234 0.14903129657228018 0.024319148936170206
0 0.8728912071535023 0.024319148936170213 0.05961251862891207 0.03343617021276596
0 0.9378390461997019 0.025840425531914894 0.044709388971684055 0.024319148936170213
0 0.20225037257824144 0.5790319148936169 0.31083457526080477 0.03951063829787245
0 0.49712369597615497 0.5813085106382978 0.2533532041728763 0.031914893617021274
0 0.7526080476900149 0.582063829787234 0.215037257824143 0.03343617021276603
0 0.9346348733233979 0.582063829787234 0.1107153502235469 0.03951063829787245
0 0.12986587183308498 0.6322234042553191 0.1916095380029806 0.03343617021276603
0 0.3555439642324888 0.6284148936170213 0.22567809239940384 0.028872340425532023
0 0.600387481371088 0.6314574468085107 0.20864381520119224 0.0227978723404256
0 0.8367064083457525 0.6284148936170213 0.20864381520119224 0.0227978723404256
0 0.12348733233979135 0.9559255319148937 0.10219076005961251 0.04862765957446812
0 0.31083457526080477 0.9680851063829787 0.10219076005961251 0.04559574468085096
0 0.5098956780923993 0.9597234042553191 0.08728763040238458 0.04711702127659571
0 0.7036363636363636 0.9665638297872341 0.10858420268256336 0.05167021276595738
0 0.8803427719821163 0.9642872340425531 0.08728763040238441 0.04407446808510645