0 0.9211783439490446 0.01970053475935829 0.03980891719745223 0.0280427807486631
0 0.8554936305732485 0.018898395721925136 0.04378980891719745 0.02429946524064171
0 0.4890605095541401 0.060877005347593584 0.11106687898089172 0.031240641711229956
0 0.3752070063694267 0.06956149732620322 0.05851910828025478 0.02721925133689839
0 0.28821656050955413 0.06581818181818182 0.06369426751592357 0.024021390374331545
0 0.20262738853503184 0.06381818181818182 0.059713375796178345 0.030705882352941184
0 0.10291401273885349 0.06141176470588235 0.07125796178343949 0.030171122994652414
0 0.8539012738853503 0.9647486631016042 0.05652866242038217 0.04648128342245993
0 0.6803343949044586 0.9644812834224599 0.07563694267515923 0.052363636363636404
0 0.5097611464968153 0.9692941176470588 0.08877388535031847 0.05343315508021394
0 0.31987261146496815 0.9713048128342245 0.08320063694267515 0.04674866310160432
0 0.14152866242038215 0.9676898395721925 0.09275477707006369 0.045946524064171164
0 0.9225796178343949 0.8961818181818181 0.07842356687898089 0.052652406417112316
0 0.11982484076433121 0.29706951871657755 0.11703821656050956 0.03731550802139036