0 0.86414551607445 0.2576627534685165 0.0604230118443316 0.03659551760939167
0 0.9366666666666668 0.256136606189968 0.050761421319796954 0.024397011739594465
0 0.8677834179357022 0.019060832443970117 0.0676818950930626 0.03811099252934899
0 0.937394247038917 0.01814300960512273 0.05414551607445008 0.03628601921024546
0 0.10406091370558376 0.016542155816435433 0.06937394247038917 0.033084311632870865
0 0.047140439932318104 0.016766275346851656 0.050761421319796954 0.02439701173959445
0 0.9354653130287648 0.518367129135539 0.029001692047377497 0.03049092849519749
0 0.2646869712351946 0.9498399146211313 0.44719120135363805 0.06098185699039498
0 0.7215397631133672 0.9498399146211313 0.43751269035533 0.05488794023479196
0 0.48707275803722505 0.6594023479188901 0.9161252115059223 0.06250800426894337
0 0.493113367174281 0.7310565635005336 0.9137055837563451 0.06250800426894337
0 0.4943147208121827 0.8027107790821771 0.9112859560067681 0.06250800426894337
1 0.493113367174281 0.5991782283884738 0.9233671742808799 0.03963713980789765