0 0.05025125628140704 0.06423982869379015 0.09093802345058626 0.015299785867237679
0 0.1543383584589615 0.06730192719486082 0.0358961474036851 0.015299785867237679
0 0.23450586264656617 0.06883297644539615 0.05743718592964825 0.012237687366167031
0 0.34457286432160805 0.06806209850107066 0.12443886097152432 0.01988222698072806
0 0.4893467336683417 0.069593147751606 0.0789614740368509 0.016820128479657397
0 0.6161809045226131 0.06806209850107066 0.09810720268006709 0.01988222698072806
0 0.8758123953098828 0.021413276231263382 0.04306532663316589 0.021413276231263382
0 0.9463986599664992 0.020653104925053532 0.04546063651591307 0.026006423982869377
0 0.08016750418760468 0.12083511777301927 0.06939698492462312 0.021413276231263382
0 0.20458961474036855 0.12465738758029979 0.1363986599664992 0.032119914346895075
0 0.31825795644891125 0.12236616702355461 0.11006700167504184 0.021413276231263382
0 0.4630318257956449 0.12312633832976445 0.11246231155778892 0.022944325481798724
0 0.6113902847571189 0.12312633832976445 0.17469011725293127 0.032119914346895075
0 0.7429983249581239 0.11624197002141327 0.06939698492462303 0.03365096359743042
0 0.8458961474036851 0.12312633832976445 0.07418760469011719 0.029057815845824397
1 0.9128978224455612 0.18507494646680944 0.08375209380234507 0.018351177730192705
0 0.4570519262981575 0.5467987152034262 0.03350083752093802 0.02294432548179866
0 0.924857621440536 0.5422162740899358 0.05504187604690101 0.029057815845824397
0 0.12083752093802345 0.969710920770878 0.098107202680067 0.052002141327623055
0 0.294321608040201 0.969710920770878 0.11006700167504184 0.052002141327623055
0 0.5084924623115578 0.9704817987152033 0.12681742043551095 0.041295503211991366
0 0.7077051926298158 0.9753747323340471 0.09547738693467336 0.04925053533190578
0 0.9033333333333333 0.9720128479657387 0.09331658291457293 0.032119914346895075
0 0.12802345058626466 0.03135974304068522 0.05025125628140704 0.02600642398286938
0 0.03231155778894472 0.013768736616702354 0.0454606365159129 0.024475374732334045