0 0.09237529691211402 0.16866171003717473 0.16363420427553443 0.05369268897149936
0 0.09281076801266824 0.22442379182156136 0.16275534441805226 0.04130111524163567
0 0.09413301662707839 0.2739900867410161 0.160110847189232 0.038550185873605966
0 0.0941330166270784 0.32837670384138784 0.16186856690419635 0.03167286245353157
0 0.09237529691211402 0.3758736059479554 0.160110847189232 0.03028500619578693
0 0.09501187648456057 0.4261338289962825 0.15659540775930322 0.03442379182156131
0 0.09281076801266824 0.4736307311028501 0.15571654790182107 0.04130111524163574
0 0.09676959619952494 0.5266418835192069 0.16011084718923196 0.03717472118959108
0 0.09149643705463183 0.576902106567534 0.15659540775930322 0.035799256505576194
0 0.06070467141726049 0.6230235439900867 0.07566112430720506 0.02340768277571257
0 0.05938242280285035 0.6608798017348204 0.07125890736342043 0.024783147459727387
0 0.05938242280285035 0.7049442379182156 0.07653998416468727 0.024783147459727387
0 0.058939034045922406 0.7400495662949195 0.07213776722090262 0.028909541511771907
0 0.06642121931908156 0.7799752168525403 0.09589073634204275 0.028909541511771907
0 0.06730007917656373 0.8219702602230484 0.08709422011084719 0.019281288723667838
0 0.07038004750593825 0.8660346964064436 0.08269200316706256 0.03028500619578693
0 0.06158353127474268 0.9045848822800495 0.07566112430720506 0.019281288723667838
0 0.06114014251781472 0.942453531598513 0.06950118764845606 0.009640644361833919
0 0.37784639746634996 0.42268897149938045 0.1451543942992874 0.02753407682775716
0 0.5449960411718132 0.4206195786864932 0.1627553444180522 0.03167286245353153
0 0.3681710213776722 0.49428748451053284 0.12931908155186064 0.03028500619578693
0 0.9356057007125891 0.6526270136307311 0.09589073634204286 0.052317224287484546
0 0.9619952494061758 0.046815365551425035 0.053665874901029455 0.03579925650557621
2 0.4420665083135392 0.19964064436183396 0.2120190023752969 0.04130111524163567