0 0.5881147540983607 0.3229518072289157 0.05737704918032787 0.09371485943775104
0 0.646172131147541 0.32546184738955825 0.05054918032786891 0.07865461847389561
0 0.09016393442622951 0.6668273092369478 0.1338770491803279 0.09202811244979928
0 0.7687868852459016 0.6676706827309237 0.13456557377049186 0.09371485943775092
0 0.9071065573770493 0.6660040160642571 0.132516393442623 0.09036144578313253
2 0.22745901639344263 0.3053815261044177 0.056008196721311486 0.035140562248995984
2 0.2903032786885246 0.3020481927710843 0.03278688524590164 0.04182730923694776
2 0.22882786885245904 0.3790160642570281 0.05737704918032787 0.03849397590361449
2 0.29098360655737704 0.379859437751004 0.03278688524590164 0.04351405622489963
2 0.22848360655737704 0.45849397590361446 0.05805737704918034 0.03680722891566262
2 0.2903032786885246 0.4559839357429719 0.03278688524590164 0.04182730923694776
2 0.3394836065573771 0.45933734939759036 0.030057377049180295 0.03849397590361449
1 0.2885901639344262 0.5271084337349398 0.17964754098360652 0.036807228915662675
3 0.5047786885245902 0.20080321285140562 0.3702213114754099 0.40160642570281124