2 0.5065987780040734 0.03869387755102041 0.3297657841140529 0.04677551020408163
0 0.8270264765784114 0.041170068027210883 0.06318737270875759 0.03359183673469388
0 0.8855498981670061 0.040272108843537414 0.04898167006109971 0.040870748299319734
0 0.9295213849287168 0.03876190476190476 0.03508146639511206 0.04389115646258503
0 0.974653767820774 0.040340136054421764 0.05068228105906312 0.037986394557823135
3 0.90020366598778 0.10068027210884353 0.19959266802443992 0.07346938775510205
0 0.02319755600814664 0.10727891156462584 0.032637474541751525 0.036598639455782324
0 0.05824847250509165 0.10541496598639456 0.02783095723014257 0.032884353741496584
0 0.0910081466395112 0.10712925170068026 0.027606924643584534 0.04244897959183673
0 0.12769857433808554 0.10523809523809523 0.030651731160896138 0.04068027210884354
0 0.1759470468431772 0.10374149659863946 0.052250509164969455 0.04179591836734694
0 0.2194806517311609 0.10472108843537414 0.02770875763747452 0.04171428571428571
0 0.2592566191446029 0.10653061224489796 0.0384623217922607 0.04737414965986394
0 0.3161201629327902 0.10425850340136054 0.049765784114052955 0.040775510204081634
0 0.36138492871690425 0.09938775510204081 0.028706720977596797 0.04123809523809524
0 0.4056415478615071 0.10281632653061223 0.04994908350305494 0.03994557823129253
0 0.4582077393075356 0.10254421768707483 0.043472505091649634 0.03122448979591836
0 0.5060081466395112 0.10439455782312926 0.03817718940936864 0.0349251700680272
0 0.5558146639511201 0.10583673469387755 0.05524439918533605 0.035768707482993184
0 0.6172403258655804 0.10666666666666667 0.05883910386965374 0.041523809523809525
0 0.6708044806517311 0.11219047619047619 0.040621181262729227 0.0546122448979592
0 0.3170977596741344 0.2897278911564626 0.03948065173116088 0.03182312925170066
0 0.3615580448065173 0.2921496598639456 0.03669042769857431 0.03255782312925171
2 0.5488187372708758 0.29070748299319726 0.33323828920570264 0.052149659863945555
0 0.3170977596741344 0.3488027210884354 0.02419551934826883 0.029469387755102036
0 0.34440936863543786 0.3477278911564626 0.02419551934826883 0.029469387755102074
0 0.3719348268839104 0.34896598639455784 0.02419551934826883 0.029469387755102036
0 0.3984419551934827 0.3488299319727891 0.02419551934826883 0.029469387755102036
0 0.5068126272912423 0.34801360544217685 0.02419551934826883 0.029469387755102074
0 0.45227087576374747 0.3503265306122449 0.02419551934826883 0.029469387755102036
0 0.4254684317718941 0.34798639455782315 0.02419551934826883 0.029469387755102074
0 0.47928716904276986 0.3474557823129252 0.02419551934826883 0.029469387755102036
0 0.6141649694501018 0.35061224489795917 0.02419551934826883 0.029469387755102036
0 0.5338391038696538 0.3478503401360544 0.02419551934826883 0.029469387755102074
0 0.5611507128309572 0.34677551020408165 0.02419551934826883 0.029469387755102036
0 0.5876578411405295 0.34731972789115645 0.02419551934826883 0.029469387755102074
0 0.6693177189409368 0.3470612244897959 0.02419551934826883 0.029469387755102074
0 0.6417922606924644 0.34650340136054425 0.02419551934826883 0.029469387755102036
0 0.6977087576374745 0.3505442176870748 0.022769857433808452 0.03142857142857146
0 0.2240733197556008 0.5198775510204082 0.029358452138492856 0.04032653061224488
0 0.22507128309572302 0.6269795918367347 0.027362525458248476 0.044054421768707476
0 0.22316700610997964 0.7348163265306122 0.02754582484725052 0.04390476190476188
0 0.2225254582484725 0.8313197278911565 0.03425661914460284 0.039755102040816365
0 0.22420570264765782 0.9358775510204081 0.023645621181262698 0.04372789115646272
0 0.4733910386965377 0.5231428571428571 0.025468431771894083 0.03621768707482994
0 0.4719857433808554 0.6275918367346939 0.024653767820773966 0.04526530612244895
0 0.469938900203666 0.7316054421768707 0.03054989816700611 0.045482993197279
0 0.47152749490835033 0.8317959183673469 0.0237474541751528 0.04605442176870736
0 0.4722097759674134 0.9360544217687075 0.03508146639511206 0.036095238095238055
0 0.7212525458248472 0.5267210884353741 0.022668024439918524 0.04601360544217694
0 0.7253767820773931 0.631156462585034 0.028920570264765876 0.05507482993197282
0 0.7263340122199593 0.7289931972789115 0.02882892057026471 0.04825850340136058
0 0.7211201629327902 0.8313197278911565 0.028380855397148564 0.039755102040816365
0 0.7224338085539714 0.9333877551020408 0.03300407331975568 0.04142857142857149
0 0.9713849287169043 0.5249659863945578 0.024399185336048918 0.03983673469387752
0 0.9713441955193483 0.6269795918367347 0.026303462321792186 0.044054421768707476
0 0.9717515274949083 0.730517006802721 0.02911405295315674 0.03797278911564637
0 0.9707942973523422 0.8299183673469388 0.029205702647657907 0.04496598639455776