0 0.04387420237010027 0.10122826086956521 0.04216043755697356 0.050271739130434784
0 0.043299908842297175 0.15353260869565216 0.038742023701002735 0.04619565217391304
0 0.04159525979945305 0.20244565217391305 0.03988149498632634 0.04076086956521739
0 0.028486782133090246 0.020380434782608696 0.027347310847766638 0.03260869565217391
0 0.059252506836827715 0.016304347826086956 0.013673655423883319 0.008152173913043478
0 0.9144302643573382 0.02309782608695652 0.017092069279854148 0.019021739130434784
0 0.9480401093892434 0.022423913043478256 0.020510483135824976 0.025815217391304345
3 0.768003646308113 0.38519565217391305 0.22333637192342753 0.5339673913043478
3 0.7674384685505925 0.07472826086956522 0.21308113035551504 0.0625
3 0.33329990884229715 0.2370978260869565 0.4500911577028259 0.2513586956521739
3 0.3281677301731996 0.07813043478260868 0.44895168641750227 0.036684782608695655
0 0.22277119416590702 0.9823369565217391 0.055834092980856884 0.021739130434782608
0 0.37659981768459433 0.980304347826087 0.05355515041020966 0.02309782608695652
0 0.5298541476754786 0.9796195652173914 0.054694621695533276 0.024456521739130436