2 0.39106999195494774 0.03274122807017544 0.31864843121480285 0.048146929824561396
1 0.6673290426387771 0.033223684210526315 0.1773451327433629 0.041403508771929824
0 0.8351327433628318 0.035625000000000004 0.033917940466613006 0.061633771929824555
0 0.8778841512469832 0.03610745614035088 0.04027353177795651 0.0606688596491228
0 0.9266291230893 0.03467105263157895 0.037449718423169895 0.06163377192982456
0 0.9726790024135157 0.035625000000000004 0.046162510056315456 0.0693311403508772
0 0.832308930008045 0.10593201754385966 0.04098149637972651 0.03658991228070176
0 0.8955430410297668 0.10688596491228071 0.06995172968624282 0.044298245614035094
0 0.9672566371681416 0.11026315789473684 0.052284794851166355 0.03755482456140351
0 0.9435880933226067 0.21088815789473686 0.02755430410297667 0.044298245614035066
0 0.9810378117457764 0.21233552631578947 0.03320997586484328 0.04911184210526318
0 0.057715205148833465 0.11099780701754386 0.07731295253419147 0.03577850877192982
0 0.14200321802091712 0.10961622807017543 0.055848753016894626 0.03448464912280701
0 0.20810941271118263 0.10961622807017543 0.05536604987932423 0.03837719298245614
0 0.2651488334674175 0.10799342105263157 0.03388576025744168 0.03903508771929824
0 0.3102574416733709 0.10864035087719298 0.03436846339501209 0.04163377192982456
0 0.3672968624296058 0.10928728070175439 0.056798069187449736 0.04423245614035088
0 0.4429525341914723 0.10604166666666666 0.06395816572807723 0.040328947368421054
0 0.5126387771520515 0.10928728070175439 0.04390989541432013 0.04684210526315789