0 0.779306099608282 0.6559887640449439 0.4088864017907106 0.06107865168539314
0 0.7569222160044767 0.7956516853932584 0.36208170117515387 0.042134831460674156
0 0.9750363738108563 0.7967977528089888 0.020733072188024722 0.04239325842696631
0 0.9518858421936206 0.7961573033707866 0.020223838836037983 0.04112359550561787
0 0.6583547845551203 0.857314606741573 0.07414661443760492 0.038797752808988735
0 0.7069390039171796 0.8580786516853933 0.018696138780078263 0.03216853932584282
0 0.7075713486289872 0.9473146067415731 0.012339115836597752 0.034943820224719
0 0.6876049244543928 0.9460337078651686 0.020733072188024722 0.04260674157303379
0 0.6430274202574147 0.9462921348314607 0.0651203133743704 0.0369887640449439
0 0.7089087856743145 0.9014831460674158 0.01373810856183558 0.016831460674157323
1 0.7803861219921656 0.3142359550561798 0.40799664241745953 0.0374269662921349
0 0.9906155567991046 0.030179775280898876 0.015512031337436933 0.041337078651685386
0 0.9607274762171236 0.030314606741573037 0.03204812534974817 0.03342696629213483