0 0.06581555402615279 0.023957158962795943 0.05763936682725396 0.03664036076662908
0 0.12431520991052994 0.026076662908680943 0.049036476256022025 0.03804960541149944
0 0.17679284239504472 0.021848928974069894 0.04387474191328286 0.03804960541149944
0 0.2335719201651755 0.02466741826381059 0.04043358568479009 0.03241262683201804
0 0.289057123193393 0.027485907553551292 0.05677907777013076 0.026775648252536637
0 0.34153475567790775 0.027485907553551292 0.04301445285615967 0.023957158962795936
0 0.38626978664831385 0.027485907553551292 0.030970406056434963 0.026775648252536637
0 0.4198210598761184 0.027485907553551292 0.02752924982794219 0.023957158962795936
0 0.48434273916035786 0.026076662908680943 0.0653819683413627 0.029594137542277334
0 0.6908121128699243 0.026076662908680943 0.06882312456985547 0.035231116121758735
0 0.755767377838954 0.02254791431792559 0.026668960770818994 0.019729425028184894
0 0.7983482450103234 0.02818489289740699 0.03269098417068135 0.02536640360766629
0 0.8383551273227805 0.02536640360766629 0.02838953888506538 0.019729425028184894
0 0.8830901582931866 0.02959413754227734 0.04215416379903648 0.03100338218714769
0 0.9497591190640055 0.02889515219842164 0.07398485891259463 0.018320180383314538
0 0.9540605643496215 0.10992108229988726 0.0395732966276669 0.02254791431792559
0 0.7746937370956642 0.1557271702367531 0.14538885065381968 0.01832018038331454
0 0.8344803854094975 0.4932356257046223 0.27529249827942187 0.03945885005636979
0 0.7923262216104611 0.7391544532130778 0.10667584308327598 0.040868094701240136
0 0.9127666896077082 0.7426719278466741 0.10667584308327598 0.042277339346110485
0 0.9488988300068824 0.816662908680947 0.0395732966276669 0.021138669673055242
0 0.7118926359256711 0.7328072153325818 0.021507226428079836 0.03664036076662908
0 0.1299036476256022 0.1303607666290868 0.049896765313145214 0.10005636978579481
0 0.13162422573984858 0.2254791431792559 0.04645560908465245 0.08455467869222097
0 0.1307639366827254 0.33329199549041716 0.044735030970406056 0.08314543404735061
0 0.1268960770818995 0.4319391206313416 0.0524776324845148 0.08878241262683202
0 0.1307639366827254 0.5319954904171365 0.04817618719889883 0.09160090191657272
0 0.1324845147969718 0.6355693348365277 0.04645560908465245 0.09019165727170236
0 0.13162422573984858 0.7328072153325818 0.05333792154163799 0.09301014656144306
0 0.1299036476256022 0.838500563697858 0.049896765313145214 0.09582863585118377
0 0.19270474879559532 0.844847801578354 0.04129387474191328 0.040868094701240136
0 0.06968341362697866 0.9392671927846674 0.12732278045423262 0.05214205186020293
0 0.2069029593943565 0.9392671927846674 0.11958017894012388 0.040868094701240136
0 0.33035099793530626 0.9329199549041713 0.11011699931176876 0.047914317925591886
0 0.4679972470750172 0.9322209695603156 0.10667584308327598 0.049323562570462234
0 0.6159669649002064 0.9456031567080045 0.13592567102546455 0.06200676437429538
1 0.8349139710942878 0.6651634723788049 0.26754989676531316 0.047914317925591886