0 0.9301619047619047 0.18392508143322478 0.06476190476190476 0.043615635179153095
0 0.14635238095238093 0.3346905537459283 0.20507619047619047 0.043306188925081396
0 0.6849238095238095 0.3302117263843648 0.12349523809523816 0.03869706840390878
0 0.9480190476190475 0.3345602605863192 0.029047619047619048 0.05171009771986971
0 0.9463523809523811 0.4797557003257329 0.059047619047619154 0.03811074918566772
0 0.9656380952380952 0.6329641693811074 0.016666666666666666 0.04918566775244307
0 0.03294285714285715 0.6396254071661238 0.011590476190476193 0.03859934853420203
3 0.8072190476190476 0.6372964169381108 0.2874571428571428 0.17078175895765474
3 0.5051619047619047 0.6405537459283388 0.2988857142857142 0.17511400651465794
3 0.20127619047619047 0.6386644951140065 0.3022190476190476 0.17348534201954394
3 0.4989714285714285 0.8765472312703584 0.530952380952381 0.2106026058631921