0 0.9288028953229399 0.03434687156970362 0.01879175946547884 0.03727771679473106
0 0.936108017817372 0.2701866081229418 0.04315144766146993 0.03474204171240393
0 0.5339643652561247 0.033523600439077934 0.026726057906458798 0.033435784851811194
0 0.485456570155902 0.03489571899012075 0.05915924276169265 0.03618002195389681
0 0.4283129175946548 0.03476399560922064 0.029788418708240536 0.03371020856201976
0 0.37437639198218264 0.0372338090010977 0.048580178173719374 0.04523600439077937
0 0.3221770601336303 0.031745334796926455 0.030484409799554565 0.034259055982436885
0 0.27178730512249444 0.031470911086717894 0.046631403118040086 0.04029637760702526
0 0.22090757238307349 0.030779363336992317 0.02700445434298441 0.02794731064763995
0 0.1762249443207127 0.033523600439077934 0.04064587973273942 0.033435784851811194
0 0.13028953229398663 0.02995609220636663 0.026726057906458798 0.03508232711306256
1 0.1437249443207127 0.13669593852908893 0.13571826280623608 0.05755214050493963
0 0.9384075723830736 0.8157958287596049 0.040785077951002224 0.032667398463227214
0 0.9510022271714922 0.03517014270032931 0.014476614699331848 0.03014270032930845