0 0.6222631578947369 0.39122137404580154 0.35855263157894735 0.05725190839694656
0 0.6200701754385964 0.45461286804798257 0.35635964912280704 0.04225736095965103
0 0.9111842105263158 0.1915267175572519 0.02850877192982456 0.02862595419847328
0 0.8793859649122807 0.14585605234460197 0.06578947368421052 0.021810250817884406
0 0.8810350877192984 0.0722464558342421 0.0844298245614036 0.03271537622682661
0 0.8174385964912281 0.02044711014176663 0.04276315789473684 0.04089422028353326
0 0.8591052631578947 0.013631406761177753 0.04276315789473684 0.027262813522355506
0 0.9139298245614036 0.014994547437295528 0.06469298245614036 0.029989094874591057
0 0.26371052631578945 0.06815703380588876 0.09320175438596491 0.024536532170119956
0 0.39473684210526316 0.06748091603053434 0.08771929824561403 0.04770992366412213
0 0.5307017543859649 0.0776990185387132 0.10964912280701754 0.05725190839694656
0 0.6661228070175439 0.06543075245365322 0.11951754385964912 0.03271537622682661
0 0.047701754385964905 0.08178844056706652 0.04934210526315789 0.019083969465648856
0 0.125 0.014318429661941115 0.06140350877192982 0.01772082878953108
0 0.2045 0.008178844056706653 0.0756578947368421 0.016357688113413305
2 0.4692982456140351 0.017044711014176667 0.35964912280701755 0.03407851690294438