0 0.08112094395280237 0.025731310942578547 0.0319567354965585 0.03791982665222102
0 0.033185840707964605 0.025059588299024913 0.03933136676499508 0.03656554712892741
0 0.1352015732546706 0.026413867822318523 0.058997050147492625 0.031148429035752975
0 0.2003441494591937 0.027085590465872156 0.04424778761061947 0.029794149512459372
0 0.24705014749262535 0.025059588299024913 0.04424778761061947 0.025731310942578543
0 0.2968338249754179 0.028439869989165763 0.035644051130776795 0.02437703141928494
0 0.35644051130776794 0.0223510292524377 0.051622418879056046 0.023022751895991334
0 0.8050639134709932 0.02437703141928494 0.024582104228121928 0.02437703141928494
0 0.8499311701081612 0.025059588299024913 0.02335299901671583 0.025731310942578543
0 0.893559488692232 0.025731310942578547 0.029498525073746312 0.027085590465872156
0 0.9476401179941003 0.02776814734561213 0.0344149459193707 0.023022751895991327
0 0.6090265486725663 0.1042795232936078 0.08235004916420846 0.02437703141928494
0 0.5979646017699115 0.6500541711809318 0.07989183874139626 0.027085590465872156