0 0.9113178294573643 0.021253561253561253 0.029224806201550248 0.042507122507122505
0 0.91900947459087 0.07712250712250712 0.08152454780361765 0.047777777777777766
0 0.7892678725236865 0.08004273504273504 0.1281223083548665 0.05972934472934474
0 0.6276916451335056 0.08131054131054131 0.1448923341946598 0.06227920227920228
0 0.5136434108527133 0.07712250712250712 0.03830318690783809 0.047777777777777766
0 0.44673557278208437 0.07914529914529915 0.049069767441860486 0.04370370370370372
0 0.3862187769164513 0.08233618233618233 0.04337639965546943 0.039886039886039885
0 0.3101550387596899 0.0783903133903134 0.07121447028423768 0.050313390313390306
0 0.5193367786391042 0.017962962962962962 0.046606373815676054 0.035925925925925924
0 0.5938587424633937 0.013390313390313394 0.08951765719207586 0.026766381766381766
0 0.7255900086132644 0.016965811965811966 0.1299655469422912 0.027749287749287744
0 0.850947459086994 0.015698005698005696 0.06383290267011199 0.03028490028490028
0 0.7080620155038759 0.9521652421652421 0.5255641688199826 0.05998575498575484
0 0.3741429801894918 0.9000284900284901 0.051524547803617614 0.08797720797720797