1 0.1796537842190016 0.030584725536992836 0.1318438003220612 0.03729116945107398
1 0.33766505636070854 0.03655131264916467 0.14392109500805153 0.031324582338902146
1 0.3618196457326892 0.7502983293556086 0.24053945249597425 0.038782816229116945
1 0.7659017713365539 0.7406085918854415 0.4247181964573269 0.05220763723150358
0 0.9762479871175523 0.26551312649164677 0.02214170692431562 0.029832935560859187
0 0.9450483091787439 0.33189737470167063 0.08051529790660225 0.0402744630071599
0 0.9460547504025765 0.40572792362768495 0.0785024154589372 0.02386634844868735
0 0.571658615136876 0.9166229116945107 0.04428341384863124 0.061157517899761336
0 0.6526811594202898 0.9166229116945107 0.11171497584541062 0.05220763723150358
0 0.7789855072463768 0.9143794749403341 0.12681159420289856 0.056682577565632455
0 0.9203945249597424 0.9143794749403341 0.14190821256038647 0.05071599045346062
0 0.05183574879227053 0.15662291169451073 0.06944444444444445 0.09844868735083533
0 0.05233494363929147 0.2588066825775656 0.06642512077294686 0.09994033412887827
0 0.05233494363929147 0.368436754176611 0.06642512077294686 0.0954653937947494
0 0.04931561996779388 0.47509546539379477 0.0644122383252818 0.09099045346062053
0 0.04830917874396135 0.5906921241050119 0.07045088566827697 0.09248210023866349
0 0.04982286634460547 0.09025059665871121 0.017109500805152972 0.013424821002386634
0 0.04780998389694042 0.6458830548926014 0.015096618357487917 0.014916467780429593