1 0.8945246179966044 0.11372315035799523 0.17825127334465196 0.05106205250596658
1 0.9423684210526315 0.030059665871121723 0.07870118845500852 0.04484486873508353
0 0.8647792869269949 0.031551312649164685 0.04872665534804761 0.04186157517899761
0 0.8087436332767403 0.02782816229116945 0.04701188455008498 0.049319809069212406
0 0.7563242784380306 0.03149164677804296 0.041918505942275135 0.04471360381861575
0 0.7105602716468591 0.03352028639618138 0.03315789473684206 0.0487708830548926
2 0.5602716468590832 0.029856801909307874 0.25465195246179967 0.053389021479713604
0 0.29277589134125637 0.03494033412887828 0.09530560271646858 0.04863961813842481
0 0.21075551782682517 0.035692124105011935 0.03949066213921902 0.04714797136038186
0 0.14497453310696096 0.035083532219570404 0.06497453310696097 0.04294749403341288
0 0.9383191850594227 0.2874701670644391 0.036646859083191916 0.06145584725536989
0 0.9746859083191851 0.2846300715990453 0.037215619694397406 0.06173031026252982
0 0.940195246179966 0.4766825775656324 0.08496604414261473 0.049069212410501196
0 0.5942869269949067 0.11162291169451075 0.05740237691001708 0.04984486873508354
0 0.5338115449915111 0.11304295942720764 0.051052631578947454 0.04970167064439141
0 0.4645076400679118 0.11087112171837708 0.07586587436332763 0.051336515513126506
0 0.39434634974533106 0.11127684964200478 0.052258064516129084 0.034248210023866334
0 0.33984719864176566 0.11337708830548926 0.04938030560271643 0.0354653937947494
0 0.2814516129032258 0.1104653937947494 0.06203735144312397 0.03859188544152745
0 0.21904923599320886 0.11134844868735083 0.05183361629881157 0.0612291169451074
0 0.15958404074702887 0.11365155131264916 0.04539049235993211 0.053902147971360365
0 0.10074702886247879 0.11005966587112172 0.05505942275042446 0.055668257756563255
0 0.038353140916808144 0.11304295942720764 0.044855687606112055 0.04970167064439141
1 0.8044227504244481 0.8794391408114559 0.35459252971137517 0.04610978520286408
0 0.6568760611205433 0.9593675417661098 0.059507640067911635 0.029952267303102516
0 0.9578522920203735 0.9721957040572793 0.04387945670628188 0.05560859188544142
0 0.4465619694397283 0.8645942720763723 0.171553480475382 0.043269689737470154
0 0.7445840407470289 0.6709785202863962 0.23703735144312396 0.03193317422434366
0 0.6949235993208829 0.698162291169451 0.1377079796264856 0.023651551312649087
0 0.7127164685908319 0.7307040572792364 0.1754159592529712 0.029069212410501075