0 0.06578947368421052 0.09093533487297921 0.08771929824561403 0.04330254041570439
0 0.14437621832358674 0.09310623556581986 0.059697855750487326 0.03608545034642032
0 0.21807992202729046 0.09093533487297921 0.05360623781676413 0.03175519630484989
0 0.282046783625731 0.09454965357967667 0.05238791423001949 0.033198614318706694
0 0.3478362573099415 0.09237875288683603 0.06457115009746589 0.037528868360277134
0 0.45748538011695905 0.08877598152424941 0.13036062378167643 0.041859122401847575
0 0.5915009746588694 0.09382217090069284 0.08162768031189084 0.03175519630484989
0 0.6883528265107213 0.09526558891454966 0.08528265107212475 0.037528868360277134
0 0.5726120857699805 0.028868360277136258 0.08284600389863547 0.03464203233256351
0 0.6475438596491228 0.03248267898383371 0.04751461988304093 0.024538106235565817
0 0.7005360623781677 0.03175519630484989 0.046296296296296294 0.02020785219399538
0 0.8284600389863548 0.028868360277136258 0.07309941520467836 0.03175519630484989
0 0.9107017543859649 0.03248267898383371 0.06700779727095517 0.033198614318706694
0 0.1857992202729045 0.033198614318706694 0.06457115009746589 0.03175519630484989
0 0.23269980506822613 0.028868360277136258 0.026803118908382065 0.017321016166281754
0 0.2930116959064327 0.028868360277136258 0.0865009746588694 0.03175519630484989
0 0.8729337231968811 0.14145496535796767 0.08893762183235868 0.03464203233256351
0 0.9289766081871345 0.2302309468822171 0.028021442495126704 0.03031177829099307
0 0.9594346978557505 0.22878752886836026 0.025584795321637425 0.03031177829099307
0 0.41118908382066277 0.7837759815242494 0.13036062378167643 0.046189376443418015
0 0.5744444444444444 0.7830600461893764 0.1449805068226121 0.04763279445727483
0 0.7017543859649122 0.5889145496535797 0.05604288499025341 0.028868360277136258
0 0.7614522417153996 0.5903579676674365 0.05116959064327485 0.025981524249422634
0 0.8199317738791423 0.5889145496535797 0.05116959064327485 0.025981524249422634
0 0.8845029239766082 0.5881986143187067 0.05360623781676413 0.015877598152424944
0 0.06031189083820662 0.8761547344110855 0.09137426900584796 0.04330254041570439
0 0.15168615984405456 0.8833718244803695 0.09381091617933723 0.04041570438799076
0 0.05178362573099415 0.6964549653579677 0.032894736842105254 0.018764434180138567
0 0.08224171539961013 0.6921247113163972 0.01827485380116959 0.018764434180138567
0 0.10051656920077973 0.68635103926097 0.023148148148148147 0.021651270207852194