0 0.15926236378876782 0.10952102803738317 0.054484492875104776 0.037967289719626166
0 0.23994132439228835 0.10952102803738317 0.04819782062028499 0.03212616822429906
0 0.30647946353730093 0.11171728971962616 0.05762782900251467 0.03358644859813084
0 0.38401508801341155 0.11317757009345794 0.08067896060352053 0.039427570093457945
0 0.47150041911148366 0.11536214953271028 0.052388935456831515 0.029205607476635514
0 0.5317518860016764 0.11390186915887851 0.0660100586756077 0.029205607476635514
0 0.6229086336965632 0.11317757009345794 0.06810561609388097 0.03066588785046729
0 0.7910729253981559 0.044544392523364486 0.04400670578373848 0.027745327102803738
0 0.8450377200335291 0.0423481308411215 0.030385582564962377 0.029205607476635514
0 0.13988264878457668 0.16501168224299065 0.03248113998323554 0.029205607476635514
0 0.19646269907795474 0.16574766355140186 0.055532271584241406 0.027745327102803738
0 0.266663872590109 0.1679322429906542 0.04715004191114837 0.03212616822429906
0 0.32062028499580886 0.158446261682243 0.050293378038558254 0.03066588785046729
0 0.3850628667225482 0.17158878504672898 0.04924559932942162 0.03650700934579439
0 0.4531684828164292 0.16720794392523364 0.06181894383906119 0.03358644859813084
0 0.5448449287510477 0.17085280373831777 0.07544006705783739 0.029205607476635514
0 0.2195138306789606 0.34024532710280375 0.07858340318524727 0.02336448598130841
0 0.3038558256496228 0.33952102803738315 0.06286672254819782 0.03358644859813084
0 0.38715842414082147 0.3446261682242991 0.0932523051131601 0.029205607476635514
0 0.4557837384744342 0.34098130841121493 0.039815590947191955 0.021904205607476634
0 0.5107963118189438 0.3424415887850467 0.055532271584241406 0.024824766355140186
0 0.5830930427493713 0.35266355140186917 0.05972338642078793 0.021904205607476634
0 0.8859010896898576 0.34682242990654205 0.03248113998323554 0.024824766355140186
0 0.929907795473596 0.3490070093457944 0.02829002514668902 0.035046728971962614
0 0.6758172673931265 0.8104556074766355 0.039815590947191955 0.04380841121495327
0 0.7329253981559095 0.8119158878504673 0.040863369656328585 0.04964953271028037
0 0.8345599329421627 0.8119158878504673 0.1414501257334452 0.055490654205607476
0 0.4861693210393965 0.9389602803738317 0.0586756077116513 0.04088785046728972
2 0.3903017602682313 0.04380841121495327 0.365674769488684 0.06425233644859812
2 0.8570829840737636 0.17085280373831777 0.16345347862531434 0.02336448598130841
3 0.8623218776194468 0.11025700934579438 0.14459346186085498 0.03358644859813084