2 0.5264496439471007 0.44497282608695654 0.22278738555442523 0.04483695652173913
2 0.5274669379450662 0.5054347826086957 0.2288911495422177 0.04891304347826087
0 0.44506612410986773 0.6073369565217391 0.09664292980671414 0.04619565217391304
0 0.5406917599186165 0.6066576086956522 0.0681586978636826 0.042119565217391304
0 0.06307222787385554 0.8444293478260869 0.10376398779247202 0.033967391304347824
0 0.1525940996948118 0.8471467391304348 0.0508646998982706 0.028532608695652172
0 0.23194303153611392 0.8491847826086957 0.07324516785350967 0.024456521739130436
0 0.32502543234994913 0.8485054347826086 0.07222787385554426 0.017663043478260868
0 0.387589013224822 0.8491847826086957 0.042726347914547304 0.01358695652173913
0 0.465412004069176 0.8478260869565217 0.07833163784333673 0.019021739130434784
0 0.5534079348931842 0.8444293478260869 0.059003051881993895 0.014945652173913044
0 0.6230925737538149 0.8478260869565217 0.04781281790437437 0.021739130434782608
0 0.671414038657172 0.8485054347826086 0.03255340793489318 0.012228260869565218
0 0.7202441505595117 0.8471467391304348 0.054933875890132246 0.025815217391304348