0 0.9656416097190584 0.012467248908296945 0.036826119969627945 0.022074235807860262
0 0.9118299164768414 0.015611353711790394 0.04878511769172361 0.023984716157205238
0 0.8645634016704633 0.01574235807860262 0.03397873955960516 0.01552401746724891
0 0.8096051632498101 0.014519650655021836 0.02847380410022779 0.026168122270742358
0 0.9123006833712984 0.05490174672489083 0.07061503416856492 0.02179039301310043
0 0.8510858010630221 0.05326419213973799 0.02600607441154138 0.014148471615720517
0 0.8048595292331056 0.05695414847161572 0.04555808656036447 0.02588427947598254
0 0.7443052391799544 0.05462882096069869 0.04973424449506454 0.027794759825327503
0 0.6990356871678056 0.05586244541484716 0.037015945330296125 0.01715065502183407
0 0.6607820804859529 0.05695414847161572 0.03454821564160972 0.014967248908296952
0 0.6142748671222475 0.049170305676855895 0.03644646924829157 0.027794759825327503
1 0.9716249050873198 0.05313318777292576 0.04309035687167806 0.022609170305676864
0 0.9609946848899014 0.10798034934497816 0.037015945330296125 0.060251091703056765
0 0.9028094153378892 0.10798034934497816 0.03644646924829157 0.060251091703056765
0 0.8415945330296128 0.10920305676855896 0.0373955960516325 0.060524017467248906
3 0.891898253606682 0.5778384279475982 0.18735763097949887 0.8121943231441048
3 0.40129081245254367 0.3214956331877729 0.7539863325740319 0.3016921397379913
2 0.5048443432042521 0.10947598253275109 0.3737661351556568 0.05451965065502183
0 0.08845861807137434 0.6058624454148472 0.1313591495823842 0.03854803493449776
0 0.08826879271070615 0.6487008733624454 0.13097949886104784 0.045633187772925715
0 0.08580106302201974 0.6889519650655023 0.13211845102505695 0.027882096069868956
0 0.08769931662870159 0.7289301310043669 0.12832194381169323 0.027052401746724863
0 0.0890280941533789 0.7701419213973799 0.12186788154897495 0.026495633187772906
0 0.08807896735003796 0.8097052401746726 0.1275626423690205 0.029213973799126627
0 0.08476082004555809 0.8522816593886463 0.12851176917236143 0.02046943231441048
0 0.08390280941533788 0.892390829694323 0.12832194381169323 0.03301310043668123
0 0.08627942293090357 0.9341484716157205 0.12547456340167046 0.03136462882096072
0 0.08428246013667426 0.9728930131004366 0.11996962794229309 0.019344978165938893
0 0.527714502657555 0.5574235807860263 0.08352315869400152 0.029006550218340605
0 0.42312072892938496 0.5627401746724892 0.08314350797266515 0.03746724890829693
0 0.32270311313591493 0.5593340611353712 0.08352315869400152 0.030644104803493444
1 0.408413059984814 0.5119868995633188 0.04422930903568717 0.018930131004366847
1 0.29176157934700075 0.7158296943231441 0.0463173880030372 0.02052401746724886
1 0.29271070615034167 0.6721724890829694 0.0463173880030372 0.02052401746724886
1 0.38667425968109337 0.6688973799126638 0.04821564160971906 0.02707423580786021
1 0.2936598329536826 0.7622270742358079 0.0463173880030372 0.02052401746724886
1 0.38572513287775245 0.7125545851528384 0.04821564160971906 0.02707423580786021
1 0.3800303720577069 0.7630458515283843 0.04821564160971906 0.02707423580786021
1 0.47873955960516323 0.7574344978165938 0.0425208807896735 0.02460698689956328
1 0.47968868640850415 0.6720414847161572 0.06719817767653759 0.0180676855895196
1 0.6703720577069097 0.7166484716157205 0.05941533788914199 0.024344978165938815
1 0.5670083523158694 0.671495633187773 0.0425208807896735 0.02460698689956328
1 0.47873955960516323 0.7156986899563319 0.06719817767653759 0.0180676855895196
1 0.5670083523158694 0.7151528384279476 0.0425208807896735 0.02460698689956328
1 0.6665755504935459 0.6729912663755458 0.05941533788914199 0.024344978165938815
1 0.6694229309035687 0.7630458515283843 0.05941533788914199 0.024344978165938815
1 0.585041761579347 0.760731441048035 0.06719817767653759 0.0180676855895196
1 0.288914198936978 0.8468013100436681 0.0463173880030372 0.02052401746724886
1 0.2898633257403189 0.8031441048034934 0.0463173880030372 0.02052401746724886
1 0.37718299164768415 0.8940174672489083 0.04821564160971906 0.02707423580786021
1 0.29081245254365984 0.8931986899563318 0.0463173880030372 0.02052401746724886
1 0.6665755504935459 0.8940174672489083 0.05941533788914199 0.024344978165938815
1 0.3828777524677297 0.8435262008733624 0.04821564160971906 0.02707423580786021
1 0.5821943811693242 0.8917030567685589 0.06719817767653759 0.0180676855895196
1 0.47209567198177677 0.8925 0.0425208807896735 0.02460698689956328
1 0.3838268792710706 0.7998689956331877 0.04821564160971906 0.02707423580786021
1 0.4758921791951405 0.8466703056768559 0.06719817767653759 0.0180676855895196
1 0.4768413059984814 0.8030131004366812 0.06719817767653759 0.0180676855895196
1 0.5660592255125285 0.8461244541484716 0.0425208807896735 0.02460698689956328
1 0.5641609719058466 0.8024672489082969 0.0425208807896735 0.02460698689956328
1 0.6637281700835231 0.8039628820960698 0.05941533788914199 0.024344978165938815
1 0.6675246772968869 0.9404039301310043 0.05941533788914199 0.024344978165938815
1 0.5831435079726651 0.938089519650655 0.06719817767653759 0.0180676855895196
1 0.4849126803340926 0.9388864628820961 0.06624905087319666 0.02460698689956328
1 0.38667425968109337 0.9404039301310043 0.04821564160971906 0.02707423580786021
1 0.3041002277904328 0.9395851528384279 0.0709946848899013 0.02052401746724886
1 0.665626423690205 0.9878275109170306 0.05941533788914199 0.024344978165938815
1 0.5808656036446469 0.9907205240174672 0.06681852695520121 0.018558951965065504
1 0.48253606681852695 0.9876965065502183 0.06529992406985573 0.02460698689956328
1 0.29888382687927106 0.9897379912663755 0.06435079726651481 0.02052401746724886
1 0.38667425968109337 0.9864628820960699 0.06909643128321943 0.02707423580786021
0 0.754654517843584 0.6725873362445415 0.04081245254365983 0.023537117903930073
0 0.7595899772209567 0.718438864628821 0.030941533788914198 0.01915938864628816
0 0.758162490508732 0.760731441048035 0.02809415337889142 0.027336244541484676
0 0.7567425968109339 0.8071288209606987 0.03283978739559605 0.021866812227074206
0 0.7589217919514047 0.9858078602620087 0.03416856492027335 0.028384279475982533