0 0.02941018766756032 0.027322580645161288 0.04093833780160858 0.045064516129032256
0 0.2167024128686327 0.028860215053763436 0.06315460232350312 0.04198924731182795
0 0.26787310098302053 0.026698924731182794 0.03273458445040214 0.04073118279569892
0 0.30315460232350316 0.02746236559139785 0.0317962466487936 0.03919354838709678
0 0.33837354781054513 0.02746236559139785 0.03329758713136728 0.03919354838709678
0 0.3759696157283288 0.02586021505376344 0.036997319034852524 0.045204301075268814
0 0.4167560321715818 0.027182795698924733 0.034316353887399446 0.050924731182795696
0 0.45504915102770327 0.029419354838709676 0.03429848078641644 0.04924731182795699
0 0.4898033958891868 0.029419354838709676 0.029767649687220683 0.04924731182795699
0 0.525656836461126 0.03005376344086021 0.02998212689901694 0.05358064516129032
0 0.560875781948168 0.02872043010752688 0.031483467381590725 0.0478494623655914
0 0.5980071492403932 0.027397849462365592 0.029151027703306426 0.04212903225806452
0 0.6338069705093834 0.026623655913978493 0.031805183199285006 0.043666666666666666
0 0.6748882931188561 0.025795698924731183 0.04246648793565682 0.048129032258064516
0 0.7269258266309204 0.025935483870967748 0.05208221626452187 0.042268817204301076
0 0.7916800714924039 0.023698924731182795 0.06412868632707774 0.043946236559139776
0 0.937077747989276 0.029494623655913977 0.03321715817694376 0.04632258064516129
0 0.9753708668453978 0.028655913978494624 0.03319928507596076 0.050784946236559145
3 0.5012779267202858 0.10502150537634408 0.9974352100089366 0.09907526881720431
0 0.06143878462913315 0.41144086021505377 0.09987488829311884 0.0390967741935484
0 0.05285075960679178 0.7090537634408601 0.07759606791778374 0.041387096774193555
0 0.8641912421805183 0.3777849462365591 0.2346827524575515 0.07009677419354832
0 0.8659338695263629 0.4554193548387097 0.2381680071492405 0.06561290322580643
0 0.8654066130473638 0.5264193548387097 0.23456657730116187 0.06321505376344089
0 0.8635478105451295 0.5979784946236559 0.23596067917783733 0.06808602150537628
0 0.8628507596067918 0.6698172043010752 0.23967828418230558 0.06122580645161296
0 0.8633780160857909 0.7408924731182795 0.24327077747989279 0.05590322580645162
0 0.8634941912421805 0.8875698924731183 0.23840035746201965 0.0696881720430107
0 0.8622788203753351 0.9632258064516128 0.23851653261840916 0.07354838709677429