0 0.9352232142857143 0.056801853997682505 0.028917410714285805 0.04129779837775203
0 0.248203125 0.061402085747392816 0.027142857142857135 0.05052143684820395
0 0.30793526785714287 0.05837775202780997 0.05783482142857145 0.09079953650057937
0 0.37274553571428576 0.05534183082271147 0.06823660714285713 0.0994901506373117
0 0.437421875 0.05732329084588644 0.060625000000000054 0.10344148319814599
0 0.500078125 0.05823870220162226 0.0591071428571429 0.09896871378910777
0 0.5667857142857142 0.05548088064889918 0.065703125 0.09133256083429894
0 0.6319754464285714 0.05692931633835458 0.04896205357142845 0.09633835457705678
0 0.6955133928571428 0.05679026651216685 0.06189732142857147 0.08342989571263036
0 0.7595647321428572 0.059026651216685974 0.05554687499999998 0.0815874855156431
0 0.8239955357142856 0.05363847045191193 0.06265625000000011 0.0897566628041715
0 0.8874107142857143 0.05837775202780997 0.05757812499999991 0.09079953650057937
0 0.921015625 0.41016222479721903 0.04109374999999993 0.04015063731170333
0 0.47293526785714285 0.4129316338354577 0.040334821428571414 0.047786790266512176
0 0.47484374999999995 0.8685979142526072 0.036529017857142874 0.044762456546929445
0 0.9219084821428571 0.8229084588644263 0.04540178571428578 0.03345307068366152