0 0.28274122807017543 0.3925133120340788 0.2897916666666666 0.04564430244941429
0 0.28195175438596487 0.4541320553780618 0.3007565789473684 0.05324813631522897
0 0.28195175438596487 0.49977635782747604 0.13157894736842105 0.019776357827476092
0 0.8897258771929824 0.030425985090521832 0.07518640350877186 0.01825346112886049
0 0.3673245614035088 0.8519701810436635 0.11747807017543858 0.027380191693290774
0 0.4816776315789474 0.8519701810436635 0.05796052631578949 0.021299254526091587
0 0.5701754385964912 0.8527263045793397 0.07518640350877186 0.01977635782747597
0 0.6500657894736842 0.8519701810436635 0.03446271929824568 0.018253461128860598
0 0.3657565789473684 0.9538977635782748 0.08615131578947374 0.01217252396166141
0 0.44799342105263157 0.9531416400425985 0.034462719298245556 0.013695420660276784
0 0.523969298245614 0.951618743343983 0.09242324561403505 0.013695420660276784
0 0.6312609649122808 0.9531416400425985 0.0814583333333333 0.010649627263045794