0 0.0456140350877193 0.2924057649667406 0.0456140350877193 0.0803769401330377
0 0.04605614035087719 0.3845676274944568 0.04649122807017544 0.06236141906873614
0 0.04736842105263158 0.482960088691796 0.043859649122807015 0.07621951219512195
0 0.042547368421052625 0.5806541019955654 0.05526315789473684 0.0803769401330377
0 0.04605614035087719 0.677660753880266 0.04649122807017544 0.0803769401330377
0 0.05219649122807017 0.7788248337028825 0.06403508771929825 0.07483370288248337
0 0.3767578947368421 0.9492793791574279 0.05526315789473684 0.03048780487804878
0 0.1636 0.06860310421286031 0.0412280701754386 0.034645232815964516
0 0.21052631578947367 0.07621951219512195 0.02982456140350877 0.022172949002217297
0 0.2636 0.07760532150776053 0.06754385964912281 0.019401330376940133
0 0.32719298245614037 0.07483370288248337 0.05087719298245614 0.01662971175166297
0 0.3815789473684211 0.0803769401330377 0.043859649122807015 0.022172949002217297
0 0.4399157894736842 0.07414634146341463 0.062280701754385964 0.0291019955654102
0 0.5048280701754386 0.07344789356984478 0.039473684210526314 0.03048780487804878
0 0.5719298245614035 0.07760532150776053 0.07719298245614035 0.019401330376940133
0 0.65 0.07344789356984478 0.06140350877192982 0.024944567627494457
0 0.7530736842105263 0.015942350332594238 0.034210526315789476 0.03187361419068736
0 0.8048280701754387 0.01662971175166297 0.05175438596491228 0.02771618625277162
0 0.862280701754386 0.017328159645232818 0.056140350877192984 0.0291019955654102
0 0.9179859649122808 0.019401330376940133 0.03245614035087719 0.03048780487804878
0 0.9701754385964912 0.019401330376940133 0.04736842105263158 0.02771618625277162
0 0.9605263157894737 0.07483370288248337 0.02456140350877193 0.038802660753880266
0 0.9903508771929824 0.08314855875831485 0.01929824561403509 0.038802660753880266
0 0.9258807017543861 0.291019955654102 0.016666666666666666 0.041574279379157426
0 0.9600912280701756 0.29517738359201773 0.027192982456140352 0.02771618625277162
0 0.8302666666666667 0.6180709534368071 0.26228070175438595 0.08314855875831485
0 0.8315789473684211 0.720620842572062 0.2596491228070175 0.0803769401330377
0 0.7083368421052632 0.8543569844789357 0.014912280701754385 0.023558758314855877
0 0.7315789473684211 0.8543569844789357 0.021052631578947368 0.01524390243902439
0 0.7609684210526316 0.8515853658536585 0.02017543859649123 0.01524390243902439
0 0.9333333333333333 0.46978935698447893 0.07017543859649122 0.03048780487804878
0 0.9491228070175438 0.436529933481153 0.05964912280701754 0.022172949002217297
0 0.9258807017543861 0.9146341463414634 0.09210526315789473 0.05543237250554324
2 0.882021052631579 0.07067627494456763 0.11842105263157894 0.041574279379157426