1 0.16035366931918657 0.37602218700475437 0.16156498673740055 0.060507131537242485
1 0.1583465959328028 0.4358161648177496 0.16236958443854993 0.044659270998415136
1 0.15915119363395225 0.4941679873217116 0.16557913351016798 0.04898573692551501
0 0.14588859416445624 0.15055467511885895 0.1261980548187445 0.044659270998415226
0 0.3359858532272325 0.14334389857369256 0.07877099911582673 0.04754358161648178
0 0.5252785145888594 0.14839936608557844 0.1229796640141467 0.06339144215530904
0 0.7173828470380195 0.1498415213946117 0.11976127320954912 0.060507131537242485
0 0.8994429708222812 0.1548811410459588 0.15111405835543765 0.07923930269413629
0 0.7905305039787799 0.05187004754358161 0.045817860300618865 0.03746434231378764
0 0.9131122900088418 0.050427892234548334 0.12217506631299731 0.03746434231378764
0 0.5783289124668435 0.05187004754358161 0.0731476569407604 0.03746434231378764
0 0.5144297082228118 0.05114104595879557 0.038585322723253844 0.03602218700475437
0 0.4605747126436781 0.050427892234548334 0.04179487179487178 0.04033280507131538
0 0.3866224580017683 0.04969889064976228 0.08841732979664015 0.03890649762282092
0 0.28574712643678163 0.0533122028526149 0.10529619805481877 0.03746434231378764
0 0.1993368700265252 0.05402535657686213 0.04340406719717067 0.03313787638668779
0 0.5180459770114942 0.8550713153724246 0.0731476569407604 0.04465927099841532
0 0.5944031830238726 0.8543423137876387 0.0747568523430592 0.0374643423137878
0 0.806604774535809 0.388985736925515 0.023306808134394254 0.028811410459587967
0 0.15915119363395225 0.5618858954041205 0.15593280282935457 0.06916006339144214