0 0.9141864890580399 0.8434070796460178 0.10313035204567088 0.032123893805309695
0 0.9131588962892484 0.9357079646017699 0.13508087535680297 0.05026548672566361
0 0.20295908658420553 0.9349115044247788 0.0739105613701237 0.04659292035398218
0 0.08614652711703141 0.9355752212389381 0.13082778306374881 0.04790560471976404
1 0.14425309229305425 0.03442477876106195 0.0771360608943863 0.03867256637168142
1 0.058106565176022834 0.03705014749262537 0.07815413891531875 0.0334070796460177
0 0.32715509039010465 0.10946902654867256 0.02667935299714554 0.04129793510324484
0 0.35731684110371076 0.10671091445427727 0.02073263558515696 0.03365781710914453
0 0.9269267364414844 0.34713864306784664 0.03686964795432921 0.053067846607669646
0 0.6984015223596575 0.3441150442477876 0.0317697431018079 0.040693215339233
0 0.46613701236917227 0.34569321533923303 0.02599429115128454 0.03753687315634217
0 0.23336822074215036 0.3418731563421829 0.029391056137012383 0.04253687315634214