0 0.5563575268817205 0.028027571580063627 0.02399865591397852 0.025758218451749738
0 0.591875 0.026511134676564158 0.02399865591397852 0.01969247083775185
0 0.6240389784946236 0.02726405090137858 0.023044354838709653 0.018176033934252385
0 0.6523588709677419 0.03029692470837752 0.022083333333333267 0.021208907741251327
0 0.6773252688172043 0.02726405090137858 0.018239247311828025 0.021208907741251327
3 0.3581048387096774 0.3423753976670202 0.38402553763440866 0.2817709437963945
3 0.6984475806451612 0.33707317073170734 0.16225134408602146 0.5135630965005302
3 0.9149395161290323 0.741558854718982 0.16321236559139793 0.24995758218451752
3 0.35762096774193547 0.6074867444326617 0.31586021505376344 0.057571580063626684
3 0.3581048387096774 0.959777306468717 0.5376344086021505 0.08044538706256617
3 0.35618279569892475 0.8915270413573702 0.382103494623656 0.031813361611876985
0 0.2808198924731183 0.6824708377518558 0.03552419354838711 0.031813361611876985
0 0.4377889784946236 0.6862566277836691 0.03840053763440867 0.03029692470837745