1 0.7768560179977503 0.30827702702702703 0.4077615298087739 0.0365990990990991
0 0.9568335208098988 0.02533783783783784 0.03655793025871766 0.039414414414414414
0 0.9895950506186727 0.02252252252252252 0.02080989876265467 0.04054054054054054
0 0.7775590551181102 0.6496396396396397 0.4077615298087739 0.057713963963963964
0 0.7564679415073116 0.7882882882882883 0.3641732283464567 0.039414414414414414
0 0.9508605174353206 0.7882882882882883 0.018982002249718785 0.039414414414414414
0 0.9715973003374578 0.7889977477477478 0.01687289088863892 0.03237612612612613
0 0.6573397075365579 0.8509346846846847 0.07452193475815523 0.02956081081081081
0 0.7051462317210349 0.849527027027027 0.01827896512935883 0.02956081081081081
0 0.6408211473565805 0.9346846846846847 0.0639763779527559 0.04504504504504504
0 0.6840551181102362 0.9410247747747748 0.01827896512935883 0.03519144144144144
0 0.7040944881889765 0.9389076576576577 0.017575928008998876 0.030968468468468468