0 0.47320328542094453 0.43022690437601296 0.6253593429158112 0.06777957860615887
0 0.4760164271047228 0.5149594813614263 0.6234907597535934 0.06925445705024313
0 0.47788501026694047 0.5989465153970827 0.6309445585215605 0.06925445705024313
0 0.32106776180698154 0.7470178282009725 0.07466119096509242 0.05304700162074557
0 0.41907597535934293 0.7484927066450567 0.08026694045174533 0.050097244732576936
0 0.5217453798767968 0.749222042139384 0.07652977412731009 0.0545218800648298
0 0.6290759753593429 0.7514424635332253 0.08213552361396304 0.05893030794165318
0 0.233347022587269 0.8339546191247973 0.07466119096509237 0.020632090761750436
0 0.40880903490759757 0.836158833063209 0.1717453798767967 0.027990275526742273
0 0.5833470225872689 0.8376337115072935 0.09519507186858318 0.013257698541329115
0 0.7308213552361397 0.8376337115072935 0.1101437371663244 0.025040518638573817