0 0.8824564994882292 0.017898465171192444 0.14073694984646878 0.03296340023612751
0 0.4717604912998976 0.019905548996458088 0.10794268167860796 0.03698937426210153
0 0.06746161719549641 0.018536009445100355 0.127482088024565 0.03706021251475797
0 0.9222415557830091 0.1293624557260921 0.02954964176049119 0.03266824085005905
0 0.9344524053224156 0.06390791027154664 0.02372569089048113 0.024096812278630465
0 0.8903684749232343 0.0663164108618654 0.054206755373592666 0.024639905548996463
0 0.8227942681678608 0.062160566706021256 0.0609518935516888 0.035643447461629285
0 0.7452098259979529 0.06524203069657615 0.08955987717502559 0.0375206611570248
0 0.6746059365404299 0.06283353010625738 0.029774820880245568 0.03697756788665879
2 0.5047901740020472 0.06524203069657615 0.3787103377686797 0.0375206611570248
0 0.28159672466734903 0.062432113341204264 0.05094165813715454 0.029740259740259747
0 0.22994882292732854 0.06229043683589138 0.03140225179119755 0.02731995277449823
0 0.1799385875127943 0.06175914994096812 0.05699078812691915 0.01766233766233767
0 0.10049129989764587 0.06363636363636363 0.0911873080859775 0.019268004722550185
0 0.920603889457523 0.6258323494687131 0.021637666325486284 0.02957497048406134
0 0.6879836233367451 0.425159386068477 0.3287001023541454 0.04466351829988199
0 0.03222108495394063 0.14532467532467533 0.045363357215967244 0.040979929161747336
0 0.03128966223132037 0.19469893742621014 0.03419651995905834 0.04955135773317588
0 0.03128966223132037 0.2463400236127509 0.05280450358239509 0.034781582054309305
0 0.03268167860798362 0.2923494687131051 0.05559877175025589 0.04737898465171192
0 0.03361310133060389 0.3452066115702479 0.04815762538382804 0.05434474616292795
0 0.039201637666325485 0.39484061393152303 0.05001023541453429 0.04628099173553724
0 0.03326509723643808 0.4471546635182999 0.045127942681678614 0.04357733175914991
0 0.03128966223132037 0.4914167650531287 0.04350051177072672 0.046245572609208925
0 0.03850562947799386 0.5406493506493507 0.043971340839303985 0.052408500590318756
0 0.039201637666325485 0.5904250295159386 0.04070624360286593 0.04675324675324678
1 0.5808597748208802 0.3838370720188902 0.0609518935516888 0.019988193624557202