0 0.3844454225352113 0.8823658872077029 0.05450704225352109 0.08171939477304001
0 0.7261531690140846 0.9652819807427785 0.5398503521126762 0.06132049518569454
0 0.932931338028169 0.029270976616231088 0.027429577464788604 0.04519944979367262
0 0.9416461267605634 0.09420907840440164 0.08718309859154927 0.039628610729023385
0 0.8086795774647887 0.08878954607977992 0.1310299295774647 0.03724896836313618
0 0.6465845070422535 0.09209078404401651 0.14372359154929576 0.043851444291609344
0 0.5274911971830986 0.09447042640990372 0.04604753521126756 0.033810178817056384
0 0.4547007042253521 0.09116918844566713 0.04943661971830988 0.03777166437414031
0 0.39350352112676057 0.09778541953232463 0.04723591549295772 0.029834938101788167
0 0.3202904929577465 0.09209078404401651 0.05146126760563383 0.03327372764786795
0 0.8702992957746478 0.028349381017881706 0.07144366197183105 0.028528198074277845
0 0.7485827464788732 0.0243878954607978 0.14287852112676053 0.031182943603851446
0 0.6229665492957747 0.02782668500687758 0.08125880281690136 0.029587345254470425
0 0.5369718309859155 0.025708390646492437 0.04469190140845069 0.03382393397524071