0 0.065978886756238 0.09291521486643438 0.08157389635316699 0.03774680603948897
0 0.15235124760076776 0.09800232288037165 0.040786948176583494 0.03339140534262486
0 0.2141362763915547 0.09364692218350755 0.05878119001919386 0.04500580720092915
0 0.2819097888675624 0.0900116144018583 0.04798464491362764 0.029036004645760744
0 0.3496928982725528 0.09074332171893147 0.053982725527831094 0.02468060394889663
0 0.45945297504798466 0.09655052264808361 0.14875239923224567 0.03629500580720093
0 0.5902111324376199 0.09219512195121951 0.08877159309021113 0.03629500580720093
0 0.6933781190019194 0.09146341463414634 0.06957773512476008 0.02032520325203252
0 0.5758157389635317 0.028315911730545873 0.07197696737044146 0.024680603948896627
0 0.6429942418426103 0.02976771196283391 0.03838771593090211 0.021777003484320552
0 0.7053742802303263 0.026864111498257837 0.05518234165067178 0.01596980255516841
0 0.939299424184261 0.08058072009291521 0.0671785028790787 0.05371660859465738
0 0.9519001919385797 0.03484320557491289 0.029990403071017274 0.02613240418118467
0 0.18534548944337811 0.01596980255516841 0.04438579654510556 0.029036004645760744
0 0.2417274472168906 0.029036004645760744 0.03478886756238004 0.02032520325203252
0 0.30230326295585414 0.028315911730545873 0.0647792706333973 0.030487804878048776
1 0.33709213051823417 0.1437282229965157 0.12476007677543186 0.03193960511033682
1 0.8217370441458733 0.02396051103368176 0.07677543186180422 0.03339140534262485
1 0.9063147792706334 0.027584204413472705 0.06837811900191938 0.02032520325203252
0 0.8667274472168905 0.1459117305458769 0.07557581573896353 0.04210220673635308
0 0.06418426103646832 0.8768873403019745 0.09716890595009597 0.04355400696864112
0 0.15415547024952014 0.8790708478513356 0.07797504798464491 0.04210220673635308
0 0.4960460652591171 0.7832520325203252 0.16194817658349328 0.05371660859465738
0 0.7869481765834933 0.5836236933797909 0.0671785028790787 0.02613240418118467