0 0.1408782742681048 0.2899681190223167 0.059429892141756535 0.033400637619553614
0 0.20966101694915254 0.29072263549415517 0.058328197226502315 0.028841657810839517
0 0.28010015408320493 0.29148777895855477 0.058328197226502336 0.02429330499468652
0 0.34833590138674886 0.29831030818278426 0.05172573189522341 0.02581296493092451
0 0.41382126348228043 0.29907545164718385 0.050624036979969214 0.021253985122210415
0 0.4556471494607087 0.2998299681190223 0.02421417565485367 0.022773645058448404
0 0.5073728813559323 0.2960361317747078 0.050624036979969214 0.033400637619553614
0 0.05117873651771957 0.12296493092454834 0.029714946070878268 0.021253985122210415
0 0.09409861325115562 0.12296493092454834 0.040724191063174105 0.018214665249734342
0 0.14637904468412943 0.12676939426142403 0.048428351309707254 0.01366631243358128
0 0.19700308166409863 0.12827842720510094 0.028613251155624048 0.0075876726886291036
0 0.25478428351309707 0.12600425079702443 0.0649383667180277 0.02429330499468652
0 0.8381047765793528 0.12145589798087142 0.053929121725731895 0.015185972369819332
0 0.8749691833590139 0.17990435706695004 0.03962249614791975 0.04098831030818278
3 0.9305546995377503 0.6920403825717323 0.1177657935285055 0.6159086078639747
3 0.4528967642526965 0.04934112646121148 0.5029738058551617 0.09868225292242296
3 0.7517026194144838 0.5040276301806589 0.21791987673343616 0.24290116896918176