0 0.8926683291770574 0.4776864864864865 0.10328345802161264 0.031459459459459486
0 0.9875311720698254 0.29865945945945943 0.01662510390689942 0.019340540540540525
0 0.821072319201995 0.2989297297297297 0.020365752285951787 0.02420540540540539
0 0.6522277639235246 0.2987891891891892 0.025561097256857856 0.021772972972972957
0 0.48275145469659186 0.3027135135135135 0.017040731504571905 0.016637837837837822
0 0.3192019950124688 0.30095135135135137 0.02660016625103907 0.017448648648648635
0 0.15139650872817956 0.3002810810810811 0.021404821280133 0.016097297297297284
0 0.9869077306733167 0.8399351351351352 0.019534497090606815 0.022972972972972974
0 0.8220116375727349 0.8410162162162163 0.020157938487115546 0.02081081081081081
0 0.6541978387364921 0.8406054054054053 0.023275145469659187 0.024324324324324326
0 0.4807813798836243 0.8411459459459459 0.019326683291770574 0.023243243243243242
0 0.31827098919368246 0.840335135135135 0.0184954280964256 0.01945945945945946
0 0.14952618453865335 0.8397945945945945 0.013507896924355778 0.02054054054054054
0 0.2220532003325021 0.4770162162162162 0.10453034081463008 0.03010810810810813