2 0.49599797365754816 0.05050228310502283 0.3251367781155015 0.031826484018264836
0 0.02348530901722391 0.13006088280060885 0.02487335359675785 0.030441400304414
0 0.051580547112462 0.1293759512937595 0.023951367781155017 0.0235159817351598
0 0.08335359675785207 0.12799086757990868 0.024873353596757863 0.026286149162861507
0 0.11190476190476191 0.1210806697108067 0.023029381965552168 0.0345966514459665
0 0.16671732522796354 0.1210806697108067 0.055268490374873365 0.0345966514459665
0 0.2141438703140831 0.12730593607305937 0.028551165146909835 0.019375951293759498
0 0.24960486322188452 0.12660578386605784 0.022107396149949363 0.02076103500761033
0 0.3048733535967579 0.12453576864535768 0.051580547112461975 0.022146118721461206
0 0.3532320162107396 0.12799086757990868 0.032239108409321225 0.015220700152207
0 0.4002026342451874 0.12799086757990868 0.0598682877406282 0.031826484018264836
0 0.453161094224924 0.12730593607305937 0.04421479229989867 0.02490106544901063
0 0.501063829787234 0.12730593607305937 0.04052684903748728 0.022146118721461206
0 0.5554002026342452 0.12383561643835617 0.04789260385005064 0.017990867579908667
0 0.6056028368794326 0.1286910197869102 0.03776089159067881 0.01383561643835617
0 0.6691489361702128 0.12315068493150684 0.03960486322188442 0.016605783866057832
0 0.8275785207700102 0.055342465753424656 0.06907801418439723 0.022146118721461182
0 0.8773150962512665 0.05395738203957382 0.032239108409321114 0.01937595129375952
0 0.9229078014184396 0.058812785388127856 0.03868287740628173 0.017990867579908667
0 0.9638905775075988 0.05395738203957382 0.043292806484295863 0.01383561643835617
0 0.841388044579534 0.015220700152207 0.026707193515704053 0.01660578386605784
0 0.8782370820668693 0.01315068493150685 0.028551165146909894 0.015220700152207
0 0.9155420466058763 0.01106544901065449 0.031317122593718424 0.019375951293759512
0 0.9602127659574469 0.013835616438356164 0.032239108409321114 0.01106544901065449
3 0.8888247213779128 0.11831050228310502 0.19158054711246192 0.053957382039573835
0 0.04374873353596758 0.27120243531202437 0.030395136778115502 0.07471841704718422
0 0.10592705167173253 0.2663622526636225 0.033161094224924005 0.0678082191780822
0 0.17453900709219858 0.2684322678843227 0.0488145896656535 0.0830289193302892
0 0.23440729483282677 0.2684322678843227 0.0488145896656535 0.07471841704718422
0 0.3062512664640324 0.273972602739726 0.061712259371833805 0.08025875190258755
0 0.3619756838905775 0.273972602739726 0.04237082066869306 0.0830289193302892
0 0.4319756838905775 0.2663622526636225 0.051580547112461975 0.0927092846270928
0 0.5001418439716312 0.27120243531202437 0.0534245187436677 0.08578386605783868
0 0.5678318135764945 0.26429223744292235 0.043292806484295863 0.08578386605783868
0 0.6323100303951368 0.26704718417047185 0.04881458966565356 0.07194824961948247
0 0.6935663627152988 0.2725875190258752 0.0534245187436677 0.07194824961948247
0 0.03177304964539007 0.33831050228310505 0.02302938196555218 0.017990867579908667
0 0.06216818642350557 0.33901065449010653 0.01381965552178319 0.005540334855403328
0 0.10177304964539008 0.34178082191780823 0.043292806484295836 0.011065449010654463
0 0.15474164133738602 0.3410806697108067 0.040526849037487336 0.02076103500761033
0 0.20309017223910839 0.3424657534246575 0.04144883485309014 0.0235159817351598
1 0.03683890577507599 0.4379452054794521 0.06263424518743667 0.042891933028919256
1 0.11099290780141845 0.4337899543378995 0.07092198581560286 0.04012176560121768
1 0.17914893617021277 0.429634703196347 0.05802431610942248 0.042891933028919256
1 0.26065856129685916 0.429634703196347 0.07736575481256333 0.031826484018264795