0 0.059276995305164316 0.5360086299892125 0.0903755868544601 0.03640776699029126
0 0.1607981220657277 0.5333117583603021 0.06572769953051644 0.0337108953613808
0 0.2423755868544601 0.5292664509169364 0.06924882629107981 0.025620280474649405
0 0.9166666666666666 0.5387055016181229 0.11502347417840375 0.03640776699029126
0 0.07336150234741784 0.6573678532901834 0.11384976525821597 0.13349514563106796
0 0.1960093896713615 0.656688241639698 0.11971830985915492 0.13214670981661272
0 0.3145539906103286 0.6580366774541532 0.11267605633802817 0.1348435814455232
0 0.4336901408450704 0.6573678532901834 0.11384976525821597 0.1307982740021575
0 0.5539906103286385 0.6587162891046386 0.11267605633802817 0.12540453074433658
0 0.6754741784037559 0.656688241639698 0.11384976525821597 0.12944983818770225
0 0.7946009389671361 0.6600647249190938 0.11971830985915492 0.1307982740021575
0 0.9154929577464789 0.6587162891046386 0.11267605633802817 0.12810140237324702
0 0.9347417840375587 0.9832793959007551 0.07981220657276995 0.03344120819848975
0 0.426056338028169 0.9836893203883496 0.0539906103286385 0.022923408845738943
1 0.57981220657277 0.5380258899676376 0.07511737089201878 0.021574973031283712
1 0.6825164319248826 0.5360086299892125 0.07629107981220658 0.022923408845738943
1 0.7746478873239436 0.5380258899676376 0.06103286384976526 0.024271844660194174