0 0.031665024630541876 0.020499468650371944 0.023931034482758615 0.01973432518597237
0 0.08304433497536946 0.026567481402763018 0.025330049261083752 0.025812964930924543
0 0.1330049261083744 0.02277364505844846 0.05770443349753694 0.021253985122210415
0 0.18719211822660098 0.025812964930924547 0.04503448275862067 0.01518597236981934
0 0.23927093596059115 0.02277364505844846 0.03378325123152708 0.0242933049946865
0 0.29204926108374385 0.02277364505844846 0.035182266009852255 0.018214665249734325
0 0.34341871921182265 0.020499468650371944 0.04503448275862072 0.013666312433581296
0 0.8085812807881774 0.02277364505844846 0.026738916256157735 0.0242933049946865
0 0.8543251231527094 0.0189798087141339 0.02252216748768463 0.025812964930924547
0 0.8937339901477832 0.021253985122210415 0.030965517241379373 0.027321997874601493
0 0.9458128078817734 0.022008501594048886 0.030965517241379373 0.02277364505844846
0 0.5939507389162562 0.9070882040382572 0.06473891625615767 0.02581296493092451
3 0.49542857142857144 0.17534537725823593 0.9458128078817734 0.18369819341126462