0 0.05318355640535372 0.08978841870824053 0.06333652007648184 0.040367483296213806
0 0.12189292543021032 0.08561247216035635 0.0621414913957935 0.03758351893095768
0 0.21032504780114722 0.08769487750556793 0.0979923518164436 0.036191536748329624
0 0.2981644359464627 0.08769487750556793 0.08245697896749522 0.036191536748329624
0 0.3919694072657744 0.08491091314031181 0.09560229445506692 0.036191536748329624
0 0.48219885277246655 0.08908685968819599 0.06333652007648184 0.03897550111358575
0 0.5664435946462715 0.08908685968819599 0.06453154875717017 0.036191536748329624
0 0.10815487571701721 0.3862806236080178 0.17088910133843213 0.040367483296213806
0 0.3071223709369025 0.38697104677060135 0.17208413001912046 0.03897550111358575
0 0.504302103250478 0.3862806236080178 0.17447418738049714 0.040367483296213806
0 0.7008891013384321 0.3876726057906459 0.17566921606118546 0.04315144766146993
0 0.9034416826003824 0.38697104677060135 0.17447418738049714 0.03897550111358575
0 0.17925430210325047 0.3250334075723831 0.021510516252390057 0.020879732739420936
0 0.3758413001912046 0.3285077951002227 0.022705544933078393 0.022271714922048998
0 0.5742160611854684 0.3278173719376392 0.032265774378585084 0.020879732739420936
0 0.7743785850860421 0.3285077951002227 0.03107074569789675 0.022271714922048998
0 0.10934990439770555 0.8463251670378619 0.17327915869980878 0.03897550111358575
0 0.3071223709369025 0.8463251670378619 0.16969407265774378 0.03897550111358575
0 0.5031070745697896 0.8463251670378619 0.17208413001912046 0.044543429844097995
0 0.7026768642447419 0.8463251670378619 0.17447418738049714 0.03897550111358575
0 0.8980688336520077 0.8463251670378619 0.17088910133843224 0.03897550111358575
0 0.969168260038241 0.7836859688195991 0.02390057361376673 0.02505567928730512
0 0.7707934990439771 0.7843875278396436 0.026290630975143402 0.02366369710467706
0 0.5742160611854684 0.7864699331848553 0.025095602294455066 0.030623608017817373
0 0.376434034416826 0.7857795100222718 0.028680688336520075 0.03758351893095768
0 0.17925430210325047 0.7850779510022272 0.03107074569789675 0.02783964365256125