3 0.8704746580852776 0.0910577971646674 0.08205953338696702 0.1821155943293348
3 0.7100804505229283 0.5584296619411123 0.21460176991150443 0.3658996728462377
3 0.35770716009654063 0.9466194111232279 0.45112630732099757 0.0692148309705562
0 0.5639581657280772 0.8891057797164666 0.03700724054706356 0.015256270447110152
0 0.5246419951729686 0.8897818974918211 0.03680611423974256 0.01661941112322793
0 0.3843523732904264 0.7397164667393675 0.059935639581657284 0.08508178844056705
0 0.32150442477876107 0.7398582333696838 0.056918744971842315 0.07663031624863684
0 0.7790667739340306 0.7582551799345693 0.06174577634754626 0.015288985823336949
0 0.21349959774738536 0.889236641221374 0.021922767497988736 0.02861504907306435
0 0.18996781979082863 0.8889640130861505 0.01910699919549477 0.02370774263904036
0 0.167135961383749 0.8880152671755724 0.019710378117457763 0.028342420937840795
0 0.6799115044247788 0.7987350054525628 0.11403861625100563 0.01336968375136313
0 0.6912711182622687 0.8197273718647765 0.13475462590506837 0.020458015267175562
0 0.7016331456154465 0.8429007633587787 0.16552695092518102 0.02317339149400218
0 0.7026387771520515 0.8675681570338059 0.16351568785197104 0.020163576881134144
0 0.6902654867256637 0.8880152671755724 0.14481094127111827 0.017437295528898594
0 0.6891633145615447 0.9107742639040348 0.13254223652453742 0.023696837513631427
0 0.7038455349959775 0.9334023991275899 0.16592920353982302 0.016608505997818993
0 0.7001206757843926 0.9557470010905125 0.16049879324215607 0.015507088331515843
0 0.7033386967015286 0.9775572519083969 0.166934835076428 0.015507088331515843