0 0.20124108416547787 0.02578556263269639 0.04585592011412268 0.030329087048832276
0 0.2384379457917261 0.02426751592356688 0.018338088445078487 0.02426751592356688
0 0.27053495007132666 0.028811040339702762 0.0254707560627675 0.02729299363057325
0 0.29906562054208274 0.028811040339702762 0.023437945791726117 0.02729299363057325
0 0.33014265335235377 0.034118895966029725 0.02445791726105561 0.025785562632696386
0 0.35917974322396573 0.02805732484076433 0.021398002853067005 0.025785562632696393
0 0.39331669044222534 0.03184713375796178 0.02445791726105561 0.02729299363057325
0 0.4182810271041369 0.029575371549893842 0.021398002853067047 0.025785562632696386
0 0.44885164051355203 0.03184713375796178 0.01935805991440806 0.021231422505307854
0 0.47636233951497864 0.03260084925690021 0.027510699001426487 0.02274946921443736
0 0.5018330955777461 0.03184713375796178 0.01935805991440806 0.018195329087048833
0 0.5313837375178316 0.031093418259023353 0.017325249643366594 0.019713375796178347
0 0.5660271041369472 0.030329087048832273 0.0254707560627675 0.02426751592356688
0 0.6022039942938658 0.02805732484076433 0.028530670470756064 0.028811040339702762
0 0.6607917261055635 0.031093418259023353 0.051968616262482094 0.03184713375796178
0 0.7723680456490727 0.025021231422505306 0.02241797432239646 0.03184713375796178
0 0.8034450784593439 0.02805732484076433 0.019358059914407897 0.028811040339702762
0 0.6373537803138374 0.3139171974522293 0.051968616262482094 0.03336518046709124
0 0.5308773181169757 0.4033970276008493 0.012225392296719045 0.021231422505307854
0 0.5538017118402282 0.4064331210191083 0.017325249643366594 0.024267515923566893
0 0.5318901569186876 0.5664225053078557 0.016305278174037017 0.019713375796178278
0 0.5568544935805991 0.5679405520169851 0.013245363766048457 0.01667728237791936
0 0.5324037089871612 0.729447983014862 0.015285306704707607 0.018195329087048937
0 0.5573680456490727 0.727176220806794 0.010192582025677577 0.019713375796178278
0 0.5334236804564907 0.8970276008492569 0.015285306704707607 0.022749469214437434
0 0.5543081312410841 0.8886836518046709 0.010192582025677577 0.021231422505307854
0 0.050435092724679026 0.028811040339702762 0.019358059914407994 0.0333651804670913
3 0.5 0.10615711252653928 1 0.10009554140127391
3 0.896676176890157 0.4761889596602972 0.08355206847360903 0.2547770700636942
3 0.8992225392296719 0.7605414012738853 0.0866119828815976 0.2532590233545647