0 0.9503716690042076 0.9101436464088397 0.029011220196353358 0.04818784530386729
0 0.8978541374474053 0.9095138121546962 0.02438990182328205 0.04693922651933704
0 0.8301192145862553 0.7167955801104973 0.26823281907433383 0.09343646408839773
0 0.1541164095371669 0.07337016574585636 0.039845722300140246 0.03211049723756906
0 0.8314726507713885 0.6104530386740332 0.26934782608695657 0.08770165745856341
0 0.19906030855539972 0.07688397790055249 0.039207573632538545 0.025071823204419887
0 0.2604207573632539 0.074 0.05992286115007016 0.03335911602209945
0 0.3234572230014025 0.07248618784530386 0.040638148667601716 0.026331491712707173
0 0.3735834502103787 0.07374585635359115 0.043990182328190755 0.03888397790055249
0 0.44155680224403926 0.07613259668508288 0.05849228611500707 0.026585635359116025
0 0.930687237026648 0.4678453038674033 0.07730014025245444 0.028773480662983384
0 0.505070126227209 0.07876243093922652 0.037293127629733566 0.028839779005524854
0 0.9397685834502103 0.4338121546961326 0.07953015427769976 0.031756906077348074
0 0.572805049088359 0.07550276243093923 0.07395511921458628 0.030353591160220992
0 0.6491444600280505 0.07625414364640884 0.0640743338008416 0.03386740331491713
0 0.9203295932678822 0.2856685082872928 0.02948106591865355 0.036817679558011074
0 0.9627980364656382 0.2827845303867403 0.028373071528751778 0.03506077348066297
2 0.8746633941093969 0.07337016574585636 0.11921458625525946 0.05219889502762432
0 0.9588990182328191 0.07437569060773482 0.022468443197755934 0.04014364640883977
0 0.9888569424964936 0.07211049723756907 0.019922861150070026 0.039635359116022104
0 0.7504347826086956 0.023149171270718232 0.03840813464235623 0.029613259668508293
0 0.8012762973352033 0.022276243093922652 0.048288920056101074 0.02383425414364641
0 0.8607994389901823 0.023149171270718232 0.04876577840112199 0.029613259668508293
0 0.9133941093969145 0.02152486187845304 0.0455820476858345 0.030364640883977896
0 0.9714095371669005 0.022651933701657457 0.050680224403927054 0.030607734806629837