0 0.1665643153526971 0.17630296610169494 0.0462323651452282 0.03177966101694915
0 0.22406639004149378 0.17327330508474575 0.040307053941908734 0.019671610169491517
0 0.2845311203319502 0.16722457627118645 0.04741908713692945 0.028749999999999984
0 0.3301742738589212 0.16797669491525424 0.017784232365145185 0.015137711864406801
0 0.36336929460580913 0.1710063559322034 0.03438174273858917 0.018156779661016934
0 0.40960165975103735 0.17175847457627116 0.03438174273858917 0.028749999999999984
0 0.721402489626556 0.0771822033898305 0.034381742738589266 0.0211864406779661
0 0.7587468879668049 0.0779343220338983 0.05216597510373436 0.02573093220338982
0 0.8026058091286307 0.07415254237288135 0.014224066390041578 0.02421610169491526
0 0.8304647302904564 0.07263771186440678 0.015410788381742686 0.02723516949152543
0 0.8589211618257261 0.07566737288135594 0.027269709543568475 0.015137711864406772
3 0.9442821576763485 0.930540254237288 0.1078838174273859 0.13891949152542382
3 0.5 0.024216101694915254 1 0.048421610169491536
0 0.6603402489626556 0.6560275423728813 0.014224066390041578 0.016641949152542412
0 0.663311203319502 0.7786016949152542 0.017784232365145283 0.019671610169491458
0 0.6692365145228215 0.9079872881355932 0.02726970954356838 0.03026483050847451
0 0.8689958506224067 0.7786016949152542 0.023709543568464865 0.016641949152542412
0 0.8684066390041494 0.6688877118644068 0.024896265560165973 0.012108050847457695
0 0.8618838174273858 0.5614406779661016 0.01897095435684658 0.01513771186440674
0 0.8755186721991701 0.33141949152542377 0.02726970954356857 0.018156779661016934
0 0.8660331950207468 0.23002118644067795 0.015410788381742875 0.0060487288135593