1 0.46596858638743455 0.5542242355605889 0.28534031413612565 0.026896942242355604
1 0.4129633507853403 0.6264212910532276 0.18193717277486912 0.026896942242355604
1 0.42670157068062825 0.6915402038505096 0.15968586387434555 0.029728199320498302
1 0.42277486910994766 0.7559456398640997 0.14921465968586387 0.022650056625141562
0 0.40575916230366493 0.8734428086070215 0.18586387434554974 0.04813137032842582
0 0.599476439790576 0.8748584371460929 0.18324607329842932 0.05379388448471121
0 0.6884816753926701 0.952718006795017 0.060209424083769635 0.022650056625141562
0 0.4640104712041885 0.4806115515288788 0.0824607329842932 0.021234428086070217
0 0.4816753926701571 0.4360135900339751 0.12041884816753927 0.022650056625141562
0 0.511130890052356 0.39001132502831254 0.17146596858638743 0.02406568516421291
0 0.48757068062827225 0.12528878822197054 0.1243455497382199 0.046715741789354476
0 0.6282722513089005 0.12528878822197054 0.12827225130890052 0.05520951302378256
2 0.5556335078534032 0.21164212910532276 0.25785340314136124 0.03822197055492639
2 0.5589005235602095 0.2753454133635334 0.2591623036649215 0.032559456398640996
2 0.5589005235602095 0.330554926387316 0.25392670157068065 0.03539071347678369