0 0.5527652173913044 0.11804906542056075 0.051782608695652134 0.03365654205607477
0 0.4791565217391304 0.11792056074766355 0.04091304347826083 0.03127336448598132
0 0.41176521739130434 0.1183177570093458 0.05237391304347828 0.038434579439252346
0 0.33695652173913043 0.10822429906542057 0.07866086956521742 0.05860981308411214
0 0.25138260869565215 0.12203271028037382 0.061660869565217366 0.031004672897196252
0 0.17243478260869566 0.11884345794392524 0.06779130434782607 0.037371495327102815
0 0.1026695652173913 0.1234929906542056 0.058695652173913045 0.02542056074766354
2 0.3325130434782609 0.05088785046728972 0.38794782608695655 0.06712616822429908
0 0.029843478260869565 0.12071261682242991 0.0336 0.03896028037383177
0 0.7838 0.7975116822429906 0.16996521739130438 0.0523130841121495
0 0.6303391304347826 0.7959228971962616 0.03893043478260868 0.05550233644859812
0 0.6768782608695652 0.7963200934579439 0.0391304347826087 0.05204439252336443
0 0.883495652173913 0.35789719626168226 0.01956521739130435 0.029077102803738302
2 0.8064260869565217 0.1726051401869159 0.16779130434782613 0.041343457943925216
0 0.7922956521739131 0.05128504672897196 0.04546086956521737 0.019077102803738314
0 0.7387391304347826 0.05009345794392524 0.03399130434782602 0.029427570093457943
0 0.4774695652173913 0.17393691588785046 0.06798260869565223 0.028598130841121516
0 0.3970347826086956 0.17339953271028039 0.06126956521739134 0.029661214953271012
0 0.32954782608695654 0.17327102803738317 0.05079130434782606 0.027266355140186885
0 0.2658086956521739 0.17605140186915885 0.05968695652173912 0.03496495327102805
0 0.19417391304347828 0.17366822429906542 0.04486086956521742 0.02382009345794391
0 0.12816521739130435 0.17419392523364488 0.06343478260869564 0.033376168224299056
0 0.0672 0.17765186915887848 0.025295652173913045 0.03178738317757007
0 0.8518782608695652 0.3541822429906542 0.031026086956521794 0.023761682242990693
0 0.4426869565217391 0.9447196261682242 0.07746956521739133 0.04510514018691577
1 0.7389391304347825 0.6035981308411215 0.25493913043478267 0.042546728971962634