0 0.6815299145299145 0.9616410861865408 0.19483760683760687 0.05825265643447452
0 0.8841025641025642 0.9633293978748525 0.1938632478632479 0.05825265643447452
0 0.7854444444444445 0.7726328217237307 0.3966581196581197 0.0885478158205431
0 0.09352991452991453 0.11742621015348287 0.05808547008547007 0.024356552538370716
0 0.1521965811965812 0.11662337662337663 0.05108547008547007 0.031334120425029505
0 0.14247863247863246 0.043648170011806375 0.06274358974358972 0.04852420306965761
0 0.2132905982905983 0.11487603305785124 0.05477777777777781 0.03213695395513577
0 0.9576410256410257 0.6618299881936246 0.02428205128205116 0.03652892561983478
0 0.33624786324786327 0.117827626918536 0.04040170940170939 0.031605667060212526
0 0.20852991452991454 0.03949232585596222 0.03943589743589745 0.0380637544273908
0 0.27894017094017093 0.11648170011806375 0.06176923076923076 0.03964580873671781
0 0.4594957264957265 0.11917355371900826 0.08294871794871791 0.034285714285714274
0 0.28467521367521365 0.0443211334120425 0.09071794871794871 0.04987012987012986
0 0.553034188034188 0.038949232585596225 0.2564102564102564 0.04987012987012986
0 0.38976068376068373 0.11393152302243212 0.04836752136752139 0.036706021251475804
0 0.534094017094017 0.11514757969303424 0.04564957264957272 0.02623376623376623
0 0.971931623931624 0.2817473435655254 0.027777777777777776 0.0417473435655254
0 0.5878034188034188 0.11514757969303424 0.04235042735042731 0.03696576151121606
0 0.7538888888888888 0.03707201889020071 0.04429059829059823 0.037532467532467535
0 0.9384188034188035 0.29100354191263283 0.03263247863247849 0.05811097992916171
0 0.706 0.0382762691853601 0.0359401709401709 0.03779220779220778
0 0.8676153846153847 0.040153482880755605 0.05613675213675219 0.05014167650531287
0 0.8069145299145299 0.03975206611570248 0.053230769230769207 0.04289256198347107
0 0.9425042735042736 0.036670602125147576 0.08352991452991454 0.051747343565525385
1 0.8909316239316241 0.11662337662337663 0.1781282051282051 0.05010625737898465