0 0.14277156549520767 0.15938752783964366 0.057907348242811504 0.03479955456570156
0 0.2011821086261981 0.15729398663697106 0.030950479233226837 0.0334075723830735
0 0.24211661341853036 0.15868596881959912 0.03294728434504792 0.0334075723830735
0 0.2980271565495208 0.15521158129175947 0.06090255591054313 0.04315144766146993
0 0.35942492012779553 0.16007795100222716 0.045926517571884984 0.04175946547884187
0 0.4168370607028754 0.1628619153674833 0.0369408945686901 0.02505567928730512
0 0.4777396166134185 0.16146993318485522 0.07488019169329073 0.02783964365256125
0 0.8186900958466453 0.06055679287305122 0.051916932907348244 0.08212694877505568
0 0.8765974440894568 0.06055679287305122 0.04792332268370607 0.0737750556792873
0 0.9419968051118212 0.06751670378619153 0.056908945686900955 0.08491091314031181
0 0.8761022364217254 0.15521158129175947 0.03893769968051118 0.02923162583518931
0 0.9330111821086263 0.15660356347438753 0.04892172523961661 0.026447661469933183
0 0.9544728434504792 0.43360801781737196 0.025958466453674122 0.048719376391982185
0 0.5626038338658147 0.7697661469933185 0.022963258785942492 0.030623608017817373
0 0.6259984025559105 0.7648997772828507 0.02196485623003195 0.02366369710467706
0 0.5531150159744409 0.9340200445434298 0.03793929712460064 0.05289532293986637
0 0.6789137380191693 0.9354120267260579 0.18570287539936103 0.05846325167037862
0 0.8736022364217252 0.9347216035634743 0.1876996805111821 0.06820712694877505
0 0.9474840255591054 0.6925167037861916 0.017971246006389777 0.026447661469933183
1 0.7503035143769969 0.6270935412026726 0.42032747603833875 0.05150334075723831
1 0.19568690095846644 0.22898663697104676 0.1297923322683706 0.020879732739420936
1 0.34894568690095845 0.22481069042316257 0.12679712460063897 0.020879732739420936
2 0.29702875399361023 0.05985523385300668 0.3604233226837061 0.061247216035634745