0 0.02724498692240628 0.18556270096463023 0.03269398430688753 0.04689174705251876
0 0.07410636442894507 0.1835476956055734 0.026155187445510025 0.04019292604501608
0 0.12096774193548387 0.18556270096463023 0.03051438535309503 0.028135048231511254
0 0.17382737576285964 0.1835476956055734 0.033783783783783786 0.024115755627009645
0 0.2283173496076722 0.18086816720257234 0.0512205754141238 0.024115755627009645
0 0.292615518744551 0.1815434083601286 0.03814298169136879 0.017416934619506965
0 0.35091543156059285 0.18488745980707397 0.043591979075850044 0.018756698821007504
0 0.42339145597210115 0.18086816720257234 0.04250217959895379 0.01607717041800643
0 0.930148212728858 0.01943193997856377 0.03814298169136879 0.028135048231511254
0 0.976460331299041 0.024115755627009645 0.03051438535309503 0.02679528403001072
0 0.9018134263295554 0.40192926045016075 0.13840453356582388 0.04287245444801715
0 0.9029032258064517 0.44614147909967844 0.1362249346120314 0.03483386923901393
0 0.902353966870096 0.48968917470525186 0.13077593722755013 0.0334941050375134
0 0.9067131647776809 0.5432797427652734 0.12859633827375763 0.03885316184351554
0 0.8669398430688754 0.6672025723472669 0.21469049694856157 0.05091103965702037
0 0.8124498692240628 0.7341907824222936 0.11006974716652136 0.03751339764201501
0 0.9246992153443767 0.7328510182207931 0.10353095030514385 0.03483386923901393
0 0.8674803836094158 0.9143944265809217 0.1002615518744551 0.030814576634512324
0 0.6833042720139494 0.6638585209003215 0.03269398430688753 0.02277599142550911
2 0.8315170008718396 0.09445873526259378 0.2942458587619878 0.04957127545551983