0 0.9205202312138728 0.02679528403001072 0.07803468208092486 0.02679528403001072
0 0.5130057803468208 0.47763129689174705 0.08670520231213873 0.02009646302250804
0 0.5014450867052023 0.5493033226152197 0.315028901734104 0.05627009646302251
0 0.5028901734104047 0.6069131832797428 0.3063583815028902 0.03483386923901393
0 0.3735606936416185 0.8407073954983922 0.10549132947976879 0.02009646302250804
0 0.4804971098265896 0.8366881028938906 0.07658959537572255 0.02277599142550911
0 0.5794797687861272 0.8407073954983922 0.0838150289017341 0.02009646302250804
0 0.6683583815028902 0.8340085744908896 0.036127167630057806 0.014737406216505895
0 0.3663352601156069 0.942529474812433 0.09393063583815028 0.014737406216505895
0 0.4458150289017341 0.942529474812433 0.036127167630057806 0.014737406216505895
0 0.5325202312138728 0.942529474812433 0.11416184971098266 0.014737406216505895
0 0.6416184971098265 0.9438692390139335 0.07514450867052024 0.009378349410503752