0 0.04348705501618123 0.12008733624454149 0.07483818770226537 0.03275109170305677
0 0.12186893203883495 0.12077510917030568 0.055622977346278316 0.025927947598253277
0 0.19215210355987056 0.12008733624454149 0.05461165048543689 0.030021834061135372
0 0.24575242718446602 0.12145196506550218 0.032362459546925564 0.021834061135371178
0 0.2998624595469256 0.11872270742358079 0.03337378640776699 0.03275109170305677
0 0.3564967637540453 0.11735807860262008 0.061690938511326864 0.035480349344978165
0 0.4293122977346278 0.12008733624454149 0.06371359223300971 0.027292576419213975
0 0.5137540453074434 0.12281659388646288 0.058656957928802586 0.035480349344978165
0 0.8308090614886732 0.05049126637554585 0.0252831715210356 0.05458515283842795
0 0.8773300970873787 0.04572052401746724 0.03944174757281554 0.058679039301310035
0 0.9238511326860842 0.04639737991266375 0.03337378640776699 0.060043668122270744
0 0.9728964401294499 0.04093886462882096 0.04854368932038835 0.05731441048034935
0 0.8252427184466019 0.12281659388646288 0.046521035598705504 0.030021834061135372
0 0.8975566343042072 0.12077510917030568 0.06775889967637541 0.02046943231441048
0 0.9643042071197412 0.11735807860262008 0.04550970873786408 0.024563318777292575
0 0.9693608414239483 0.4387336244541485 0.017192556634304208 0.03138646288209607
0 0.9299190938511328 0.7123362445414847 0.031351132686084145 0.05185589519650655
0 0.966326860841424 0.7055131004366813 0.029328478964401293 0.05185589519650655
0 0.9071601941747572 0.8208296943231441 0.11933656957928802 0.05322052401746725
0 0.0945631067961165 0.9516921397379913 0.15068770226537218 0.09661572052401747
0 0.2563754045307443 0.9443231441048034 0.152710355987055 0.0982532751091703
2 0.3787459546925566 0.04230349344978166 0.31047734627831713 0.05458515283842795