1 0.15582342954159592 0.215221843003413 0.28076400679117147 0.06703071672354946
1 0.1791850594227504 0.3070819112627986 0.31821731748726656 0.05530716723549483
1 0.19390492359932088 0.3743515358361775 0.34765704584040746 0.05331058020477817
1 0.20786078098471988 0.43646757679180886 0.3786587436332767 0.050341296928327596
1 0.190679117147708 0.5005460750853242 0.3288624787775891 0.05750853242320827
1 0.22434634974533105 0.5634470989761092 0.39619694397283534 0.052986348122866817
1 0.24748726655348055 0.6255631399317406 0.4424787775891341 0.04999999999999992
0 0.8823429541595926 0.3738566552901024 0.0452461799660442 0.04302047781569962
0 0.8859762308998302 0.4349829351535836 0.046383701188454994 0.050477815699658674
0 0.8836672325976231 0.49738907849829356 0.051001697792869206 0.0356484641638225
0 0.8852122241086587 0.5585153583617748 0.04791171477079801 0.043105802047781555
0 0.884295415959253 0.6182935153583617 0.05534804753820028 0.04477815699658705
0 0.4678438030560272 0.7155972696245734 0.8770288624787776 0.0842491467576792