0 0.9520018975332069 0.05041202672605791 0.07029411764705874 0.03337416481069042
0 0.8696299810246679 0.04724944320712695 0.07978178368121434 0.037171492204899785
0 0.7965370018975332 0.04750556792873051 0.049165085388994244 0.031603563474387524
0 0.5291555977229602 0.10608017817371938 0.05433586337760909 0.03335189309576836
0 0.45508538899430745 0.10683741648106904 0.06792220113851996 0.03690423162583517
0 0.38500948766603416 0.10620267260579065 0.05282732447817832 0.035634743875278395
0 0.3266793168880455 0.11114699331848553 0.04183111954459206 0.043474387527839636
0 0.2755787476280835 0.11266146993318486 0.04743833017077799 0.040445434298440976
0 0.22425996204933588 0.11063474387527839 0.04830170777988612 0.03436525612472162
0 0.16970588235294118 0.11139198218262807 0.029753320683111966 0.02778396436525611
0 0.10824478178368122 0.10697104677060133 0.07503795066413661 0.03917594654788419
0 0.6545445920303605 0.2333630289532294 0.02264705882352931 0.036859688195991114
0 0.45530360531309294 0.7212472160356347 0.046793168880455455 0.06304008908685958
0 0.9544781783681214 0.7993207126948775 0.014449715370018993 0.02075723830734978
0 0.8122770398481973 0.7994432071269487 0.021138519924098646 0.02304008908685975
0 0.7637571157495257 0.7996993318485524 0.023292220113851948 0.027594654788418677
0 0.751034155597723 0.7139086859688196 0.4161669829222012 0.042293986636971065
0 0.2653320683111955 0.7981737193763919 0.059297912713472484 0.07111358574610234
0 0.19903225806451613 0.7976726057906458 0.06253320683111957 0.07212694877505565
0 0.13519924098671726 0.7975389755011136 0.05563567362428841 0.0698552338530067
0 0.06609108159392789 0.7967817371937639 0.057571157495256174 0.06631403118040084
0 0.46263757115749526 0.9228062360801781 0.052827324478178374 0.026792873051224884
0 0.40851043643263757 0.9217928730512249 0.043776091081593915 0.028819599109131525
0 0.1675426944971537 0.92141425389755 0.034070208728652775 0.021993318485523387
0 0.6351328273244782 0.03599109131403118 0.02695445920303613 0.036915367483296206
2 0.47449715370018974 0.03510022271714922 0.37411764705882344 0.06146993318485524
0 0.03676470588235294 0.10759465478841872 0.024800759013282735 0.040445434298440976
0 0.8052656546489564 0.9596213808463252 0.3456546489563568 0.061959910913140424
0 0.6046299810246679 0.9603786191536748 0.050028462998102485 0.055378619153674855
0 0.5485578747628083 0.9593652561247216 0.050028462998102485 0.05740534521158124