0 0.043474347434743474 0.09895104895104896 0.026174617461746173 0.028554778554778556
0 0.07552655265526552 0.09815850815850816 0.029540954095409536 0.03279720279720278
0 0.834959495949595 0.060023310023310024 0.03624662466246623 0.03227272727272727
0 0.8772997299729972 0.06141025641025641 0.035409540954095334 0.03214452214452213
0 0.919072907290729 0.06220279720279721 0.03570657065706567 0.027902097902097907
0 0.9519531953195318 0.061608391608391606 0.027209720972097225 0.0237995337995338
0 0.9509270927092709 0.09808857808857809 0.025157515751574995 0.035571095571095585
0 0.9240864086408641 0.10080419580419579 0.027722772277227786 0.038088578088578094
0 0.25224122412241223 0.09465034965034964 0.054428442844284455 0.034510489510489496
0 0.3144194419441944 0.09822843822843823 0.05277227722772277 0.030011655011655012
0 0.36207920792079207 0.09736596736596738 0.031080108010801057 0.03702797202797204
0 0.4011431143114312 0.0967016317016317 0.03270027002700274 0.03571095571095569
0 0.4382718271827183 0.09882284382284383 0.025940594059405984 0.03411421911421913
0 0.4755985598559856 0.09869463869463871 0.03308730873087308 0.03967365967365966
0 0.5193699369936994 0.10087412587412586 0.03962196219621961 0.035303030303030294
0 0.5675337533753375 0.09954545454545455 0.04144014401440141 0.03265734265734267
0 0.6251035103510351 0.10015151515151516 0.053087308730873105 0.03675990675990675
0 0.6820162016201621 0.10020979020979022 0.047641764176417696 0.03398601398601398
1 0.7469036903690368 0.09961538461538462 0.06715571557155707 0.029883449883449868
0 0.0834023402340234 0.7071212121212122 0.1037803780378038 0.03567599067599056