0 0.37798566878980894 0.04685022026431718 0.3140923566878981 0.057764317180616746
0 0.9513375796178345 0.04780837004405286 0.03363853503184713 0.05308370044052863
0 0.9065525477707007 0.049460352422907486 0.0276671974522293 0.049779735682819376
0 0.858781847133758 0.05015418502202643 0.035628980891719744 0.05115638766519824
0 0.817579617834395 0.04960352422907489 0.028861464968152867 0.05225770925110133
0 0.946656050955414 0.12283039647577093 0.04617834394904458 0.026916299559471363
0 0.877093949044586 0.12352422907488986 0.06429140127388536 0.028292951541850218
0 0.8147929936305733 0.12365638766519824 0.039211783439490534 0.030770925110132154
0 0.4971178343949045 0.12558370044052863 0.04080414012738853 0.03242290748898678
0 0.4313296178343949 0.12379955947136563 0.0625 0.033248898678414095
0 0.3544984076433121 0.12435022026431718 0.05214968152866242 0.03214757709251101
0 0.294984076433121 0.12448237885462556 0.03264331210191083 0.023612334801762114
0 0.2549761146496815 0.12159691629955947 0.028264331210191083 0.026640969162995593
0 0.19576433121019107 0.12435022026431718 0.05115445859872612 0.03214757709251101
0 0.13156847133757962 0.12352422907488986 0.05214968152866242 0.028292951541850218
0 0.04777070063694268 0.12490088105726872 0.07961783439490445 0.031046255506607928
0 0.9259554140127388 0.5798127753303965 0.020700636942675158 0.026784140969162925
0 0.8955015923566879 0.5780286343612335 0.020302547770700636 0.027610132158590237
0 0.5406050955414012 0.5784361233480176 0.014331210191082803 0.024030837004405215
0 0.4416799363057325 0.5806387665198238 0.01950636942675159 0.03063876651982372
0 0.8880414012738854 0.6386233480176211 0.020501592356687897 0.027588105726872196
0 0.8452468152866243 0.6372466960352423 0.020501592356687897 0.027588105726872196
0 0.2746815286624204 0.6387334801762115 0.017914012738853503 0.030066079295154136
0 0.8044426751592356 0.639988986784141 0.020501592356687897 0.027588105726872196
0 0.15863853503184713 0.6406497797356828 0.018710191082802547 0.03171806167400876
0 0.4242675159235669 0.639977973568282 0.020501592356687897 0.027588105726872196
0 0.08160828025477707 0.6414757709251102 0.017914012738853503 0.030066079295154136
0 0.767515923566879 0.6420484581497797 0.016321656050955414 0.03171806167400876
0 0.7289012738853503 0.6420484581497797 0.018710191082802547 0.03171806167400876
0 0.3873407643312102 0.6420374449339208 0.016321656050955414 0.03171806167400876
0 0.6931767515923567 0.6397136563876652 0.016918789808917197 0.02263215859030832
0 0.6528662420382165 0.6401211453744493 0.017914012738853503 0.030066079295154136
0 0.3487261146496815 0.6420374449339208 0.018710191082802547 0.03171806167400876
0 0.6143550955414012 0.6386013215859031 0.020501592356687897 0.027588105726872196
0 0.3130015923566879 0.6397026431718061 0.016918789808917197 0.02263215859030832
0 0.5774283439490446 0.6406607929515419 0.016321656050955414 0.03171806167400876
0 0.5388136942675159 0.6406607929515419 0.018710191082802547 0.03171806167400876
0 0.5030891719745223 0.6383259911894273 0.016918789808917197 0.02263215859030832
0 0.23417993630573247 0.638590308370044 0.020501592356687897 0.027588105726872196
0 0.1972531847133758 0.6406497797356828 0.016321656050955414 0.03171806167400876
0 0.4627786624203822 0.6387334801762115 0.017914012738853503 0.030066079295154136
0 0.1229140127388535 0.6383149779735683 0.016918789808917197 0.02263215859030832
0 0.8890366242038218 0.6895484581497797 0.020501592356687897 0.027588105726872196
0 0.8462420382165606 0.6881718061674009 0.020501592356687897 0.027588105726872196
0 0.8054378980891721 0.6909140969162996 0.020501592356687987 0.027588105726872196
0 0.7685111464968153 0.6929735682819383 0.016321656050955414 0.03171806167400876
0 0.7298964968152867 0.6929735682819383 0.018710191082802547 0.03171806167400876
0 0.694171974522293 0.6906387665198238 0.016918789808917197 0.02263215859030832
0 0.6538614649681529 0.6910462555066079 0.017914012738853503 0.030066079295154136
0 0.6153503184713376 0.6895264317180617 0.020501592356687897 0.027588105726872196
0 0.5784235668789809 0.6915859030837005 0.016321656050955414 0.03171806167400876
0 0.5398089171974523 0.6915859030837005 0.018710191082802547 0.03171806167400876
0 0.5040843949044586 0.689251101321586 0.016918789808917197 0.02263215859030832
0 0.4637738853503185 0.6896585903083701 0.017914012738853503 0.030066079295154136
0 0.4252627388535032 0.6909030837004405 0.020501592356687897 0.027588105726872196
0 0.3883359872611465 0.6929625550660793 0.016321656050955414 0.03171806167400876
0 0.3497213375796178 0.6929625550660793 0.018710191082802547 0.03171806167400876
0 0.3139968152866242 0.6906277533039648 0.016918789808917197 0.02263215859030832
0 0.15963375796178345 0.6915748898678414 0.018710191082802547 0.03171806167400876
0 0.1982484076433121 0.6915748898678414 0.016321656050955414 0.03171806167400876
0 0.07812898089171974 0.699966960352423 0.028861464968152867 0.05070484581497793
0 0.23517515923566878 0.6895154185022027 0.020501592356687897 0.027588105726872196
0 0.2736863057324841 0.691035242290749 0.017914012738853503 0.030066079295154136
0 0.12390923566878981 0.6892400881057269 0.016918789808917197 0.02263215859030832
1 0.6800398089171974 0.04712555066079295 0.10011942675159236 0.040704845814977964