0 0.04720061022120518 0.86872009569378 0.07723112128146453 0.11961722488038277
0 0.13778032036613272 0.8672248803827751 0.07532418001525552 0.1166267942583732
0 0.21787185354691074 0.8694736842105263 0.07913806254767353 0.12410287081339713
0 0.3041571319603356 0.8709688995215311 0.07818459191456903 0.11812200956937799
0 0.3933104500381388 0.8642344497607656 0.07532418001525552 0.1255980861244019
0 0.8013958810068651 0.4276315789473684 0.37662090007627763 0.06279904306220095
0 0.5020061022120519 0.39698564593301433 0.04481311975591152 0.05532296650717703
0 0.9510907704042716 0.05607655502392345 0.016209000762776506 0.03438995215311005
0 0.986651411136537 0.056818181818181816 0.02669717772692601 0.04904306220095694
0 0.6640961098398169 0.8171411483253589 0.07913806254767353 0.03738038277511962
0 0.704141876430206 0.9621770334928229 0.18401983218916865 0.06728468899521531
0 0.8924485125858124 0.9636722488038277 0.19260106788710907 0.05532296650717703