0 0.12750836120401338 0.22923408845738943 0.035535117056856184 0.032362459546925564
0 0.16722408026755853 0.22991370010787485 0.035535117056856184 0.025620280474649405
0 0.22157190635451504 0.23261057173678532 0.056438127090301 0.020226537216828478
0 0.27069397993311034 0.23058252427184467 0.035535117056856184 0.021574973031283712
0 0.3119816053511706 0.22923408845738943 0.030309364548494984 0.021574973031283712
0 0.5988712374581939 0.02764832793959007 0.033444816053511704 0.02292340884573894
0 0.6406772575250836 0.02764832793959007 0.029264214046822744 0.014832793959007547
0 0.6824832775919732 0.03505933117583603 0.03971571906354515 0.021574973031283712
0 0.7791638795986622 0.031014023732470336 0.12855351170568563 0.018878101402373247
0 0.8747909698996655 0.02831715210355987 0.031354515050167224 0.018878101402373247
0 0.9160785953177258 0.031014023732470336 0.02403846153846154 0.024271844660194174
0 0.06741638795986622 0.8555879180151025 0.0846571906354515 0.02831715210355987
0 0.16879598662207357 0.8576051779935275 0.09092809364548494 0.021574973031283712
0 0.24822742474916387 0.8582847896440129 0.03867056856187291 0.022923408845738943
0 0.31668060200668896 0.8569363538295577 0.06688963210702341 0.020226537216828478
0 0.39559364548494985 0.8576051779935275 0.0742056856187291 0.021574973031283712
0 0.747809364548495 0.854908306364617 0.03867056856187291 0.018878101402373247
0 0.8136538461538462 0.8555879180151025 0.06166387959866221 0.017529665587918016
0 0.87688127090301 0.8555879180151025 0.031354515050167224 0.017529665587918016
0 0.917123745819398 0.8535598705501618 0.0282190635451505 0.02696871628910464
1 0.13953177257525085 0.7928802588996764 0.20589464882943143 0.040453074433656956
1 0.3684197324414716 0.7949083063646171 0.21425585284280937 0.0337108953613808
1 0.5894648829431438 0.7908629989212513 0.20693979933110368 0.03640776699029126
1 0.8225334448160535 0.7928802588996764 0.20903010033444816 0.043149946062567425