1 0.7799384443200895 0.30688764044943817 0.40570789031897037 0.04073033707865169
0 0.9611080022383883 0.02949438202247191 0.03777280358142138 0.0449438202247191
0 0.7788919977616117 0.651685393258427 0.40640738668158927 0.056179775280898875
0 0.7558086177951875 0.7900337078651686 0.3616396194739787 0.0351123595505618
0 0.9509681029658646 0.7935393258426966 0.016088416340235032 0.03651685393258427
0 0.9736989367655288 0.7921348314606742 0.018186905428091774 0.028089887640449437
0 0.6575265808617795 0.8518314606741573 0.07414661443760492 0.032303370786516857
0 0.7085898153329603 0.8539325842696629 0.016787912702853944 0.033707865168539325
0 0.6424902070509234 0.9424157303370787 0.06505316172355904 0.03932584269662921
0 0.6876049244543928 0.9410112359550562 0.013989927252378288 0.03089887640449438
0 0.7064913262451036 0.9410112359550562 0.01259093452714046 0.025280898876404494
0 0.9908393956351428 0.02317977528089887 0.014689423614997203 0.03511235955056179