2 0.5157068062827225 0.05608028335301062 0.36910994764397903 0.0295159386068477
0 0.10732984293193717 0.06493506493506493 0.08638743455497382 0.01475796930342385
0 0.18979057591623036 0.06050767414403778 0.05759162303664921 0.01770956316410862
0 0.2395287958115183 0.06125147579693035 0.02356020942408377 0.007378984651711925
0 0.03795811518324607 0.14389610389610388 0.04450261780104712 0.045749704840613935
0 0.03795811518324607 0.1962809917355372 0.04450261780104712 0.047225501770956316
0 0.03992670157068063 0.24425029515938607 0.03795811518324607 0.03984651711924439
0 0.036000000000000004 0.2936835891381346 0.04319371727748691 0.03541912632821724
0 0.04123560209424084 0.34238488783943327 0.04842931937172775 0.047225501770956316
0 0.04123560209424084 0.3933057851239669 0.03534031413612566 0.03689492325855962
0 0.03469109947643979 0.44569067296340026 0.04319371727748691 0.047225501770956316
0 0.04123560209424084 0.4936599763872491 0.0274869109947644 0.03689492325855962
0 0.03534031413612566 0.5386658795749705 0.03664921465968586 0.03541912632821724
0 0.6210785340314136 0.5047225501770957 0.10340314136125654 0.02066115702479339
0 0.6413612565445026 0.5888429752066116 0.1518324607329843 0.026564344746162927
0 0.6263141361256545 0.7142857142857143 0.12172774869109948 0.023612750885478158
0 0.6891413612565445 0.7445454545454545 0.25785340314136124 0.022136953955135773
0 0.5844293193717277 0.7814403778040142 0.09816753926701571 0.019185360094451005
0 0.7107329842931938 0.4574970484061393 0.35340314136125656 0.06493506493506493
1 0.6047120418848168 0.3903541912632822 0.04450261780104712 0.016233766233766232
0 0.9424083769633508 0.16750885478158206 0.02356020942408377 0.022136953955135773
0 0.8390052356020943 0.06493506493506493 0.0549738219895288 0.01770956316410862
0 0.7650575916230367 0.06272727272727273 0.08769633507853403 0.028040141676505304
0 0.9640104712041885 0.06567886658795749 0.030104712041884817 0.022136953955135766
0 0.9155811518324607 0.06493506493506493 0.051047120418848166 0.01475796930342385
0 0.9195078534031413 0.01770956316410862 0.13219895287958114 0.0295159386068477