0 0.8788176197836167 0.1468009768009768 0.12928129829984542 0.08133089133089132
0 0.2868238021638331 0.06528693528693529 0.05619010819165381 0.028192918192918196
0 0.22234157650695516 0.06948717948717949 0.05119783616692426 0.03251526251526251
0 0.16390262751159196 0.07101343101343101 0.04700927357032456 0.029462759462759457
0 0.10602009273570324 0.07101343101343101 0.04556414219474497 0.029462759462759457
0 0.8901700154559506 0.3272527472527472 0.06021638330757347 0.11460317460317462
0 0.7996831530139104 0.3252136752136752 0.05957496136012367 0.1186691086691087
0 0.7059041731066461 0.3266178266178266 0.05393353941267385 0.12350427350427348
0 0.616306027820711 0.3215262515262515 0.05667697063369391 0.12350427350427348
0 0.5238948995363214 0.31835164835164836 0.052163833075734155 0.1273137973137973
0 0.4305177743431221 0.3244566544566545 0.06504636785162293 0.1252747252747253
0 0.34019319938176196 0.32457875457875457 0.061499227202472986 0.11739926739926737
0 0.24319165378670787 0.3225518925518926 0.05586553323029363 0.12146520146520148
0 0.15262751159196292 0.3238217338217338 0.056669242658423484 0.11383394383394385
0 0.06110510046367851 0.32738705738705737 0.049103554868624416 0.10671550671550668
2 0.3224806800618238 0.14146520146520145 0.19996136012364757 0.08692307692307691
2 0.520919629057187 0.14463980463980464 0.1894976816074189 0.08311355311355312
2 0.7134698608964452 0.14604395604395604 0.1882071097372488 0.07776556776556774
3 0.8285857805255024 0.5083394383394383 0.27997681607418856 0.09826617826617828
3 0.8308423493044822 0.7838949938949938 0.27804482225656874 0.4194139194139194
0 0.6417465224111283 0.6977045177045177 0.030270479134466826 0.04759462759462762
0 0.3446986089644513 0.5726984126984127 0.0705177743431221 0.04586080586080593
0 0.2723338485316847 0.572063492063492 0.05941267387944358 0.04457875457875457
0 0.20535548686244207 0.5731990231990232 0.060695517774343115 0.04483516483516487
0 0.13476043276661515 0.5718070818070818 0.06922720247295207 0.04001221001220999
0 0.06496908809891808 0.5726984126984127 0.056831530139103574 0.04586080586080593