1 0.06977981651376147 0.035412087912087914 0.0844954128440367 0.04296703296703297
1 0.15978899082568807 0.031030219780219775 0.07492660550458717 0.043379120879120873
0 0.3307889908256881 0.10137362637362637 0.027522935779816515 0.049752747252747254
0 0.36280733944954124 0.10130494505494506 0.028348623853210988 0.052664835164835166
0 0.48611009174311925 0.14395604395604397 0.18933944954128434 0.21427197802197803
0 0.6760550458715596 0.14748626373626375 0.18187155963302754 0.21829670329670325
0 0.8643761467889908 0.16178571428571428 0.18133944954128448 0.19803571428571431
0 0.4971834862385321 0.5260714285714286 0.21352293577981651 0.49315934065934064
0 0.8962568807339449 0.7946153846153846 0.10646788990825684 0.05039835164835172
0 0.100348623853211 0.8745879120879122 0.12525688073394492 0.04857142857142843
0 0.2108440366972477 0.8703571428571428 0.07101834862385319 0.04315934065934076
0 0.896256880733945 0.8730631868131868 0.1268532110091744 0.051620879120879024
0 0.8211009174311926 0.9567307692307693 0.1651376146788991 0.08653846153846154
1 0.9545871559633028 0.9567307692307693 0.0908256880733945 0.08653846153846154