0 0.9628976697061803 0.02208067940552017 0.023556231003039513 0.026507430997876853
0 0.9178115501519757 0.02128450106157112 0.024569402228976696 0.03340764331210191
0 0.8744984802431611 0.021411889596602975 0.03419452887537994 0.025180467091295115
0 0.8268794326241135 0.01916135881104034 0.030141843971631204 0.027038216560509552
0 0.35322188449848024 0.02473460721868365 0.045339412360688953 0.02119957537154989
0 0.29699088145896657 0.02194267515923567 0.03419452887537994 0.024118895966029723
0 0.24227963525835866 0.02314225053078556 0.03622087132725431 0.024384288747346067
0 0.19339412360688957 0.02234607218683652 0.044832826747720364 0.020668789808917197
0 0.13260385005065856 0.022738853503184716 0.044832826747720364 0.027834394904458597
0 0.08422492401215805 0.02314225053078556 0.024062816616008106 0.024384288747346067
0 0.027740628166160075 0.02340764331210191 0.037740628166160084 0.029161358811040334
0 0.556869300911854 0.5304989384288747 0.057497467071935156 0.02848195329087047
0 0.43617021276595747 0.5315605095541401 0.12259371833839919 0.026358811040339686
0 0.3005369807497467 0.5312951167728238 0.08181357649442755 0.02158174097664548
0 0.20567375886524822 0.5322186836518047 0.0668693009118541 0.027685774946921426
0 0.12006079027355623 0.5327494692144374 0.057750759878419454 0.026624203821656034
0 0.03711246200607903 0.5346072186836518 0.051418439716312055 0.028216560509554123
1 0.7502532928064843 0.8134925690021231 0.1833839918946302 0.03821656050955414
0 0.9116008105369807 0.8137685774946922 0.024822695035460994 0.021772823779193196
0 0.972016210739615 0.8144267515923568 0.021529888551165145 0.023099787685774937
0 0.9421276595744681 0.813895966029724 0.02254305977710233 0.02416135881104033
0 0.4575785207700101 0.9571868365180467 0.10207700101317123 0.024118895966029754