0 0.226663807890223 0.022846481876332623 0.04656089193825042 0.03350746268656716
0 0.2738336192109777 0.02740938166311301 0.02083190394511146 0.018272921108742006
0 0.3093567753001715 0.029701492537313433 0.028181818181818193 0.01979744136460554
0 0.34673241852487136 0.02740938166311301 0.017152658662092625 0.018272921108742006
0 0.3834819897084048 0.028933901918976546 0.031852487135505994 0.027409381663113012
0 0.42269296740994855 0.028933901918976546 0.024502572898799358 0.024371002132196163
0 0.4606689536878216 0.028176972281449893 0.02450257289879926 0.019797441364605546
0 0.49313893653516294 0.02740938166311301 0.02083190394511146 0.021321961620469083
0 0.5274442538593482 0.024371002132196163 0.02083190394511146 0.021321961620469083
0 0.5562349914236707 0.0258955223880597 0.02450257289879926 0.018272921108742006
0 0.5923756432246998 0.02740938166311301 0.0183790737564323 0.018272921108742006
0 0.6272984562607203 0.029701492537313433 0.03185248713550609 0.022846481876332626
0 0.6665008576329331 0.031982942430703626 0.03430531732418525 0.027409381663113012
0 0.7106089193825044 0.028176972281449893 0.039202401372212724 0.019797441364605546
0 0.7957632933104631 0.02740938166311301 0.08453687821612345 0.03045842217484009
0 0.9237907375643225 0.029701492537313433 0.019605488850771978 0.031982942430703626
0 0.9593224699828473 0.030458422174840086 0.029408233276157773 0.027409381663113002
0 0.04962264150943396 0.029701492537313433 0.03307890222984562 0.028933901918976546
0 0.7908576329331046 0.925223880597015 0.13354202401372217 0.03807036247334759