0 0.3464513193812557 0.20799349240780912 0.022292993630573247 0.03570498915401303
0 0.9242493175614195 0.03393709327548807 0.03139217470427662 0.03683297180043383
0 0.8814831665150137 0.03393709327548807 0.036851683348498636 0.03683297180043383
0 0.8384895359417652 0.030954446854663774 0.0373066424021838 0.037375271149674615
0 0.7951592356687898 0.031225596529284163 0.034804367606915375 0.04225596529284164
0 0.906169244767971 0.08341648590021691 0.0748407643312103 0.027331887201735346
0 0.23237488626023659 0.08287418655097613 0.05573248407643312 0.028416485900216917
0 0.17857142857142858 0.08314533622559653 0.03230209281164695 0.033297180043383945
0 0.12750682438580527 0.08178958785249457 0.0416287534121929 0.03058568329718004
0 0.07757051865332121 0.0779934924078091 0.021383075523202913 0.03817787418655097
0 0.04185623293903549 0.08193058568329718 0.036396724294813464 0.043872017353579186
0 0.06255686988171065 0.31711496746203904 0.06414922656960874 0.02618221258134489
0 0.07711555959963604 0.3434164859002169 0.11146496815286625 0.022375271149674615
0 0.06346678798908098 0.3726898047722343 0.07506824385805277 0.02887201735357918
0 0.06335759781619654 0.4041431670281996 0.0589171974522293 0.031030368763557498
0 0.05698817106460418 0.43355748373101954 0.05527752502274794 0.029132321041214767
0 0.08223839854413102 0.459587852494577 0.10122838944494995 0.020444685466377465
0 0.06631483166515013 0.545119305856833 0.07848043676069154 0.020151843817787462
0 0.06210191082802548 0.5742624728850325 0.054140127388535034 0.02420824295010839
0 0.06596906278434941 0.6013774403470716 0.05732484076433121 0.024197396963123584
0 0.0638125568698817 0.6328308026030369 0.05982711555959964 0.026366594360086707
0 0.08280254777070063 0.6641431670281996 0.09099181073703366 0.026084598698481513
0 0.06278434940855324 0.7464208242950109 0.050955414012738856 0.021453362255965263
0 0.06062784349408553 0.7771908893709328 0.05345768880800728 0.02225596529284163
0 0.06960873521383075 0.8056616052060738 0.0646041856232939 0.024956616052060728
0 0.05141037306642402 0.8343926247288502 0.0373066424021838 0.021691973969631236
0 0.07484076433121019 0.8648915401301518 0.07961783439490445 0.028459869848156193
0 0.9013921747042766 0.22724511930585684 0.015241128298453139 0.024305856832971828
3 0.4791901728844404 0.5077982646420823 0.30823475887170154 0.6504989154013016
2 0.6621929026387625 0.030281995661605207 0.2197452229299363 0.03601952277657268
0 0.5718835304822566 0.030412147505422992 0.022747952684258416 0.02761388286334056