0 0.03366849960722702 0.847457627118644 0.04937941869599371 0.08777542372881346
0 0.0914611154752553 0.8520021186440677 0.04376276512175962 0.08777542372881346
0 0.15318146111547526 0.8497245762711865 0.05050274941084055 0.08626059322033905
0 0.21602513747054203 0.8489724576271186 0.05498821681068342 0.09988347457627114
0 0.27774548311076197 0.8527542372881356 0.04825608798114686 0.09230932203389841
0 0.34171249018067557 0.8565360169491526 0.057234878240377075 0.08777542372881346
0 0.6609819324430479 0.5463029661016949 0.06732914375490968 0.027235169491525463
0 0.7322388059701492 0.5077224576271187 0.0617203456402199 0.016641949152542412
0 0.9426551453260016 0.2890466101694915 0.06957580518460343 0.039343220338983034
0 0.5897172034564022 0.2194279661016949 0.07294579732914368 0.0211864406779661
0 0.5173369992144541 0.3019067796610169 0.015710919088766692 0.01967161016949158
0 0.5835506677140613 0.43507415254237286 0.0404006284367636 0.016641949152542412
0 0.9549960722702279 0.6545127118644068 0.051618224666143 0.019671610169491458
1 0.7703927729772192 0.6946080508474577 0.4253181461115474 0.027235169491525463
0 0.5611076197957581 0.8028177966101695 0.19750981932443054 0.07415254237288135
0 0.76815396700707 0.8035699152542374 0.19863315003927723 0.06960805084745766
0 0.8988923802042419 0.8020550847457627 0.04713275726630008 0.0635593220338983
0 0.9544383346425765 0.8028177966101695 0.03254516889238008 0.0559957627118643