1 0.7821632996632997 0.9701286549707603 0.3908417508417509 0.05288888888888892
0 0.14654040404040405 0.04298245614035088 0.060833333333333316 0.033730994152046785
0 0.9520454545454545 0.8787017543859649 0.01893939393939394 0.03378947368421064
0 0.2135016835016835 0.041918128654970764 0.034057239057239064 0.035847953216374275
0 0.9342508417508418 0.4724678362573099 0.08474747474747461 0.04371929824561403
0 0.29088383838383836 0.0448421052631579 0.08742424242424243 0.03532163742690059
0 0.9293686868686868 0.28562573099415206 0.032904040404040526 0.061309941520467856
0 0.9620875420875421 0.27938011695906434 0.02563973063973067 0.044573099415204695
0 0.7517424242424243 0.04178947368421052 0.04113636363636355 0.03346198830409357
2 0.5565151515151515 0.03953216374269006 0.24946969696969706 0.045953216374268996
0 0.7082154882154882 0.04245614035087719 0.028695286195286128 0.034783625730994146
0 0.9385521885521886 0.04018713450292397 0.08379629629629645 0.04728654970760235
0 0.8067424242424243 0.042853801169590644 0.04591750841750838 0.04196491228070175
0 0.8652777777777778 0.04059649122807018 0.05586700336700327 0.04382456140350877
0 0.5920959595959596 0.11433918128654971 0.047828282828282775 0.028116959064327478
0 0.5323148148148148 0.11354385964912281 0.04495791245791253 0.03502923976608186
0 0.46095959595959596 0.11446783625730994 0.07441919191919194 0.030502923976608167
0 0.3959090909090909 0.11446783625730994 0.043813131313131276 0.030502923976608167
0 0.33851851851851855 0.11672514619883041 0.043813131313131276 0.02864327485380118
0 0.28294612794612795 0.1151345029239766 0.04936026936026935 0.021204678362573094
0 0.21856902356902358 0.11287719298245615 0.05260942760942761 0.03369590643274854
0 0.16108585858585858 0.11632748538011695 0.04668350168350167 0.03210526315789473
0 0.10282828282828282 0.11300584795321637 0.054520202020202004 0.036093567251462004
0 0.04438552188552189 0.11433918128654971 0.04285353535353536 0.028116959064327478
1 0.893594276094276 0.11446783625730994 0.18404040404040392 0.04113450292397663
0 0.6932996632996633 0.7935321637426901 0.14692760942760938 0.038292397660818725