0 0.07124475524475524 0.04062713797035348 0.06381118881118882 0.055587229190421895
0 0.13155944055944055 0.042052451539338655 0.05856643356643357 0.049885974914481185
0 0.18575524475524474 0.042759407069555305 0.051573426573426576 0.04846066134549601
0 0.23601398601398602 0.03420752565564424 0.03671328671328671 0.04846066134549601
0 0.2932727272727273 0.03492588369441277 0.05506993006993007 0.04418472063854048
0 0.3557692307692308 0.03420752565564424 0.04020979020979021 0.05131128848346636
0 0.4020979020979021 0.0392018244013683 0.0472027972027972 0.04418472063854048
0 0.4471188811188811 0.0392018244013683 0.04632867132867133 0.05273660205245154
0 0.5319090909090909 0.0392018244013683 0.13374125874125875 0.04133409350057012
0 0.7062937062937062 0.037058152793614595 0.07867132867132867 0.039908779931584946
0 0.774916083916084 0.03563283922462942 0.037587412587412584 0.039908779931584946
0 0.8186223776223777 0.03563283922462942 0.030594405594405596 0.03135689851767389
0 0.8618881118881119 0.03492588369441277 0.02972027972027972 0.029931584948688708
0 0.9034125874125875 0.03492588369441277 0.04283216783216783 0.029931584948688708
0 0.9680979020979021 0.03563283922462942 0.062062937062937064 0.028506271379703536
0 0.9733426573426575 0.11117445838084379 0.039335664335664336 0.037058152793614595
0 0.856993006993007 0.32668187001140253 0.28601398601398603 0.046750285062713795
0 0.739951048951049 0.5565906499429875 0.030594405594405596 0.03278221208665907
0 0.7923986013986015 0.5537400228050171 0.020104895104895104 0.03563283922462942
0 0.8133776223776225 0.6755986316989738 0.1215034965034965 0.04561003420752566
0 0.9361888111888111 0.6684720638540479 0.12412587412587413 0.05986316989737742
0 0.7294615384615385 0.6634891676168757 0.039335664335664336 0.04703534777651083
0 0.1306853146853147 0.13897377423033067 0.05332167832167832 0.1040478905359179
0 0.2543706293706294 0.867309007981756 0.04895104895104895 0.049885974914481185
0 0.5699300699300699 0.8737172177879133 0.02972027972027972 0.03420752565564424
0 0.2618041958041958 0.9521094640820981 0.131993006993007 0.05986316989737742
0 0.09353146853146853 0.9414253135689852 0.12062937062937062 0.055587229190421895
0 0.4291958041958042 0.9506841505131128 0.15384615384615385 0.039908779931584946
0 0.5865384615384616 0.9449828962371721 0.1258741258741259 0.03420752565564424
0 0.9689720279720281 0.7525655644241733 0.04108391608391608 0.019954389965792473