0 0.11777388255915863 0.1182237600922722 0.04710780017528484 0.04325259515570934
0 0.19609991235758106 0.11895040369088812 0.054776511831726556 0.036043829296424454
0 0.2678615249780894 0.11606689734717415 0.06244522348816827 0.027393310265282585
0 0.3604294478527607 0.12110726643598616 0.08545135845749342 0.03460207612456748
0 0.42506573181419804 0.11245674740484429 0.05696757230499562 0.03748558246828143
0 0.5066871165644172 0.12254901960784313 0.08216476774758984 0.040369088811995385
0 0.5800876424189307 0.1182237600922722 0.07120946538124452 0.020184544405997693
0 0.7712532865907099 0.049019607843137254 0.02848378615249781 0.025951557093425604
0 0.827125328659071 0.05118800461361015 0.04382120946538125 0.018742791234140715
1 0.9032690622261176 0.05118800461361015 0.07997370727432077 0.02162629757785467
0 0.09092900964066608 0.1773356401384083 0.04163014899211218 0.02306805074971165
0 0.14954425942156002 0.18166089965397925 0.06901840490797546 0.031718569780853516
0 0.21691498685363717 0.1715686274509804 0.050394390885188434 0.031718569780853516
0 0.28702892199824714 0.1715686274509804 0.05696757230499562 0.02883506343713956
0 0.36098159509202454 0.1773356401384083 0.0492988606485539 0.02306805074971165
0 0.42397020157756354 0.17517877739331025 0.050394390885188434 0.03316032295271049
0 0.5083260297984225 0.17301038062283736 0.08983347940403155 0.025951557093425604
3 0.8490359333917616 0.11895040369088812 0.16432953549517967 0.036043829296424454
0 0.6622524101665206 0.788638985005767 0.036152497808939525 0.05767012687427912
0 0.792068361086766 0.788638985005767 0.21253286590709902 0.05478662053056517
0 0.8769763365468887 0.3575547866205306 0.025197195442594217 0.02883506343713956
0 0.9114811568799299 0.34818915801614764 0.026292725679228746 0.024509803921568627
2 0.8386327782646802 0.16941176470588235 0.1522787028921999 0.03027681660899654
2 0.3637160385626643 0.05190311418685121 0.36809815950920244 0.04325259515570934