0 0.3163265306122449 0.10337243401759531 0.054693877551020405 0.051319648093841645
0 0.38693877551020406 0.1063049853372434 0.053877551020408164 0.04252199413489736
0 0.44693877551020406 0.1092375366568915 0.05142857142857143 0.039589442815249266
0 0.5106122448979592 0.11070381231671554 0.044897959183673466 0.039589442815249266
0 0.6138775510204082 0.10410557184750734 0.1306122448979592 0.03225806451612903
0 0.7710204081632653 0.10043988269794721 0.11836734693877551 0.030791788856304986
0 0.8914285714285715 0.09897360703812316 0.08163265306122448 0.04252199413489736
0 0.5204081632653061 0.02785923753665689 0.03836734693877551 0.026392961876832845
0 0.5946938775510204 0.028592375366568914 0.07102040816326531 0.036656891495601175
0 0.7114285714285714 0.025659824046920823 0.13142857142857142 0.02785923753665689
0 0.8257142857142857 0.02932551319648094 0.054693877551020405 0.02932551319648094
0 0.8824489795918368 0.03372434017595308 0.031020408163265307 0.03812316715542522
0 0.7648979591836734 0.7133431085043989 0.13387755102040816 0.036656891495601175
0 0.3783673469387755 0.9391495601173021 0.04979591836734694 0.08064516129032258