0 0.23961370262390672 0.06563593932322054 0.08564139941690962 0.046674445740956826
0 0.36853498542274055 0.06417736289381563 0.10841836734693877 0.06709451575262544
0 0.5001822157434402 0.07949824970828472 0.1239067055393586 0.04521586931155192
0 0.6555247813411079 0.02844807467911318 0.061042274052478133 0.02479579929988331
0 0.7233965014577259 0.02553092182030338 0.05466472303206997 0.02479579929988331
0 0.8031195335276968 0.026254375729288213 0.09019679300291546 0.03208868144690782
1 0.9129008746355685 0.02407234539089848 0.06924198250728864 0.03938156359393232
0 0.8473032069970845 0.2472345390898483 0.19314868804664723 0.08313885647607934
0 0.8436588921282799 0.36246207701283545 0.1858600583090379 0.07438739789964995
0 0.05739795918367347 0.6198949824970829 0.0728862973760933 0.09626604434072346
0 0.13894314868804664 0.6162543757292882 0.0646865889212828 0.09480746791131855
0 0.21592565597667637 0.6162543757292882 0.0619533527696793 0.09772462077012835
0 0.2983819241982507 0.6213535589264878 0.07744169096209913 0.08751458576429405
0 0.37354227405247814 0.6322987164527422 0.0619533527696793 0.08897316219369895
0 0.44870991253644316 0.6169778296382731 0.0646865889212828 0.07292882147024504
0 0.5402696793002916 0.6206301050175029 0.0728862973760933 0.08605600933488915
0 0.9274781341107872 0.8467094515752626 0.06924198250728864 0.030630105017502917