0 0.5224074074074074 0.04251275510204081 0.0411522633744856 0.019846938775510206
0 0.5795576131687243 0.044642857142857144 0.04343621399176958 0.026926020408163266
0 0.6327160493827161 0.04535714285714286 0.030864197530864196 0.014170918367346939
0 0.685298353909465 0.04392857142857143 0.051440329218107 0.02267857142857143
0 0.7407407407407407 0.04535714285714286 0.048014403292181145 0.02267857142857143
1 0.819619341563786 0.04322704081632653 0.07315843621399166 0.024094387755102042
1 0.9076337448559672 0.04181122448979592 0.07544238683127565 0.021262755102040818
0 0.976224279835391 0.04251275510204081 0.01829218106995882 0.02267857142857143
0 0.20918724279835393 0.3408418367346939 0.027438271604938287 0.03543367346938772
0 0.4566769547325103 0.3429719387755102 0.02629629629629624 0.03117346938775517
0 0.7047325102880658 0.34225765306122446 0.02858024691358022 0.0326020408163265
0 0.9533641975308642 0.33729591836734696 0.022860082304526776 0.03684948979591835
0 0.20862139917695474 0.8042857142857143 0.024002057613168707 0.032602040816326464
0 0.4543930041152264 0.8071173469387755 0.024002057613168766 0.032602040816326464
0 0.7030144032921811 0.8049872448979593 0.025144032921810756 0.03117346938775517
0 0.9539300411522634 0.8049872448979593 0.02629629629629624 0.03117346938775517