3 0.05721269841269842 0.5378541374474053 0.06865396825396826 0.7593969144460029
3 0.5267873015873016 0.5544039270687238 0.6215619047619048 0.13330995792426362
0 0.6441142857142858 0.03876577840112202 0.04405079365079372 0.037054698457223006
0 0.3716952380952381 0.04095371669004207 0.0481460317460317 0.04143057503506311
0 0.31335873015873017 0.033646563814866755 0.02407619047619045 0.03851332398316971
0 0.18737142857142858 0.28342215988779806 0.1173269841269841 0.23417952314165494
0 0.3226222222222222 0.28079943899018234 0.12725079365079367 0.23360448807854137
0 0.4588634920634921 0.28152875175315567 0.1246031746031746 0.2467461430575035
0 0.5927936507936508 0.2807994389901823 0.12659047619047611 0.24528751753155675
0 0.7249333333333333 0.2818092566619916 0.12367619047619045 0.2520056100981767
0 0.8603873015873015 0.27743338008415147 0.12473650793650796 0.24323983169705468
0 0.8910730158730159 0.9080504908835906 0.0591301587301588 0.048204768583450054
0 0.5572126984126984 0.778485273492286 0.03690793650793658 0.041514726507713755
0 0.5043682539682539 0.7762973352033661 0.06217142857142862 0.06050490883590477
0 0.8941142857142858 0.03715287517531556 0.0572761904761905 0.05486676016830294
2 0.807936507936508 0.03997194950911641 0.26222222222222225 0.07994389901823282
1 0.2634285714285714 0.04270687237026648 0.04986666666666664 0.06130434782608696