0 0.9366786140979689 0.22200883002207503 0.021505376344086023 0.028322295805739542
0 0.6321744324970131 0.3830022075055188 0.3652927120669056 0.04566225165562914
0 0.6827956989247311 0.10902869757174392 0.06332138590203107 0.02532008830022075
0 0.546594982078853 0.11068432671081678 0.06571087216248507 0.033046357615894036
0 0.4111469534050179 0.10820088300220751 0.05465949820788531 0.03249448123620309
0 0.27628434886499403 0.1088962472406181 0.044802867383512544 0.033874172185430464
1 0.05585424133811231 0.10972406181015452 0.0937873357228196 0.026699779249448122
0 0.9375746714456392 0.06019867549668874 0.02927120669056153 0.029194260485651217
0 0.8873954599761051 0.05895143487858719 0.03643966547192354 0.028918322295805734
0 0.8376702508960573 0.05937086092715232 0.035543608124253286 0.025331125827814573
0 0.9160692951015532 0.16269315673289184 0.06989247311827956 0.02006622516556292
0 0.6529271206690561 0.9576931567328918 0.027479091995221028 0.016247240618101576
0 0.5949820788530465 0.9561810154525385 0.03106332138590203 0.02204194260485654
3 0.20489844683393071 0.6569646799116998 0.3859020310633214 0.07703090507726265
3 0.20579450418160095 0.5903421633554085 0.3847072879330944 0.03650110375275931