0 0.06773399014778325 0.037058152793614595 0.06157635467980296 0.037058152793614595
0 0.1323926812104152 0.03135689851767389 0.04838142153413089 0.037058152793614595
0 0.18824771287825476 0.03278221208665907 0.04926108374384237 0.037058152793614595
0 0.2383884588318086 0.03350057012542759 0.04926108374384237 0.029931584948688708
0 0.28764954257565095 0.03420752565564424 0.04046446164672766 0.02565564424173318
0 0.3562631949331457 0.03420752565564424 0.04398311048557354 0.028506271379703536
0 0.4033286418015482 0.036351197263397944 0.03430682617874736 0.029931584948688708
0 0.4367558057705841 0.03350057012542759 0.041344123856439124 0.027080957810718353
0 0.5093244194229416 0.03350057012542759 0.08268824771287825 0.024230330672748
0 0.7120900774102745 0.03278221208665907 0.0747712878254751 0.02280501710376283
0 0.7789444053483463 0.03420752565564424 0.03254750175932442 0.011402508551881414
0 0.8224841660802252 0.03207525655644241 0.03342716396903589 0.021379703534777646
0 0.8607529908515131 0.02993158494868871 0.025510204081632654 0.019954389965792473
0 0.9060520760028149 0.03207525655644241 0.05102040816326531 0.018529076396807294
0 0.97009148486981 0.03819840364880274 0.059817030260380016 0.039908779931584946
0 0.9788881069669247 0.10832383124287344 0.0422237860661506 0.02280501710376283
0 0.8592540464461647 0.3848346636259977 0.28149190710767064 0.046750285062713795
0 0.7639901477832514 0.6100342075256556 0.07301196340605208 0.037058152793614595
0 0.8202885292047855 0.7319042189281642 0.12579169598874032 0.05273660205245154
0 0.9377199155524278 0.7326111744583809 0.10907811400422238 0.04561003420752566
0 0.982054890921886 0.8188483466362599 0.03589021815622801 0.02708095781071836
0 0.729683321604504 0.7276282782212087 0.023750879662209713 0.03278221208665907
0 0.1323926812104152 0.1375484606613455 0.04662209711470795 0.08694412770809579
0 0.0932441942294159 0.9499771949828962 0.16009852216748768 0.04703534777651083
0 0.25202674173117523 0.948551881413911 0.1451442646023927 0.04703534777651083
0 0.437192118226601 0.9457012542759407 0.14602392681210416 0.04703534777651083
0 0.6175228712174525 0.9528278221208666 0.14954257565095003 0.04418472063854048
0 0.23399014778325122 0.8566134549600912 0.09500351864883885 0.03135689851767389
1 0.8488740323715693 0.9635119726339795 0.09500351864883885 0.037058152793614595