0 0.07254901960784314 0.12542128603104213 0.06470588235294118 0.04018847006651885
0 0.1392156862745098 0.11502217294900222 0.047058823529411764 0.04988913525498891
0 0.20098039215686275 0.12888026607538802 0.054901960784313725 0.02771618625277162
0 0.25 0.12472283813747229 0.043137254901960784 0.03325942350332594
0 0.30196078431372547 0.1198780487804878 0.027450980392156862 0.026330376940133036
0 0.3563764705882353 0.12403547671840354 0.06764705882352941 0.03741685144124168
0 0.4215686274509804 0.11779379157427938 0.058823529411764705 0.03325942350332594
0 0.519121568627451 0.12126385809312638 0.11078431372549019 0.03187361419068736
0 0.6843137254901961 0.039501108647450114 0.13333333333333333 0.04018847006651885
0 0.8068627450980392 0.04711751662971175 0.06274509803921569 0.06097560975609756
0 0.8593176470588236 0.041574279379157426 0.03627450980392157 0.04711751662971175
0 0.9024549019607844 0.04227272727272727 0.04215686274509804 0.062361419068736136
0 0.9475529411764707 0.035343680709534364 0.04411764705882353 0.051274944567627496
0 0.8181411764705884 0.1268070953436807 0.05588235294117647 0.03187361419068736
0 0.8789254901960785 0.12056541019955654 0.05784313725490196 0.03603104212860311
0 0.9446117647058825 0.12403547671840354 0.06372549019607843 0.04573170731707317
0 0.8666666666666667 0.24737250554323725 0.03529411764705882 0.023558758314855877
0 0.9132392156862746 0.23490022172949002 0.030392156862745098 0.03741685144124168
0 0.9495137254901962 0.23490022172949002 0.016666666666666666 0.03187361419068736
0 0.5838274509803921 0.4801884700665188 0.11274509803921569 0.0291019955654102
0 0.553435294117647 0.5432372505543237 0.08137254901960785 0.02771618625277162
0 0.6470588235294118 0.5356208425720621 0.07647058823529412 0.03464523281596452
0 0.7392156862745098 0.5307649667405765 0.07647058823529412 0.03048780487804878
0 0.8318666666666668 0.5460088691796009 0.09901960784313725 0.038802660753880266
0 0.9274509803921569 0.542549889135255 0.0784313725490196 0.04296008869179601
0 0.5671607843137255 0.5841241685144124 0.11862745098039215 0.03464523281596452
3 0.4823529411764706 0.833569844789357 0.9372549019607843 0.12888026607538802
2 0.37549019607843137 0.04850332594235033 0.3058823529411765 0.04711751662971175
0 0.4843137254901961 0.4275277161862528 0.03333333333333333 0.04018847006651885
0 0.03186666666666667 0.4143569844789357 0.03627450980392157 0.041574279379157426