0 0.11574074074074074 0.12861736334405144 0.029239766081871343 0.02947481243301179
0 0.16325536062378168 0.13129689174705253 0.043859649122807015 0.02947481243301179
0 0.21198830409356725 0.1319721329046088 0.029239766081871343 0.02277599142550911
0 0.2680311890838207 0.13331189710610933 0.043859649122807015 0.02277599142550911
0 0.3216374269005848 0.13665594855305466 0.03898635477582846 0.024115755627009645
0 0.37280701754385964 0.13129689174705253 0.03898635477582846 0.01607717041800643
0 0.7803411306042884 0.07234726688102894 0.042641325536062376 0.05627009646302251
0 0.8363840155945419 0.07168274383708467 0.030458089668615983 0.0522508038585209
0 0.8985185185185185 0.07168274383708467 0.045077972709551654 0.05760986066452305
0 0.9618713450292398 0.07234726688102894 0.045077972709551654 0.04823151125401929
0 0.8400389863547758 0.40862808145766344 0.10112085769980507 0.02947481243301179
0 0.8814619883040936 0.2692926045016077 0.028021442495126704 0.03215434083601286
0 0.6201267056530214 0.8038585209003215 0.01949317738791423 0.021436227224008574
0 0.668859649122807 0.8085530546623794 0.024366471734892786 0.02009646302250804
0 0.5305847953216374 0.9472132904608789 0.042641325536062376 0.04823151125401929
0 0.6408382066276803 0.94989281886388 0.15594541910331383 0.05091103965702037
0 0.8107992202729045 0.9465487674169346 0.16447368421052633 0.04421221864951769
0 0.19736842105263158 0.7020364415862809 0.05360623781676413 0.05627009646302251
0 0.25524366471734894 0.7013719185423365 0.05482456140350877 0.05760986066452305
0 0.31494152046783624 0.7033762057877814 0.05726120857699805 0.06162915326902465
1 0.13767056530214425 0.1862272240085745 0.09990253411306042 0.02679528403001072
1 0.24366471734892786 0.18690246516613077 0.0682261208576998 0.02009646302250804
1 0.3496588693957115 0.18488745980707397 0.09990253411306042 0.021436227224008574
1 0.8107992202729045 0.4622186495176849 0.1425438596491228 0.02679528403001072
0 0.8284600389863548 0.5908360128617364 0.1145224171539961 0.024115755627009645
2 0.518401559454191 0.07034297963558413 0.2887426900584795 0.04153269024651661