0 0.82 0.31216216216216214 0.1990968801313629 0.04054054054054054
0 0.8230706075533661 0.39054054054054055 0.20114942528735633 0.04054054054054054
0 0.8189655172413793 0.47365405405405403 0.20114942528735633 0.03918918918918919
0 0.8169129720853858 0.5574378378378378 0.19293924466338258 0.03648648648648649
0 0.82 0.6391891891891892 0.20320197044334976 0.03513513513513514
0 0.8179474548440065 0.722972972972973 0.21141215106732347 0.03783783783783784
0 0.8210180623973727 0.8020324324324324 0.18883415435139572 0.03918918918918919
0 0.8220525451559935 0.8858162162162162 0.1990968801313629 0.041891891891891894
0 0.8148604269293924 0.9648648648648649 0.17651888341543515 0.043243243243243246
0 0.19704433497536947 0.07702702702702703 0.10262725779967159 0.02972972972972973
0 0.3222495894909688 0.07432432432432433 0.1272577996715928 0.03783783783783784