0 0.21040550879877581 0.031147161066048663 0.05355776587605203 0.03910776361529548
0 0.2591813312930375 0.031147161066048663 0.03825554705432287 0.033314020857473925
0 0.3089135424636572 0.036210892236384705 0.04399387911247131 0.02607184241019699
0 0.3615149196633512 0.033314020857473925 0.05547054322876817 0.02607184241019699
0 0.42703136954858456 0.03186558516801854 0.041124713083397095 0.03476245654692932
0 0.4934965570007651 0.03186558516801854 0.051644988523335884 0.03186558516801854
0 0.7311629686304514 0.03476245654692932 0.021996939556235655 0.03186558516801854
0 0.7598546289211936 0.03259559675550405 0.03347360367253252 0.0362108922363847
0 0.8569242540168325 0.03476245654692932 0.08990053557765876 0.03476245654692932
0 0.5370160673297628 0.454090382387022 0.03921193573068095 0.033314020857473925
0 0.5886610558530987 0.4519119351100811 0.043037490436113233 0.03476245654692932
0 0.7765876052027544 0.10428736964078796 0.14919663351185922 0.04055619930475087
4 0.877008416220352 0.10428736964078796 0.03442999234889059 0.046349942062572425
1 0.46528691660290744 0.23103128621089222 0.26683244070390205 0.03910776361529548
2 0.4676740627390972 0.32879490150637314 0.265876052027544 0.13035921205098494
3 0.46719969395562355 0.29837775202781 0.30508798775822493 0.3707995365005794
1 0.3954705432287682 0.7408806488991889 0.1635424636572303 0.033314020857473925
0 0.39642693190512623 0.8118539976825029 0.22666411629686303 0.04490150637311703