0 0.11465986394557823 0.10503225806451613 0.09082482993197279 0.03764516129032257
0 0.27587585034013606 0.09686021505376344 0.048818027210884324 0.04280645161290323
0 0.33411564625850343 0.09777419354838711 0.05597789115646262 0.03540860215053764
0 0.3926360544217687 0.09490322580645162 0.051539115646258515 0.03275268817204302
0 0.4465731292517006 0.09420430107526882 0.045229591836734744 0.031365591397849446
3 0.5917772108843536 0.19152688172043011 0.6733333333333332 0.12153763440860213
3 0.5945918367346938 0.3530752688172043 0.6765391156462586 0.06368817204301078
0 0.11538265306122449 0.18936559139784948 0.06068877551020409 0.02811827956989245
0 0.12819727891156463 0.2199247311827957 0.08574829931972791 0.02710752688172041
0 0.11936224489795919 0.24927956989247313 0.06808673469387755 0.022999999999999986
0 0.11391156462585035 0.2778279569892473 0.05934523809523811 0.025473118279569922
0 0.11700680272108843 0.3078064516129032 0.059056122448979585 0.022612903225806422
0 0.13079931972789116 0.334247311827957 0.08447278911564628 0.03179569892473123
0 0.12205782312925169 0.4163548387096774 0.06268707482993197 0.023946236559139765
0 0.11681122448979592 0.4461505376344086 0.04570578231292517 0.028903225806451608
0 0.11813775510204082 0.4748817204301075 0.05482993197278913 0.0235591397849462
0 0.11558673469387756 0.5060967741935484 0.05404761904761905 0.023182795698924674
0 0.1323214285714286 0.5359569892473118 0.08535714285714285 0.025537634408602152
0 0.11774659863945579 0.6152043010752688 0.04972789115646259 0.02836559139784958
0 0.11681122448979592 0.6457419354838709 0.04570578231292517 0.02935483870967737
1 0.3111139455782313 0.48780645161290326 0.09089285714285714 0.03030107526881715
1 0.3120493197278912 0.5295161290322581 0.09491496598639457 0.026311827956989275
1 0.31155612244897957 0.5691075268817204 0.093937074829932 0.02903225806451613
1 0.31366496598639454 0.612 0.09167517006802717 0.03013978494623653
1 0.31327380952380957 0.6718279569892472 0.08657312925170073 0.029623655913978447
1 0.3138605442176871 0.7140322580645161 0.08342687074829933 0.03209677419354829
1 0.3158758503401361 0.7543763440860216 0.085297619047619 0.030849462365591458
1 0.32022959183673466 0.8135483870967742 0.08479591836734696 0.03523655913978493
1 0.3201105442176871 0.855225806451613 0.08988095238095242 0.0355376344086021
1 0.32095238095238093 0.896494623655914 0.08979591836734696 0.030526881720430214
1 0.3201105442176871 0.9359784946236559 0.08988095238095242 0.03317204301075259
1 0.32176020408163264 0.9781612903225807 0.09141156462585034 0.034483870967741866