0 0.4755743024010383 0.037629083245521604 0.025957170668397145 0.02709167544783983
0 0.5112654120700844 0.038387776606954686 0.017611940298507527 0.016554267650158057
0 0.5427839065541855 0.04064278187565859 0.03430240103828676 0.018061116965226554
0 0.6169435431537963 0.037629083245521604 0.09363400389357558 0.018061116965226554
0 0.6901817001946787 0.0353740779768177 0.01946787800129786 0.01956796628029505
0 0.13395846852693058 0.0368809272918862 0.01946787800129786 0.019567966280295043
0 0.15944841012329655 0.037629083245521604 0.016683971447112252 0.018061116965226554
0 0.18957819597663852 0.0368809272918862 0.02688513951979231 0.016554267650158067
0 0.2201752109020117 0.04289778714436249 0.01946787800129786 0.01053740779768177
0 0.25076573653471773 0.03913593256059009 0.02688513951979231 0.015057955742887244
0 0.06628163530175211 0.11214963119072709 0.05469824789097988 0.02859852476290831
0 0.14137573004542506 0.11064278187565858 0.05469824789097988 0.01956796628029504
0 0.22341985723556135 0.11440463645943097 0.053770279039584694 0.03010537407797681
0 0.29294613887086307 0.10838777660695469 0.05747566515249841 0.024088514225500512
0 0.36942894224529527 0.10989462592202319 0.05098637248539905 0.02709167544783984
0 0.4343218689162881 0.1128977871443625 0.06767683322517844 0.03010537407797681
0 0.5158987670343933 0.1128977871443625 0.03430240103828676 0.015057955742887241
0 0.5817196625567813 0.11516332982086408 0.06952628163530182 0.02859852476290834
0 0.6948150551589877 0.10010537407797682 0.10475665152498374 0.03762908324552161
1 0.8162621674237508 0.3823603793466807 0.08992212848799491 0.01806111696522654
0 0.9840558079169371 0.38536354056902 0.01761194029850738 0.015057955742887211
0 0.12700194678780014 0.5968703898840885 0.1483257624918884 0.06171759747102206
0 0.29850746268656714 0.6074077976817702 0.14832576249188834 0.04667017913593252
0 0.49318624269954575 0.6013804004214963 0.14462037637897476 0.05268703898840885
0 0.6632965606748864 0.6119178082191781 0.11773523685918239 0.04365648050579564
0 0.6118494484101233 0.4869757639620653 0.06489292667099286 0.04667017913593252
3 0.8833290071382219 0.27171759747102214 0.23333549643088913 0.24837723919915705