0 0.9560305958132046 0.06231026785714285 0.05837359098228664 0.08137276785714286
0 0.8941787439613526 0.060279017857142854 0.0517874396135267 0.07529017857142857
0 0.8293075684380032 0.058504464285714285 0.04830917874396135 0.07377232142857142
0 0.9500805152979066 0.15425223214285716 0.04830917874396135 0.021752232142857153
0 0.8906119162640903 0.15437499999999998 0.04281803542673095 0.024029017857142843
0 0.4947101449275362 0.15564732142857143 0.06898550724637686 0.03671874999999999
0 0.4265539452495974 0.15539062499999998 0.036964573268921115 0.04229910714285713
0 0.372109500805153 0.15754464285714284 0.04337359098228664 0.04051339285714287
0 0.30513687600644124 0.1496875 0.0631320450885668 0.05117187500000001
0 0.24859098228663445 0.15754464285714284 0.02690016103059579 0.030368303571428563
0 0.20842995169082126 0.15628348214285714 0.03257648953301128 0.027834821428571428
0 0.1536231884057971 0.1584375 0.06020128824476649 0.03620535714285714
2 0.30678743961352656 0.05965401785714286 0.35554750402576485 0.06388392857142858
1 0.33011272141706927 0.22450892857142857 0.1405394524959742 0.02832589285714285
1 0.1768599033816425 0.22666294642857143 0.139621578099839 0.02655133928571431
0 0.9714009661835749 0.44705357142857144 0.023244766505635985 0.03714285714285711
0 0.9439533011272142 0.5018303571428572 0.07814009661835764 0.03915178571428576
0 0.9427616747181965 0.5695535714285713 0.0775925925925925 0.02036830357142851
1 0.7616022544283414 0.8863169642857143 0.43258454106280203 0.05121651785714297
0 0.046022544283413847 0.33571428571428574 0.064597423510467 0.09245535714285717
0 0.04501610305958132 0.43575892857142856 0.06807568438003221 0.08761160714285714
0 0.0471256038647343 0.536953125 0.06679549114331722 0.09315848214285717
0 0.04748792270531401 0.6342187499999999 0.06752012882447665 0.0888169642857142
0 0.046119162640901774 0.7402232142857142 0.07026570048309178 0.08981026785714288
0 0.04739935587761675 0.7988169642857142 0.025249597423510465 0.018270089285714164
0 0.04922705314009662 0.2754799107142857 0.02159420289855072 0.022734374999999973
0 0.040080515297906606 0.15690848214285716 0.03257648953301128 0.049397321428571415