0 0.6959982788296041 0.9863754427390792 0.19617900172117042 0.02724911452184171
0 0.8998967297762479 0.9863754427390792 0.195197934595525 0.02724911452184171
1 0.7985886402753873 0.8163164108618653 0.39938898450946647 0.0885478158205431
0 0.1029776247848537 0.11877213695395512 0.058485370051635094 0.024356552538370716
0 0.16204819277108434 0.11796930342384888 0.05143717728055076 0.031334120425029505
0 0.152263339070568 0.04499409681227863 0.06317555938037862 0.04852420306965761
0 0.9719707401032702 0.7055135773317592 0.024449225473321734 0.03652892561983478
0 0.2235628227194492 0.1162219598583235 0.05515490533562825 0.03213695395513577
0 0.3473666092943201 0.11917355371900826 0.04067986230636832 0.031605667060212526
0 0.21876936316695356 0.04083825265643448 0.03970740103270225 0.0380637544273908
0 0.28966437177280546 0.117827626918536 0.062194492254733204 0.039645808736717844
0 0.47146299483648885 0.12051948051948051 0.08351979345955246 0.034285714285714274
0 0.2954388984509467 0.04566706021251476 0.09134251290877796 0.04987012987012986
2 0.5656454388984509 0.04029515938606848 0.25817555938037867 0.04987012987012986
0 0.4012478485370052 0.11527744982290437 0.048700516351118786 0.036706021251475804
0 0.5465748709122203 0.1164935064935065 0.045963855421686815 0.02623376623376623
0 0.9867211703958692 0.28309327036599763 0.026557659208261728 0.04174734356552537
0 0.6006540447504303 0.1164935064935065 0.04264199655765917 0.03696576151121606
0 0.7678829604130809 0.038417945690672965 0.04459552495697069 0.037532467532467535
0 0.9536833046471601 0.2923494687131051 0.03285714285714272 0.05811097992916178
0 0.7196643717728055 0.03962219598583235 0.036187607573149705 0.03779220779220778
0 0.8823924268502581 0.04149940968122786 0.05652323580034419 0.05014167650531287
0 0.8212736660929433 0.04109799291617474 0.053597246127366584 0.04289256198347107
0 0.9577969018932875 0.03801652892561984 0.08410499139414804 0.051747343565525385
1 0.904104991394148 0.11327036599763872 0.17740103270223742 0.043400236127508846