0 0.9574128827877507 0.06179327521793275 0.02288278775079205 0.02537982565379825
0 0.9502639915522703 0.17424657534246574 0.01957761351636744 0.02612702366127026
0 0.9139598732840549 0.06062266500622664 0.048183738120380265 0.04587795765877957
0 0.8477402323125659 0.062440846824408466 0.0609398099260824 0.02668742216687423
0 0.7682154171066525 0.06049813200498132 0.09328405491024279 0.0435491905354919
0 0.6887961985216473 0.06179327521793275 0.026842661034846962 0.02537982565379825
2 0.5174234424498416 0.0646450809464508 0.38366420274551205 0.0352428393524284
1 0.2869799366420274 0.062826899128269 0.061383315733896514 0.023312577833125778
0 0.2336325237592397 0.0634744707347447 0.03608236536430836 0.024607721046077217
0 0.1786378035902851 0.0634744707347447 0.05807814149947202 0.024607721046077217
0 0.0982259767687434 0.06140722291407223 0.08865892291446674 0.018381070983810716
0 0.6092713833157339 0.3359900373599004 0.05214361140443517 0.017521793275217995
0 0.6418268215417106 0.3097882938978829 0.02046462513199589 0.023237858032378576
0 0.03563885955649419 0.15024906600249066 0.037835269271383316 0.046625155666251555
0 0.03541710665258711 0.19824408468244084 0.041795142555438224 0.0492154420921544
0 0.029704329461457235 0.24933997509339975 0.03915522703273495 0.04556662515566622
0 0.03289334741288279 0.3035616438356164 0.03454065469904962 0.04606475716064758
0 0.031246040126715943 0.35427148194271485 0.037835269271383316 0.045790784557907825
0 0.031024287222808873 0.4099128268991283 0.041795142555438224 0.04084682440846819
0 0.03179514255543823 0.4637359900373599 0.036737064413938744 0.04471980074719797
0 0.03344244984160507 0.5165255292652553 0.042238648363252376 0.05067247820672485
0 0.031457233368532206 0.5682814445828144 0.04268215417106653 0.04833125778331265
0 0.7100316789862724 0.5580323785803238 0.33285110876451957 0.040286425902864284
1 0.6098204857444561 0.4972104607721046 0.05984160506863788 0.02448318804483184
0 0.27664202745512145 0.38241594022415937 0.04686378035902851 0.054346201743462