0 0.20220588235294118 0.06453423120089787 0.10813148788927336 0.03647586980920314
0 0.44009515570934254 0.21114478114478114 0.05190311418685121 0.04349046015712683
0 0.8747837370242214 0.21184062850729518 0.06055363321799308 0.03647586980920314
0 0.8726211072664359 0.15993265993265993 0.07569204152249134 0.03928170594837262
0 0.8682958477508651 0.4012345679012346 0.08001730103806229 0.014029180695847363
0 0.6725778546712803 0.47558922558922556 0.03676470588235294 0.02244668911335578
0 0.905060553633218 0.48611672278338947 0.02378892733564014 0.03226711560044893
0 0.6996107266435986 0.7428507295173962 0.06271626297577855 0.09118967452300786
0 0.759083044982699 0.7470594837261504 0.04757785467128028 0.08838383838383838
0 0.8147750865051903 0.7477553310886644 0.04649653979238754 0.07575757575757576
0 0.8737024221453287 0.7491582491582491 0.05190311418685121 0.07295173961840629
0 0.8737024221453287 0.6719977553310886 0.06055363321799308 0.03367003367003367
0 0.7174567474048443 0.8992704826038159 0.07244809688581315 0.028058361391694726
0 0.8142301038062284 0.8978675645342312 0.06920415224913495 0.03367003367003367
0 0.7125865051903114 0.9329405162738497 0.07569204152249134 0.03928170594837262
0 0.8472145328719725 0.9490796857463524 0.12651384083044992 0.04349046015712683
0 0.7217820069204153 0.9792368125701459 0.11570069204152249 0.03367003367003367
0 0.856401384083045 0.9834455667789002 0.08434256055363322 0.025252525252525252