0 0.02952380952380952 0.0235531914893617 0.025669362084456422 0.028872340425531915
0 0.07829290206648697 0.02127659574468085 0.06160826594788858 0.030393617021276593
0 0.1315633423180593 0.019 0.037223719676549874 0.022797872340425532
0 0.1893171608265948 0.022797872340425532 0.057762803234501364 0.02127659574468085
0 0.25221024258760105 0.022797872340425532 0.02182389937106915 0.01823404255319149
0 0.30355795148247977 0.025074468085106383 0.05262353998203059 0.019755319148936173
0 0.38505840071877806 0.0235531914893617 0.06930817610062892 0.01975531914893617
0 0.4729829290206648 0.024319148936170213 0.07316262353998208 0.01823404255319149
0 0.5371608265947889 0.027351063829787234 0.029523809523809435 0.02127659574468085
0 0.5859299191374663 0.022031914893617024 0.047493261455525515 0.01975531914893617
0 0.6475381850853549 0.022031914893617024 0.044923629829290206 0.01671276595744681
0 0.8567565139263253 0.0235531914893617 0.01925426774483384 0.028872340425531915
0 0.8882030548068285 0.024319148936170213 0.025669362084456367 0.027351063829787237
0 0.9215723270440251 0.026595744680851064 0.023099730458221057 0.022797872340425535
0 0.9632884097035042 0.022031914893617024 0.02182389937106915 0.022797872340425532
0 0.11230907457322552 0.18541489361702126 0.19124887690925427 0.07598936170212767
0 0.3048427672955975 0.18692553191489364 0.1835489667565139 0.07598936170212767
0 0.49736747529200365 0.18617021276595744 0.18097933513027858 0.0714255319148936
0 0.6950314465408806 0.18464893617021275 0.19637915543575915 0.07446808510638298
0 0.8920575022461815 0.18617021276595744 0.17712488769092552 0.08358510638297871