1 0.2391898148148148 0.19327731092436976 0.424375 0.022411764705882367
1 0.23534722222222226 0.2577058823529412 0.37037037037037035 0.03361344537815126
1 0.31442129629629634 0.3382352941176471 0.5516898148148148 0.018210084033613412
1 0.32407407407407407 0.38445378151260506 0.563263888888889 0.02100840336134454
1 0.32407407407407407 0.42016806722689076 0.5709953703703703 0.022411764705882367
1 0.32407407407407407 0.4593865546218487 0.563263888888889 0.025210084033613446
1 0.33951388888888884 0.49930252100840333 0.6095601851851852 0.02380672268907557
1 0.4224537037037037 0.542016806722689 0.7523148148148148 0.025210084033613446
1 0.43789351851851843 0.5812352941176471 0.7754629629629629 0.022411764705882416
1 0.4648842592592593 0.622546218487395 0.8294675925925925 0.026613445378151322
1 0.45717592592592593 0.6652689075630251 0.8449074074074074 0.03081512605042023
1 0.3819444444444444 0.7065798319327732 0.6635879629629632 0.035016806722689135
1 0.24497685185185183 0.7906134453781513 0.4436805555555555 0.026613445378151322
1 0.30284722222222227 0.8277310924369747 0.5285416666666666 0.025210084033613446
0 0.4841898148148147 0.9677899159663866 0.9606481481481481 0.04201680672268908