0 0.0344625 0.0946694648478489 0.0632375 0.026894018887722974
0 0.4466375 0.03832109129066107 0.08611249999999998 0.031301154249737666
0 0.5334749999999999 0.039139559286463795 0.08122500000000002 0.026946484784889826
0 0.899975 0.04029380902413431 0.04280000000000001 0.038247639034627495
0 0.9627125 0.03886673662119622 0.05039999999999992 0.03838405036726128
0 0.900625 0.10093389296956978 0.05123750000000001 0.03960125918153201
0 0.9593 0.09520461699895069 0.05072499999999991 0.04014690451206715
0 0.7690625 0.40069254984260233 0.14882499999999993 0.03951731374606503
0 0.80365 0.5326547743966422 0.053700000000000046 0.042612801678908664
3 0.26760000000000006 0.5005036726128017 0.21375000000000002 0.044260230849947485
0 0.33635 0.5001678908709339 0.04054999999999996 0.028593913955928647
0 0.1767125 0.9555299055613851 0.06769999999999998 0.05790136411332641
0 0.27986249999999996 0.9557397691500525 0.12756249999999997 0.04931794333683106
0 0.597075 0.9578488982161596 0.47983750000000003 0.05054564533053523
0 0.8169625 0.8510912906610704 0.030324999999999987 0.03790136411332622