0 0.26516102394715113 0.07234643734643735 0.08074318744838974 0.04914004914004914
0 0.34222956234516927 0.07098280098280098 0.06972749793559037 0.03821867321867323
0 0.8152105697770438 0.07302211302211302 0.03211395540875318 0.0586977886977887
0 0.8482411230388109 0.07507371007371007 0.02477291494632535 0.05733415233415233
0 0.8831048720066061 0.07165847665847666 0.03578034682080919 0.06687960687960688
0 0.8152105697770438 0.006830466830466829 0.02477291494632535 0.013648648648648648
0 0.8468703550784475 0.006142506142506142 0.018348472336911573 0.012285012285012284
0 0.8789760528488852 0.004778869778869779 0.034863748967795045 0.009557739557739559
0 0.07431874483897605 0.14536855036855037 0.027522708505367453 0.03412776412776413
0 0.1486374896779521 0.14673218673218674 0.10826589595375724 0.031400491400491407
0 0.23809248554913293 0.14673218673218674 0.059636663914120584 0.031400491400491407
0 0.3082824112303881 0.14332923832923833 0.05872006606110654 0.04094594594594596
0 0.38168455821635017 0.14264127764127763 0.07340214698596201 0.031400491400491386
0 0.45508670520231215 0.144004914004914 0.0513790255986788 0.036855036855036855
0 0.5174814203137902 0.14605651105651105 0.053212221304706896 0.019115479115479117
0 0.5798678777869529 0.1521990171990172 0.04403798513625097 0.028660933660933675
0 0.6656564822460777 0.14605651105651107 0.057803468208092484 0.03002457002457004
0 0.953757225433526 0.41085995085995086 0.07431874483897605 0.04368550368550376
0 0.953757225433526 0.45454545454545453 0.06331131296449222 0.030024570024570093
0 0.950545004128819 0.4934520884520885 0.04220478943022306 0.017739557739557807
0 0.9487118084227911 0.5917321867321867 0.034863748967795045 0.05323095823095828
0 0.8464079273327828 0.7486977886977888 0.03028075970272508 0.04504914004914014
0 0.8826507018992569 0.7466584766584766 0.029364161849710937 0.040945945945945854
0 0.5463831544178365 0.8210442260442261 0.1367134599504541 0.05050368550368538
0 0.6895127993393889 0.8217321867321867 0.1293724194880265 0.04641277641277638
0 0.25919900908340215 0.816953316953317 0.12937241948802639 0.04504914004914014
0 0.3986622625928984 0.8210442260442261 0.1367134599504541 0.047776412776412897
0 0.3335177539223782 0.7514373464373464 0.1954335260115607 0.04504914004914014
0 0.617027250206441 0.7473341523341523 0.16240297274979362 0.02047911547911557
0 0.8771428571428571 0.4873095823095823 0.031197357555739224 0.04914004914004914
0 0.0706523534269199 0.48457002457002457 0.036696944673823284 0.040945945945946
0 0.3711312964492155 0.21567567567567567 0.017431874483897616 0.02184275184275181
2 0.6950206440957887 0.21293611793611794 0.39911643270024777 0.035491400491400475
3 0.33030553261767137 0.5657985257985259 0.27709331131296444 0.5500982800982801
3 0.6151940545004129 0.563058968058968 0.28535094962840624 0.5473710073710074