1 0.12554585152838427 0.10854816824966079 0.2122707423580786 0.039199457259158736
1 0.16254366812227072 0.21633649932157395 0.20135371179039302 0.031655359565807305
1 0.1916593886462882 0.3625780189959295 0.26685589519650654 0.031655359565807346
1 0.2025764192139738 0.5073134328358209 0.28868995633187766 0.04672998643147904
1 0.19893013100436682 0.6520488466757124 0.259585152838428 0.02864314789687926
1 0.18922489082969435 0.7997829036635008 0.25716157205240175 0.04371777476255092
1 0.1843777292576419 0.9437720488466756 0.2450218340611354 0.05126187245590227
0 0.8175655021834061 0.27287652645861604 0.0727838427947599 0.03014925373134332
0 0.8303056768558952 0.41986431478968794 0.08612445414847172 0.025630936227951134
0 0.8218122270742357 0.5615875169606512 0.07157205240174666 0.03165535956580738
0 0.8212008733624454 0.713853459972863 0.06550218340611354 0.03165535956580723
0 0.8254475982532751 0.8593351424694708 0.07884279475982536 0.03618724559023077