2 0.419921875 0.028414634146341457 0.4123263888888889 0.051274944567627496
0 0.026041666666666668 0.08939024390243902 0.0390625 0.051274944567627496
0 0.1150173611111111 0.08800443458980044 0.12803819444444445 0.03741685144124168
0 0.7074652777777778 0.025643015521064298 0.08463541666666667 0.051274944567627496
0 0.7948177083333333 0.025643015521064298 0.0705295138888889 0.051274944567627496
0 0.8783680555555556 0.02980044345898004 0.07269965277777787 0.05958980044345898
0 0.95703125 0.10670731707317073 0.078125 0.05543237250554324
0 0.9559461805555556 0.3630820399113082 0.08463541666666667 0.04434589800443459
0 0.8696875000000001 0.35269401330376937 0.07921006944444454 0.03187361419068736
0 0.49859375 0.6271729490022173 0.15449652777777778 0.06790465631929046
0 0.6646267361111111 0.6271729490022173 0.1534895833333333 0.06534368070953443
0 0.8301562499999999 0.6220509977827051 0.15749999999999995 0.06534368070953443
3 0.8276475694444445 0.6867516629711752 0.1725520833333334 0.06405764966740574
0 0.036119791666666665 0.8539578713968957 0.04614583333333333 0.0499667405764966
0 0.885329861111111 0.8462749445676275 0.043133680555555505 0.0499667405764966