0 0.11564079422382671 0.12092074592074592 0.154557761732852 0.03787878787878788
0 0.2859927797833935 0.3744172494172494 0.2019404332129964 0.05244755244755245
0 0.7620758122743683 0.05609557109557109 0.08461191335740072 0.05681818181818181
0 0.8478158844765343 0.056818181818181816 0.06430505415162455 0.0641025641025641
0 0.9467509025270758 0.059009324009324 0.10649819494584838 0.05681818181818181
0 0.5121841155234657 0.9557109557109557 0.9296028880866426 0.05244755244755245
0 0.11451263537906137 0.7087762237762237 0.1523014440433213 0.21707459207459207
0 0.26681407942238267 0.7044055944055944 0.1500451263537906 0.2229020979020979
0 0.425884476534296 0.7014918414918415 0.14101985559566788 0.23455710955710957
0 0.5821299638989169 0.7065850815850816 0.13312274368231047 0.23601398601398602
0 0.7457129963898917 0.700034965034965 0.1466606498194946 0.2432983682983683
0 0.8963267148014441 0.7058624708624709 0.16358303249097483 0.2491258741258741
2 0.458601083032491 0.053181818181818184 0.41403429602888087 0.04224941724941725