0 0.2606837606837607 0.5494505494505495 0.08831623931623933 0.04884157509157513
0 0.35754700854700855 0.5494505494505495 0.08831623931623934 0.05189102564102561
0 0.4658119658119658 0.5502152014652015 0.07692307692307693 0.044262820512820544
0 0.5655299145299145 0.5471611721611722 0.08262393162393168 0.04731227106227103
0 0.6680940170940171 0.5517399267399268 0.08262393162393168 0.05036630036630037
0 0.7706581196581196 0.5494505494505495 0.07122222222222216 0.04273351648351645
0 0.8760683760683761 0.5509752747252747 0.08831623931623925 0.04884157509157513
0 0.9670940170940171 0.5560897435897436 0.06581196581196581 0.05631868131868132
0 0.7578376068376068 0.2648031135531136 0.06267521367521361 0.03205128205128205
0 0.37322222222222223 0.9188049450549451 0.3703675213675214 0.0641025641025641
0 0.7792051282051282 0.9195650183150182 0.37891452991452995 0.06562728937728934
0 0.9074102564102565 0.815018315018315 0.07692307692307693 0.03663003663003663
0 0.09401709401709402 0.9165155677655678 0.0740769230769231 0.053420329670329704