0 0.4598229166666667 0.05009673518742443 0.15029687499999997 0.06218863361547762
0 0.4605677083333333 0.16582829504232163 0.15178645833333332 0.05182587666263605
0 0.4598229166666667 0.2919347037484885 0.1547604166666667 0.0380048367593712
0 0.4613072916666667 0.41371221281741233 0.15029687500000002 0.04663845223700127
0 0.46168229166666663 0.5337726723095526 0.14657812500000003 0.031088270858524832
0 0.46019270833333337 0.652962515114873 0.14657812500000003 0.04490931076178972
0 0.4598229166666667 0.7807859733978235 0.14583333333333334 0.038004836759371295
0 0.4449427083333333 0.9353929866989118 0.06696354166666664 0.032817412333736515
0 0.6674114583333334 0.057001209189842805 0.15029687500000008 0.038004836759371226
0 0.670015625 0.1727448609431681 0.15253125000000006 0.04836759371221282
0 0.6703854166666667 0.29366384522370015 0.15327604166666664 0.04146311970979443
0 0.666296875 0.4119830713422007 0.1421145833333334 0.03973397823458285
0 0.6670364583333334 0.5346311970979444 0.1421145833333334 0.03281741233373638
0 0.6666666666666666 0.6590084643288996 0.13839062500000002 0.043180169286578036
0 0.7726927083333333 0.601136638452237 0.023067708333333315 0.1001934703748488