0 0.15436241610738255 0.8571428571428571 0.14496644295302014 0.045714285714285714
0 0.32818791946308723 0.8592857142857143 0.1436241610738255 0.041428571428571426
0 0.5026845637583892 0.8578571428571429 0.14093959731543623 0.04428571428571428
0 0.6758389261744966 0.8571428571428571 0.14093959731543623 0.04285714285714286
0 0.8486577181208054 0.8578571428571429 0.14697986577181207 0.04428571428571428
0 0.2231543624161074 0.6292857142857143 0.015436241610738255 0.02142857142857143
0 0.39731543624161075 0.6342857142857142 0.010738255033557046 0.022857142857142857
0 0.5708053691275168 0.6328571428571429 0.011409395973154362 0.014285714285714285
0 0.7466442953020134 0.635 0.014093959731543624 0.03
0 0.9194630872483222 0.63 0.012080536912751677 0.025714285714285714
0 0.9308724832214765 0.4035714285714286 0.013422818791946308 0.03571428571428571
0 0.9120805369127517 0.12714285714285714 0.04161073825503356 0.022857142857142857