0 0.4036964980544747 0.733273596176822 0.17185473411154345 0.05077658303464755
0 0.5982490272373541 0.733273596176822 0.16536964980544747 0.044802867383512544
0 0.5025940337224384 0.8781362007168458 0.9468223086900129 0.06869772998805257
0 0.5001686121919585 0.9393667861409797 0.17996108949416342 0.023894862604540025
1 0.11186770428015565 0.6772759856630824 0.11348897535667964 0.025388291517323774
1 0.17267185473411154 0.6070848267622461 0.23184176394293127 0.03733572281959379
1 0.17267185473411154 0.5398805256869773 0.21238651102464332 0.01941457586618877
1 0.15970168612191957 0.4726762246117085 0.19941634241245138 0.03136200716845878
1 0.22130998702983137 0.23596176821983272 0.3323605706874189 0.04181600955794504
0 0.1297016861219196 0.4062126642771804 0.0940337224383917 0.017921146953405017
3 0.4985473411154345 0.5652688172043011 0.4101815823605707 0.4345878136200717