0 0.03864447086801427 0.09280213903743315 0.05009512485136741 0.04466310160427806
0 0.8742449464922711 0.03321925133689839 0.04303210463733657 0.041625668449197864
0 0.9298335315101071 0.03238502673796791 0.05227110582639719 0.046074866310160424
0 0.8727110582639716 0.09065240641711231 0.039940546967895264 0.04341176470588236
0 0.9289774078478003 0.09141176470588235 0.05397146254458989 0.04189304812834226
0 0.43907253269916763 0.03120855614973262 0.0797621878715815 0.034545454545454546
0 0.5263852556480381 0.029679144385026737 0.08111771700356721 0.03759358288770054
0 0.17305588585017834 0.8401818181818183 0.043721759809750294 0.03294117647058819
0 0.18370986920332938 0.9652406417112299 0.0558858501783591 0.06951871657754011
0 0.28737217598097503 0.9646203208556149 0.1330796670630202 0.06179679144385024
0 0.5909631391200951 0.9668449197860962 0.45659928656361476 0.06631016042780749