2 0.2694610778443114 0.06988711194731892 0.23952095808383234 0.04031984948259642
2 0.26875249500998005 0.12229539040451552 0.22954091816367264 0.03762935089369708
2 0.5489021956087824 0.11825964252116651 0.1996007984031936 0.04569143932267169
2 0.7991117764471058 0.11692380056444027 0.2580538922155688 0.04300094073377235
2 0.3685528942115769 0.20292568203198497 0.4205888223552894 0.026876763875823134
2 0.2972654690618763 0.26541862652869236 0.2609081836327346 0.044346190028222
2 0.5724251497005989 0.2607149576669802 0.26660678642714575 0.04031984948259644
1 0.2067265469061876 0.32253998118532456 0.0855389221556886 0.03225776105362179
1 0.3521556886227545 0.32455315145813735 0.12545908183632737 0.028222013170272814
2 0.27515968063872254 0.37428033866415805 0.25948103792415167 0.052408278457196644
2 0.39421157684630737 0.44013170272812796 0.4605089820359282 0.028222013170272814
2 0.556746506986028 0.5583913452492945 0.8055289421157685 0.17336782690498587
1 0.7413772455089821 0.8446472248353716 0.11976047904191617 0.033593603010348104
1 0.9017664670658683 0.8506961429915334 0.12404191616766463 0.02150517403574779
0 0.44624750499001997 0.3796519285042333 0.0998003992015968 0.038974600188146705
0 0.41702594810379245 0.9501411100658513 0.1611077844311378 0.05375352775164627
0 0.5788423153692615 0.9568579492003761 0.1596806387225549 0.05644402634054552