0 0.2606837606837607 0.2771208530805687 0.4358974358974359 0.04870853080568718
0 0.7279230769230769 0.27580173775671407 0.4472905982905984 0.04607819905213273
0 0.2692307692307692 0.33965244865718797 0.44729059829059825 0.04475908372827801
0 0.727923076923077 0.3403120063191153 0.4700854700854702 0.05134281200631911
0 0.2621111111111112 0.4397037914691943 0.4444444444444444 0.05002764612954189
0 0.7378888888888888 0.44167851500789884 0.46153846153846145 0.05397709320695106
0 0.26211111111111113 0.49960505529225907 0.4387435897435898 0.04607819905213273
0 0.2663846153846154 0.5818838862559241 0.4586923076923077 0.06055687203791466
0 0.7364700854700854 0.5832030015797789 0.4472905982905984 0.06582543443917854
0 0.2678034188034188 0.6536334913112164 0.4558376068376069 0.05924170616113744
0 0.31766666666666665 0.7563191153238547 0.5270683760683761 0.03817930489731441
0 0.5012820512820513 0.8003554502369669 0.9974358974358974 0.06042654028436019