0 0.5477989130434783 0.15459649122807018 0.559538043478261 0.05122807017543861
1 0.3653125 0.39287719298245616 0.2068885869565217 0.03442105263157889
1 0.3969565217391305 0.5281520467836257 0.28254076086956514 0.04554385964912274
1 0.32902173913043475 0.6040350877192983 0.1590217391304348 0.050573099415204686
1 0.3427717391304348 0.6795087719298246 0.1840353260869565 0.03778947368421046
1 0.38383152173913043 0.8052280701754386 0.16983695652173914 0.036163742690058565
1 0.3682472826086956 0.8571929824561403 0.14792119565217393 0.049169590643274814
1 0.3773505434782609 0.9091461988304094 0.19392663043478264 0.03881871345029246
0 0.7482065217391304 0.7417076023391812 0.1636684782608696 0.05159064327485369
0 0.5675679347826087 0.7417076023391812 0.16675271739130437 0.05159064327485369
0 0.3915489130434783 0.7402456140350877 0.160570652173913 0.04653801169590639
0 0.5697282608695652 0.4409824561403509 0.5107472826086956 0.04585964912280706