1 0.06539833531510107 0.5787037037037037 0.10917954815695599 0.026651234567901208
1 0.2540309155766944 0.580108024691358 0.09296076099881095 0.026651234567901208
1 0.4723781212841855 0.5815123456790123 0.1534958382877527 0.03226851851851847
1 0.6647919143876339 0.5772993827160493 0.14485136741973834 0.03226851851851847
1 0.8242330558858502 0.5787037037037037 0.09620689655172424 0.03226851851851847
1 0.0724256837098692 0.6299074074074075 0.11674197384066588 0.02805555555555548
1 0.2518668252080856 0.628503086419753 0.1016052318668252 0.022453703703703632
1 0.46859690844233054 0.629212962962963 0.14376932223543398 0.02384259259259266
2 0.48643281807372174 0.7638888888888888 0.9404399524375743 0.20623456790123446
0 0.4021165279429251 0.9806327160493827 0.17079667063020212 0.036481481481481635
0 0.5734482758620689 0.9804938271604938 0.16755053507728898 0.038996913580246886