0 0.4721586715867159 0.5116907514450867 0.1492804428044281 0.05122832369942203
0 0.507380073800738 0.6509393063583815 0.9577306273062733 0.08013005780346827
0 0.09073800738007379 0.7776300578034682 0.1202029520295203 0.05445086705202321
0 0.09110701107011072 0.840679190751445 0.1202029520295203 0.05445086705202321
0 0.21837638376383764 0.7769942196531792 0.1202029520295203 0.05445086705202321
0 0.21874538745387453 0.8409682080924856 0.12020295202952028 0.05445086705202321
0 0.3440221402214022 0.7775722543352602 0.12020295202952036 0.05445086705202321
0 0.47402214022140227 0.7778612716763006 0.12020295202952025 0.05445086705202321
0 0.6016605166051661 0.7790751445086705 0.12020295202952025 0.05445086705202321
0 0.7281365313653136 0.779364161849711 0.12020295202952025 0.05445086705202321
0 0.8534132841328413 0.7789450867052022 0.12020295202952025 0.05445086705202321