0 0.9351417769376182 0.08437365010799136 0.07206994328922506 0.02294816414686825
0 0.047854442344045366 0.026997840172786176 0.027173913043478253 0.029697624190064796
0 0.08742911153119093 0.029028077753779694 0.02835538752362949 0.03914686825053996
0 0.1264177693761815 0.029028077753779694 0.021266540642722116 0.028347732181425483
0 0.15891304347826085 0.02429805615550756 0.02717391304347826 0.026997840172786176
0 0.6929395085066162 0.5345572354211663 0.19021739130434784 0.016198704103671708
0 0.6645841209829868 0.5095896328293736 0.1689508506616257 0.017548596112311014
0 0.7508317580340265 0.6411987041036717 0.34617202268431 0.03509719222462203
0 0.7508317580340265 0.7275917926565875 0.41233459357277885 0.04859611231101512
0 0.8081285444234405 0.7707883369330454 0.07797731568998109 0.02159827213822894
1 0.7478733459357277 0.9165766738660908 0.4111531190926276 0.0458963282937365