0 0.18764705882352944 0.07113414634146341 0.12228652751423151 0.041999999999999996
0 0.0859203036053131 0.018292682926829267 0.1001518026565465 0.017609756097560974
0 0.314146110056926 0.06775609756097561 0.149696394686907 0.04878048780487805
0 0.4627893738140417 0.06978048780487804 0.13282732447817835 0.04471951219512196
0 0.6077419354838709 0.06775609756097561 0.12544592030360535 0.04336585365853659
0 0.7516318785578748 0.0636829268292683 0.11385199240986717 0.04064634146341462
0 0.8639089184060721 0.06910975609756098 0.01581593927893745 0.018975609756097564
0 0.9361195445920303 0.013548780487804878 0.018975332068311195 0.018975609756097564
0 0.5708444022770398 0.2845487804878049 0.03900379506641357 0.05962195121951221
0 0.42589184060721064 0.6131463414634146 0.05481973434535102 0.0392926829268293
0 0.4854554079696395 0.6138170731707316 0.036897533206831104 0.03252439024390239
0 0.5487001897533207 0.6144999999999999 0.05376660341555984 0.031170731707317007
0 0.27988614800759015 0.8739878048780487 0.015815939278937343 0.008134146341463503
0 0.4727988614800759 0.8760121951219513 0.009487666034155597 0.009487804878048747
0 0.6662428842504744 0.8726341463414633 0.008434535104364422 0.013548780487804757
0 0.8607400379506641 0.8712682926829269 0.013700189753320735 0.008134146341463503