0 0.135096497498213 0.23743016759776536 0.10293066476054324 0.07262569832402235
0 0.24696211579699787 0.23743016759776536 0.10221586847748391 0.0670391061452514
0 0.3545389563974267 0.23952513966480446 0.10578984989278056 0.06564245810055866
0 0.46461758398856323 0.23743016759776536 0.1043602573266619 0.061452513966480445
0 0.5718370264474625 0.23812849162011174 0.10150107219442459 0.06284916201117319
0 0.6779842744817727 0.236731843575419 0.10221586847748391 0.05726256983240224
0 0.7869907076483202 0.23533519553072627 0.10293066476054324 0.05726256983240224
0 0.8838456040028592 0.236731843575419 0.07934238741958542 0.06005586592178771
0 0.9331665475339528 0.24162011173184358 0.013581129378127233 0.0223463687150838
0 0.8323802716225875 0.013268156424581005 0.059328091493924234 0.02653631284916201
0 0.08827734095782702 0.4553072625698324 0.023588277340957826 0.027932960893854747
0 0.10150107219442459 0.6536312849162011 0.04431736954967834 0.03910614525139665
0 0.22873481057898498 0.6529329608938548 0.03859899928520372 0.040502793296089384
0 0.2773409578270193 0.6536312849162011 0.02573266619013581 0.036312849162011177
0 0.4038598999285204 0.6585195530726257 0.03002144388849178 0.040502793296089384
0 0.40850607576840603 0.5893854748603352 0.013581129378127233 0.025139664804469275
0 0.2355253752680486 0.5844972067039106 0.017869907076483203 0.02653631284916201
0 0.5796997855611151 0.585195530726257 0.012866333095067906 0.030726256983240222
0 0.4492494639027877 0.6578212290502793 0.04217298070050036 0.03910614525139665
0 0.5704074338813439 0.6571229050279329 0.040028591851322376 0.03770949720670391
0 0.7587562544674767 0.590782122905028 0.020729092208720514 0.025139664804469275
0 0.9449606862044317 0.45251396648044695 0.012866333095067906 0.03910614525139665
0 0.9303073624017155 0.5949720670391061 0.012151536812008578 0.027932960893854747
0 0.7994996426018585 0.6606145251396648 0.04503216583273767 0.04189944134078212
0 0.9195854181558256 0.651536312849162 0.03788420300214439 0.034916201117318434
0 0.5150107219442459 0.9001396648044693 0.2137240886347391 0.06564245810055866