3 0.5012450851900393 0.5647721822541967 0.41597640891218873 0.42774580335731416
0 0.4276408912188729 0.6678657074340527 0.10165137614678907 0.025407673860911337
0 0.401651376146789 0.7285491606714628 0.17745740498034074 0.0538609112709833
0 0.5980602883355177 0.7278057553956835 0.18364351245085192 0.055359712230215914
0 0.024089121887287023 0.03422062350119904 0.048178243774574046 0.05309352517985612
1 0.22546526867627786 0.23925659472422062 0.36900393184796854 0.04350119904076742
0 0.12795543905635648 0.41568345323741007 0.10845347313237222 0.03664268585131888
1 0.15184796854521623 0.47767386091127095 0.2184796854521625 0.0407194244604317
1 0.16218872870249018 0.540347721822542 0.2424508519003932 0.046151079136690656
1 0.13941022280471824 0.6096163069544366 0.18378768020969857 0.04381294964028779
1 0.1217038007863696 0.6831175059952038 0.1418086500655308 0.0439328537170265
0 0.5022411533420708 0.7996642685851318 0.9618741808650065 0.06419664268585128
0 0.501651376146789 0.8801199040767386 0.9541284403669725 0.07221822541966429
0 0.501035386631717 0.9479016786570743 0.1960288335517694 0.04291366906474816