0 0.9262905982905982 0.08236176935229067 0.07479487179487199 0.033775671406003155
0 0.822923076923077 0.08248815165876777 0.0763931623931623 0.03599921011058451
0 0.8213162393162393 0.13221958925750393 0.19070940170940182 0.03277646129541865
0 0.5972307692307692 0.13234202211690363 0.20726495726495728 0.025126382306477096
0 0.3811538461538461 0.13098341232227487 0.18643589743589742 0.030308056872037917
0 0.2086068376068376 0.132586887835703 0.08707692307692308 0.029565560821484996
0 0.08707692307692308 0.13406793048973142 0.05235042735042735 0.026603475513428124
0 0.07211965811965812 0.08174565560821484 0.06517094017094018 0.032543443917851515
0 0.7257008547008548 0.1884873617693523 0.2451965811965811 0.04855450236966827
0 0.4786410256410256 0.1865165876777251 0.2264957264957265 0.032760663507109024
0 0.28365811965811966 0.18725513428120064 0.14636752136752137 0.026342812006319133
0 0.11833333333333332 0.18713270142180094 0.15224786324786324 0.033992890995260684
0 0.9003760683760684 0.9242140600315957 0.11378632478632487 0.052788309636650814
0 0.6992564102564103 0.9264336492890995 0.10150427350427349 0.053281990521326955
0 0.5037435897435898 0.9238428120063191 0.11645299145299146 0.05599526066350701
0 0.30876923076923074 0.9238428120063191 0.12179487179487179 0.05599526066350701
0 0.11779487179487179 0.9227330173775672 0.09776068376068375 0.05575039494470768
0 0.830931623931624 0.6626026856240127 0.18857264957264966 0.042989731437598704
0 0.6925811965811967 0.6634636650868879 0.07211965811965802 0.03879541864139021
0 0.5117606837606837 0.6642061611374408 0.14316239316239315 0.032377567140600326
0 0.3758119658119658 0.6644510268562401 0.06891452991452991 0.03682069510268563
0 0.18964102564102564 0.6640837282780411 0.12927350427350429 0.030154028436018922
0 0.06143589743589743 0.6643285939968404 0.08653846153846154 0.03459715639810423