2 0.2283013844515442 0.8804761904761904 0.18903088391906284 0.14384920634920634
3 0.5 0.30257936507936506 1 0.6051587301587301
0 0.8427209797657083 0.6398809523809523 0.03727369542066028 0.0992063492063492
0 0.8809904153354633 0.6448412698412699 0.025958466453674122 0.08928571428571429
0 0.9119435569755059 0.625 0.029286474973375932 0.10912698412698413
0 0.944888178913738 0.6423809523809524 0.03128328008519702 0.11408730158730158
0 0.9843237486687966 0.6523015873015873 0.030287539936102295 0.08432539682539683
0 0.961528221512247 0.875515873015873 0.029952076677316294 0.11408730158730158
0 0.9262513312034079 0.8878968253968254 0.02862087326943557 0.0992063492063492
0 0.4094142705005325 0.8903968253968254 0.11581469648562301 0.20337301587301587
0 0.07554845580404686 0.6473412698412698 0.03527689030883919 0.11408730158730158
0 0.11881256656017039 0.6523015873015873 0.02862087326943557 0.09424603174603174
0 0.1564164004259851 0.6349206349206349 0.05324813631522897 0.0992063492063492
0 0.022630457933972312 0.6349206349206349 0.045260915867944625 0.0496031746031746