2 0.5485854616895874 0.0966256157635468 0.6649508840864441 0.04168719211822659
0 0.04080550098231827 0.11083743842364532 0.07858546168958742 0.14020935960591133
0 0.6130648330058939 0.6394458128078818 0.23878192534381149 0.06631773399014775
0 0.856633922724296 0.6366009852216749 0.24230517354289458 0.0700985221674877
0 0.12316961362148003 0.1629433497536946 0.0639751146037983 0.043571428571428567
0 0.18613621480026196 0.1619950738916256 0.05692206941715782 0.03410098522167487
0 0.2506155861165684 0.1629433497536946 0.06397511460379826 0.03220443349753693
0 0.31862475442043225 0.1648399014778325 0.0740537000654879 0.03789408866995073
0 0.38637851997380485 0.1624630541871921 0.05541584806810733 0.035049261083743836
0 0.4433005893909626 0.16625615763546797 0.05239030779305828 0.03884236453201971
0 0.5062737393582187 0.16009852216748768 0.053398821218074634 0.03410098522167487
0 0.5697445972495089 0.1634113300492611 0.05742632612966605 0.035049261083743836
0 0.6352324819908317 0.16104679802955665 0.06146037982973144 0.035997536945812814
0 0.7052521283562542 0.16104679802955665 0.07052390307793062 0.03789408866995073
0 0.7813228552717747 0.1624630541871921 0.06951538965291428 0.04451970443349753
0 0.8480681074001309 0.16104679802955665 0.052894564505566455 0.03789408866995073
0 0.9100327439423705 0.1624630541871921 0.06196463654223961 0.03694581280788178
0 0.9117943680419122 0.10326354679802954 0.05138179436804194 0.07768472906403939
0 0.9621676489849378 0.09520935960591133 0.04836280288146687 0.09189655172413794
0 0.8465553372626065 0.01942118226600985 0.03072691552062873 0.023682266009852213
0 0.8818205631958087 0.01942118226600985 0.036771447282252845 0.02937192118226601
0 0.9160772757039947 0.016108374384236457 0.033752455795677774 0.03220443349753695
0 0.9581401440733464 0.016576354679802955 0.04231827111984276 0.03315270935960591
0 0.027707924034053703 0.01705665024630542 0.037275703994760975 0.020837438423645323
0 0.07254092992796332 0.016108374384236453 0.04533726260641781 0.030320197044334977
0 0.0397969875573019 0.2832512315270936 0.048362802881466924 0.09283251231527093
0 0.0397969875573019 0.3704064039408867 0.05037328094302554 0.08715517241379309
0 0.039796987557301905 0.46751231527093595 0.04936476751800917 0.08620689655172414
0 0.04004584151931893 0.5665024630541872 0.047858546168958745 0.10231527093596064
0 0.039796987557301905 0.6541256157635468 0.04936476751800917 0.10894088669950744
0 0.9737524557956778 0.16578817733990148 0.022167648984937727 0.035997536945812814