1 0.5315471045808124 0.0787292817679558 0.03673292999135696 0.019337016574585635
1 0.5342523768366465 0.13812154696132597 0.03997407087294728 0.016574585635359115
1 0.5326274848746759 0.19613259668508287 0.04105445116681072 0.019337016574585635
1 0.5315471045808124 0.25622099447513813 0.03889369057908384 0.023480662983425413
0 0.08426966292134831 0.26519337016574585 0.054019014693171996 0.052486187845303865
0 0.08589455488331893 0.19682872928176795 0.06158167675021608 0.062154696132596686
0 0.08373379429559205 0.12430939226519337 0.055099394987035435 0.052486187845303865
0 0.08426966292134831 0.06353591160220995 0.058340535868625754 0.04143646408839779
0 0.07941227312013828 0.013127071823204422 0.05077787381158168 0.026243093922651933
0 0.7406050129645636 0.31767955801104975 0.4634831460674158 0.03867403314917127
0 0.9361538461538462 0.41229834254143644 0.042134831460674156 0.012430939226519336
0 0.6439066551426103 0.41920441988950274 0.06914433880726016 0.015193370165745856
0 0.7692307692307693 0.5062209944751381 0.3889369057908384 0.03729281767955801
0 0.54019014693172 0.5041436464088398 0.06050129645635264 0.03314917127071823
0 0.1026361279170268 0.8591160220994475 0.0972342264477096 0.20994475138121546
0 0.22526361279170268 0.846 0.11343993085566119 0.21961325966850828
0 0.3473465859982714 0.8494475138121547 0.08318928262748487 0.2292817679558011
0 0.4678046672428695 0.8494475138121547 0.10155574762316336 0.2292817679558011
0 0.5877268798617113 0.850828729281768 0.09939498703543648 0.23204419889502761
0 0.7092739844425238 0.8611933701657458 0.1026361279170268 0.23895027624309392
0 0.8302765773552291 0.8577348066298343 0.09399308556611928 0.23756906077348067
0 0.9393949870354366 0.8535911602209945 0.081028522039758 0.24033149171270718