3 0.4958386801099909 0.5579504814305365 0.27462878093492205 0.4740440165061897
0 0.49505041246562786 0.7749931224209078 0.2677543538038497 0.032022008253094876
0 0.6070669110907424 0.3560522696011004 0.021154903758020097 0.03426409903713892
2 0.45283226397800186 0.04302613480055021 0.42833180568285983 0.060000000000000005
1 0.14912007332722274 0.23002751031636862 0.14172318973418882 0.040371389270976644
1 0.31402383134738776 0.227111416781293 0.1348487626031164 0.04090784044016507
1 0.4813015582034831 0.22883081155433288 0.14153987167736024 0.040110041265474586
0 0.8845096241979835 0.8658459422283357 0.16005499541704848 0.08039889958734532
0 0.7129147571035747 0.864264099037139 0.16269477543538038 0.08039889958734532
0 0.538230980751604 0.867977991746905 0.16269477543538038 0.08039889958734532
0 0.752667277726856 0.03734525447042641 0.08249312557286893 0.052861072902338366
0 0.8463519706691109 0.040646492434663 0.07667277726856103 0.059477303988995874
0 0.9350962419798351 0.03958734525447043 0.07367552703941348 0.05101788170563962