0 0.201601246105919 0.07936507936507936 0.03649221183800626 0.05895238095238096
0 0.17133956386292834 0.25245502645502643 0.03827414330218067 0.018137566137566122
0 0.17044859813084112 0.28268783068783065 0.03115264797507788 0.015121693121693083
0 0.16733333333333333 0.30687830687830686 0.026704049844236768 0.012095238095238043
0 0.17000623052959501 0.33106878306878307 0.03560124610591899 0.009068783068783122
0 0.16866666666666666 0.3544973544973545 0.036492211838006244 0.016624338624338663
0 0.16955763239875388 0.47694179894179894 0.02937071651090342 0.013608465608465624
0 0.17044859813084112 0.5064232804232804 0.03827414330218067 0.018137566137566122
0 0.17445482866043613 0.5291005291005291 0.04628660436137071 0.018137566137566122
0 0.18201869158878503 0.5585820105820106 0.06141433021806851 0.013608465608465502
0 0.17846105919003116 0.5827619047619048 0.05073520249221183 0.016624338624338663
0 0.1731214953271028 0.603925925925926 0.04183177570093457 0.013608465608465502
0 0.1731214953271028 0.6303809523809524 0.040056074766355136 0.012095238095238162
0 0.16955763239875388 0.6538201058201059 0.03471028037383178 0.016624338624338663
0 0.31597507788161994 0.4875238095238095 0.10147040498442365 0.03778835978835983
0 0.41032398753894084 0.48073015873015873 0.0765482866043613 0.03930158730158729
0 0.5077881619937694 0.4852592592592593 0.07565732087227418 0.042328042328042326
0 0.6052523364485981 0.48073015873015873 0.0765482866043613 0.033259259259259204
0 0.7129532710280374 0.4875238095238095 0.08722741433021806 0.040814814814814866
0 0.8055202492211837 0.4792169312169312 0.0640872274143303 0.042328042328042326
0 0.904760124610592 0.48148148148148145 0.0596323987538941 0.03477248677248679
2 0.6052523364485981 0.41647619047619044 0.6746791277258566 0.040814814814814866
2 0.5224735202492212 0.05895238095238095 0.29372585669781937 0.03628571428571429
0 0.7089470404984423 0.06575661375661376 0.02937071651090335 0.04988359788359789
0 0.7507788161993769 0.06197883597883598 0.02937071651090335 0.045354497354497356
0 0.2790404984423676 0.1095978835978836 0.050735202492211876 0.025703703703703694
0 0.3333333333333333 0.11035978835978837 0.050735202492211876 0.021164021164021163
0 0.39385669781931465 0.11186243386243386 0.04717133956386295 0.027206349206349213
0 0.4481557632398754 0.11035978835978837 0.04361370716510903 0.021164021164021163
0 0.5042305295950156 0.1111111111111111 0.045395638629283426 0.022677248677248685
0 0.5603052959501558 0.11262433862433863 0.04895327102803734 0.025703703703703694
0 0.6141495327102804 0.11565079365079366 0.048062305295950146 0.022677248677248685
0 0.6755700934579439 0.1095978835978836 0.04628660436137069 0.025703703703703694
0 0.7343115264797507 0.11186243386243386 0.04628660436137069 0.024190476190476175