0 0.07543454345434543 0.1902245989304813 0.10058305830583059 0.02291978609625669
0 0.2490979097909791 0.1902245989304813 0.061287128712871265 0.019860962566844914
0 0.4502640264026403 0.19098395721925132 0.07072607260726069 0.01528342245989307
0 0.6569196919691969 0.19098395721925132 0.09429042904290433 0.01222459893048129
0 0.832937293729373 0.1902245989304813 0.05657865786578665 0.013754010695187181
0 0.06443344334433443 0.5469839572192513 0.066006600660066 0.01222459893048123
0 0.28130913091309134 0.5462139037433155 0.11001100110011004 0.019860962566844973
0 0.44397139713971395 0.5446951871657755 0.06757975797579753 0.013754010695187181
0 0.6341364136413641 0.5462139037433155 0.04557755775577565 0.016802139037433134
0 0.8360836083608361 0.5485133689839572 0.06915291529152905 0.018331550802139083
0 0.06286028602860286 0.9297219251336898 0.056578657865786586 0.01986096256684485
0 0.2545984598459846 0.9022139037433156 0.059724972497249715 0.016802139037433193
0 0.4423982398239824 0.9029839572192513 0.04557755775577552 0.018331550802139145
0 0.8345104510451046 0.9014545454545455 0.05972497249724969 0.015283422459893009