0 0.04875886524822695 0.08141011840688912 0.03546099290780142 0.025565123789020452
0 0.44843971631205676 0.02624327233584499 0.08717494089834515 0.028256189451022602
0 0.5274822695035462 0.02355220667384284 0.06796690307328605 0.02556512378902045
0 0.8784042553191489 0.02355220667384284 0.03102836879432624 0.022874058127018294
0 0.9286406619385342 0.024897739504843912 0.022163120567375887 0.02556512378902045
0 0.933806146572104 0.08745963401506997 0.041371158392434985 0.03767491926803014
0 0.23049645390070922 0.7043918191603875 0.1359338061465721 0.06593110871905275
0 0.3789952718676123 0.7057373519913885 0.13445626477541373 0.06054897739504844
0 0.5223167848699763 0.7043918191603875 0.12854609929078015 0.06593110871905275
0 0.7683215130023641 0.9048762109795478 0.10933806146572105 0.022874058127018298
0 0.4905437352245863 0.9660925726587729 0.6589834515366431 0.05382131324004306