1 0.05819369715603381 0.10042283298097252 0.04831667947732513 0.022653276955602545
1 0.08235203689469639 0.1359090909090909 0.07906225980015372 0.01811839323467229
1 0.08016141429669486 0.15856236786469344 0.0768639508070715 0.01811839323467229
1 0.07960799385088393 0.18725158562367863 0.07576479631053036 0.012082452431289649
1 0.21137586471944658 0.14195560253699788 0.0713758647194466 0.024164904862579297
1 0.059846272098385854 0.2212367864693446 0.04941583397386625 0.01963002114164904
1 0.05764796310530361 0.24766384778012684 0.04941583397386627 0.01811839323467229
1 0.06259031514219832 0.5255179704016913 0.05050730207532666 0.021141649048625793
1 0.056548808608762484 0.5496828752642706 0.04282090699461953 0.021141649048625793
1 0.061491160645657184 0.5708245243128964 0.0417294388931591 0.01811839323467241
1 0.05600307455803228 0.5942283298097252 0.037332820906994614 0.01359408033826628
1 0.06203689469638739 0.615369978858351 0.04721752498078402 0.010570824524312896
1 0.05874711760184474 0.7112684989429175 0.04282090699461953 0.01811839323467241
1 0.06039200614911606 0.7316490486257928 0.04611837048424289 0.01359408033826628
1 0.06807840122982321 0.7550634249471458 0.05929285165257493 0.021141649048625793
1 0.059292851652574946 0.7799788583509514 0.0417294388931591 0.0166067653276956
1 0.051060722521137594 0.8003594080338267 0.036233666410453495 0.01811839323467241
1 0.051060722521137594 0.822262156448203 0.03184473481936972 0.01359408033826628
1 0.06478862413528055 0.8947463002114164 0.05490392006149117 0.0166067653276956
1 0.05160645657186779 0.9204122621564482 0.037332820906994614 0.0166067653276956
1 0.05764796310530361 0.9423150105708245 0.04721752498078402 0.012082452431289708
1 0.06533435818601076 0.9566596194503171 0.056003074558032294 0.0166067653276956
0 0.9586010760953114 0.24387949260042285 0.07466564181398914 0.03473572938689219
0 0.04721752498078401 0.32618393234672305 0.026356648731744817 0.01510570824524309
0 0.05160645657186779 0.3495877378435518 0.04392006149116065 0.019630021141649103
0 0.05325903151421984 0.38206131078224104 0.04063028439661798 0.027177589852008494
0 0.051060722521137594 0.4062262156448203 0.03184473481936972 0.01510570824524309
0 0.05600307455803228 0.4273678646934461 0.0417294388931591 0.012082452431289588
0 0.052159877017678706 0.4537949260042283 0.023059185242121444 0.013594080338266399
0 0.0466641045349731 0.638784355179704 0.029646425826287476 0.009059196617336085
0 0.23388931591083784 0.10042283298097252 0.037332820906994656 0.022653276955602545
0 0.2810991544965411 0.103446088794926 0.039531129900076824 0.022653276955602545
0 0.327217524980784 0.10645877378435517 0.030745580322828592 0.022653276955602545
0 0.361260568793236 0.10419661733615221 0.024158339738662528 0.021141649048625793
0 0.39584934665641813 0.10117336152219872 0.027448116833205256 0.01510570824524312
0 0.44635664873174485 0.10495771670190275 0.04941583397386623 0.01963002114164904
0 0.48259800153727905 0.10419661733615221 0.016471944657955467 0.012082452431289649
0 0.5193774019984627 0.10117336152219872 0.04611837048424289 0.01811839323467232
0 0.5967947732513451 0.10193446088794927 0.07796310530361265 0.01963002114164904
1 0.8751498847040737 0.1464799154334038 0.07466564181398914 0.021141649048625793
0 0.2964719446579554 0.1464799154334038 0.061491160645657184 0.021141649048625793
0 0.36345887778631825 0.14421775898520084 0.039531129900076824 0.01963002114164904
0 0.4216525749423521 0.14119450317124735 0.061491160645657184 0.016606765327695554
0 0.4650269023827825 0.1427061310782241 0.025257494235203612 0.016606765327695554
0 0.5100461183704843 0.14421775898520084 0.04721752498078406 0.01963002114164904
0 0.9531129900076863 0.2891860465116279 0.065880092236741 0.022653276955602483
0 0.9564104534973097 0.31863636363636366 0.06807840122982334 0.024164904862579297