0 0.5186857142857143 0.4859116022099448 0.8923142857142857 0.07082872928176798
0 0.6813142857142858 0.40303867403314914 0.13625714285714285 0.03541436464088401
0 0.8714285714285714 0.40941068139963166 0.19119999999999987 0.02832412523020257
0 0.29120000000000007 0.15795580110497237 0.35822857142857145 0.06375690607734807
0 0.7692285714285715 0.15228360957642725 0.3472571428571428 0.06375690607734807
0 0.39339999999999997 0.6991160220994476 0.21100000000000002 0.12040515653775322
0 0.6725142857142857 0.6976979742173113 0.19340000000000007 0.10340699815837934
0 0.5153714285714286 0.9505524861878453 0.8945142857142855 0.07082872928176802
1 0.17362857142857147 0.40303867403314914 0.21537142857142855 0.029742173112338816
2 0.5120857142857141 0.2719889502762431 0.8967142857142858 0.05950276243093923
2 0.5132 0.3413996316758748 0.8901142857142856 0.06233885819521183