1 0.633017094017094 0.3303988941548183 0.6506324786324786 0.055920221169036305
1 0.6397008547008547 0.3895181674565561 0.6607948717948718 0.04503949447077408
0 0.4986752136752137 0.4891074249605056 0.9342991452991454 0.08875592417061612
0 0.8493675213675214 0.7277646129541865 0.11325641025641014 0.04785150078988936
0 0.7198205128205128 0.721718009478673 0.11592307692307702 0.05796998420221177
0 0.47570085470085477 0.7257898894154818 0.34348717948717944 0.043902053712480196
0 0.704974358974359 0.9075631911532385 0.5883504273504274 0.05950236966824639
0 0.19738461538461538 0.9097748815165877 0.39476923076923076 0.059454976303317524
0 0.8966410256410255 0.08470774091627171 0.13835897435897446 0.03649289099526068
0 0.6453076923076922 0.08915086887835703 0.21794871794871795 0.03747630331753555
0 0.3627179487179487 0.08593996840442339 0.21901709401709402 0.038957345971563986
0 0.11324786324786325 0.0934044233807267 0.2264957264957265 0.0485781990521327