0 0.6551117886178862 0.7067596566523605 0.11051829268292683 0.04160944206008581
0 0.5024186991869919 0.707167381974249 0.033790650406504065 0.027392703862660916
0 0.41247967479674796 0.7067596566523605 0.10797764227642276 0.030879828326180227
3 0.5378556910569106 0.5057188841201717 0.38160569105691056 0.4785729613733906
0 0.9147662601626017 0.026062231759656652 0.030233739837398375 0.04072961373390557
0 0.8676321138211383 0.028347639484978544 0.0350609756097561 0.038851931330472114
0 0.8830081300813009 0.1755901287553648 0.03277439024390244 0.03934549356223178
0 0.19068089430894308 0.1761266094420601 0.035315040650406505 0.03827253218884122
0 0.22116869918699186 0.02968884120171674 0.14710365853658536 0.030804721030042923
0 0.5738109756097561 0.02593347639484979 0.05970528455284553 0.02759656652360515
0 0.5036890243902439 0.02486051502145923 0.06173780487804878 0.029742489270386266
3 0.07203252032520324 0.2982725321888412 0.07748983739837398 0.3705472103004292