1 0.3560362400906002 0.2663188405797101 0.22650056625141562 0.07246376811594203
1 0.34895809739524347 0.35779710144927535 0.1274065685164213 0.07428985507246376
1 0.47105322763306906 0.34602898550724637 0.08989807474518685 0.07246376811594203
1 0.5591732729331823 0.34602898550724637 0.07219705549263873 0.06884057971014493
1 0.3004643261608154 0.7337101449275362 0.11396375990939976 0.07246376811594203
1 0.3326727066817667 0.8025507246376812 0.1755379388448471 0.057971014492753624
1 0.29586636466591165 0.8659420289855072 0.09343148357870895 0.06521739130434782
1 0.3160362400906002 0.9528985507246377 0.14086070215175536 0.03985507246376811
1 0.657202718006795 0.7472753623188406 0.13944507361268416 0.045304347826086944
1 0.6345526613816533 0.8152173913043478 0.06866364665911677 0.036231884057971016
1 0.659682899207248 0.8895072463768116 0.13448471121177802 0.057971014492753624