0 0.06490384615384616 0.0402576112412178 0.055288461538461536 0.02781030444964871
0 0.1436346153846154 0.037330210772833716 0.0733173076923077 0.03366510538641686
0 0.22355769230769232 0.036592505854800936 0.06971153846153846 0.01756440281030445
0 0.3004807692307692 0.035866510538641684 0.06971153846153846 0.019028103044496484
0 0.3864230769230769 0.0351288056206089 0.08052884615384616 0.026346604215456676
0 0.47897115384615385 0.036592505854800936 0.06370192307692307 0.0234192037470726
0 0.2373846153846154 0.09002341920374707 0.04927884615384615 0.033665105386416865
0 0.1941153846153846 0.35860655737704916 0.03245192307692308 0.026346604215456676
0 0.38100961538461536 0.35860655737704916 0.02403846153846154 0.0234192037470726
0 0.5661057692307693 0.3542154566744731 0.028846153846153848 0.0234192037470726
0 0.7602211538461539 0.35714285714285715 0.025240384615384616 0.026346604215456676
0 0.9387019230769231 0.36007025761124123 0.016826923076923076 0.020491803278688523
0 0.1935096153846154 0.7882084309133489 0.021634615384615384 0.036592505854800936
0 0.3840192307692308 0.791135831381733 0.037259615384615384 0.02781030444964871
0 0.5721153846153846 0.791135831381733 0.02403846153846154 0.021955503512880562
0 0.7596153846153846 0.7882084309133489 0.03365384615384615 0.021955503512880562
0 0.9513269230769231 0.791135831381733 0.02283653846153846 0.024882903981264637
0 0.8209134615384616 0.8313817330210773 0.057692307692307696 0.0234192037470726
0 0.8179134615384616 0.40179156908665103 0.07091346153846154 0.030737704918032786
0 0.6334134615384616 0.40544496487119436 0.07692307692307693 0.020491803278688523
0 0.4543269230769231 0.4025175644028103 0.08173076923076923 0.0234192037470726
0 0.262625 0.40398126463700235 0.07091346153846154 0.020491803278688523
0 0.07211538461538461 0.4025175644028103 0.06490384615384616 0.0234192037470726
0 0.0595 0.8313817330210773 0.03966346153846153 0.02927400468384075
0 0.25421153846153843 0.8262646370023419 0.051682692307692304 0.019028103044496487
0 0.45132692307692307 0.8343091334894613 0.07091346153846154 0.020491803278688523