0 0.158568608094768 0.08198924731182795 0.03331688055281343 0.02956989247311828
0 0.07219151036525172 0.13643010752688173 0.04072063178677197 0.05510752688172043
0 0.06972359328726555 0.2116989247311828 0.04072063178677197 0.041666666666666664
0 0.07342546890424481 0.2916666666666667 0.05552813425468904 0.04838709677419355
0 0.075893385982231 0.364247311827957 0.03578479763079961 0.051075268817204304
0 0.06416584402764067 0.42406451612903223 0.032082922013820334 0.030913978494623656
0 0.5170286278381047 0.49933333333333335 0.15301085883514315 0.036290322580645164
0 0.4868015794669299 0.02083870967741935 0.07033563672260612 0.030913978494623653
0 0.5546692991115498 0.01949462365591398 0.05306021717670286 0.028225806451612902
0 0.8434155972359328 0.02083870967741935 0.03578479763079961 0.036290322580645164
0 0.8878381046396842 0.02487096774193548 0.030848963474827247 0.025537634408602145