1 0.22917500000000002 0.24310118265440211 0.29167499999999996 0.024822601839684606
1 0.69305 0.24310118265440211 0.275 0.03358738501971091
2 0.297225 0.33143232588699084 0.483325 0.052562417871222115
1 0.7472249999999999 0.3292509855453351 0.3444499999999999 0.04818659658344282
2 0.40417499999999995 0.40516425755584756 0.6639 0.05693823915900137
0 0.822225 0.4029829172141919 0.1666749999999999 0.03504599211563727
1 0.1875 0.492772667542707 0.25832499999999997 0.05110381077529565
1 0.47222499999999995 0.49131406044678055 0.25 0.048186596583442785
1 0.7902750000000001 0.4971484888304862 0.2916749999999999 0.04525624178712213
1 0.3708250000000001 0.6446254927726676 0.5750000000000001 0.033587385019710835
1 0.2625 0.7234691195795006 0.35277500000000006 0.024822601839684755
1 0.28332500000000005 0.7767542706964521 0.4111 0.029198423127463898
1 0.284725 0.8344283837056504 0.391675 0.036504599211563696
0 0.8194499999999999 0.7205387647831801 0.15 0.036504599211563696
0 0.8152750000000001 0.7789487516425755 0.14722499999999997 0.03942181340341656
0 0.8139 0.8395400788436268 0.13890000000000013 0.029198423127463898
0 0.4986 0.9504993429697767 0.9194499999999999 0.07592641261498026