1 0.060300279329608936 0.22215415019762846 0.10931564245810058 0.05721343873517784
1 0.0835195530726257 0.3471739130434782 0.15956703910614525 0.05794466403162054
1 0.07978351955307263 0.43229249011857707 0.15956703910614525 0.05794466403162054
1 0.09097067039106146 0.5174110671936759 0.17098463687150836 0.057944664031620595
1 0.08519553072625698 0.5958498023715415 0.17039106145251395 0.05731225296442688
1 0.08519553072625698 0.6729249011857708 0.17039106145251395 0.05731225296442688
1 0.08519553072625698 0.7677865612648221 0.17039106145251395 0.05731225296442688
1 0.08519553072625698 0.8507905138339921 0.17039106145251395 0.05731225296442688
1 0.12342877094972067 0.9316007905138339 0.24685754189944134 0.05794466403162065
0 0.9818854748603352 0.34946640316205535 0.01920391061452514 0.05339920948616597
0 0.9813477653631285 0.43171936758893276 0.020279329608938523 0.05982213438735174
0 0.9799371508379888 0.5143675889328063 0.016382681564245837 0.05790513833992091
0 0.9827583798882681 0.599308300395257 0.013428770949720684 0.06662055335968387
0 0.9807402234636872 0.6796837944664031 0.020139664804469375 0.05405138339920953
0 0.9812150837988827 0.7661264822134388 0.028603351955307287 0.044525691699604686
0 0.9832262569832403 0.9401778656126483 0.02108938547486021 0.06039525691699594
0 0.982018156424581 0.8502964426877471 0.016249999999999987 0.05476284584980244