0 0.15908855850032322 0.6399083769633508 0.15729153199741439 0.043625654450261835
0 0.3257207498383969 0.6413612565445026 0.15010989010989012 0.029083769633507887
0 0.49486748545572073 0.6362696335078534 0.15082740788623136 0.027630890052356038
0 0.6640077569489334 0.6406282722513089 0.15154492566257274 0.03636125654450258
0 0.8310019392372333 0.6406282722513089 0.15370394311570795 0.04217277486910998
0 0.8945636716224952 0.5759162303664922 0.01221073044602448 0.011636125654450245
0 0.7282934712346477 0.5795549738219895 0.014363283775048351 0.018900523560209496
0 0.5620168067226892 0.5817277486910994 0.01364576599870711 0.02617801047120419
0 0.3939495798319328 0.5766492146596859 0.009334195216548193 0.018900523560209496
0 0.22911441499676793 0.5781020942408377 0.01149321266968324 0.018900523560209496
0 0.8859469941822883 0.12215968586387434 0.039502262443439 0.017447643979057608
0 0.909644473173885 0.38248691099476445 0.015080801551389739 0.03781413612565443