0 0.19889583333333333 0.043978947368421055 0.05403125 0.03345263157894737
0 0.25513020833333333 0.044726315789473683 0.04298958333333332 0.031947368421052634
0 0.30318229166666666 0.04329473684210527 0.04831770833333333 0.03208421052631579
0 0.35907812499999997 0.0448 0.0514739583333333 0.02907368421052632
0 0.4088854166666666 0.044589473684210526 0.04246354166666665 0.037684210526315785
0 0.45534895833333333 0.041105263157894735 0.04015104166666662 0.033726315789473674
0 0.5038697916666667 0.03953684210526316 0.04047395833333335 0.0396
0 0.5542864583333333 0.03953684210526316 0.05053124999999999 0.0396
0 0.6084947916666666 0.041578947368421056 0.050312499999999954 0.04370526315789475
0 0.6650677083333334 0.04308421052631579 0.054822916666666784 0.04069473684210526
0 0.7222135416666667 0.03885263157894737 0.0500729166666666 0.038231578947368415
0 0.7747604166666666 0.04022105263157895 0.04505208333333333 0.04096842105263158
0 0.8277812499999999 0.040905263157894736 0.04990104166666664 0.04233684210526316
0 0.8762083333333333 0.04171578947368421 0.009848958333333258 0.03795789473684211
0 0.8400260416666666 0.4005263157894737 0.05652604166666677 0.03376842105263162
0 0.7675625 0.17321052631578948 0.020234374999999954 0.04831578947368419
0 0.79021875 0.16890526315789475 0.020901041666666724 0.04872631578947371
0 0.46160416666666665 0.4542421052631579 0.015463541666666695 0.03292631578947366
0 0.490953125 0.45431578947368423 0.03249479166666672 0.030063157894736785
0 0.530078125 0.4548526315789474 0.02592187499999999 0.037168421052631524
0 0.5743072916666667 0.45417894736842107 0.0429531249999999 0.03579999999999999
0 0.6284114583333333 0.4636 0.061869791666666646 0.0606736842105263
0 0.6834635416666667 0.45410526315789473 0.041020833333333444 0.038673684210526325
0 0.7275885416666666 0.4547894736842105 0.03255729166666678 0.04004210526315786
0 0.7686770833333333 0.45342105263157895 0.03288020833333339 0.03730526315789479
0 0.7967447916666667 0.45916842105263156 0.014609375000000095 0.03675789473684206
1 0.5262135416666667 0.5273052631578947 0.14319270833333336 0.0617473684210526
1 0.5356458333333334 0.6052105263157895 0.16354687500000006 0.06719999999999991
0 0.6295052083333333 0.6702105263157895 0.342328125 0.043810526315789355
0 0.7800364583333333 0.7906315789473685 0.046671875000000064 0.038031578947368534
0 0.47891666666666666 0.8913684210526315 0.04710937500000002 0.04703157894736849
0 0.6546979166666667 0.8893157894736843 0.29599479166666665 0.04292631578947365
0 0.5627447916666667 0.7878947368421053 0.05255729166666659 0.032568421052631635
0 0.13444270833333333 0.1454 0.03822395833333333 0.07388421052631579
0 0.133734375 0.22289473684210526 0.03829687499999999 0.06648421052631576
0 0.13339583333333332 0.3031368421052632 0.03761979166666667 0.06454736842105269
0 0.13444270833333333 0.3777684210526316 0.03822395833333333 0.0574210526315789
0 0.13478125 0.45833684210526315 0.03890104166666668 0.07119999999999999
0 0.13556249999999997 0.5386421052631579 0.03599479166666667 0.06640000000000004
0 0.13447916666666665 0.6137578947368422 0.03680729166666666 0.06924210526315787