0 0.01800892857142857 0.027342105263157897 0.022107142857142863 0.036776315789473685
0 0.06254464285714285 0.028671052631578948 0.05564285714285714 0.03943421052631579
0 0.13526785714285713 0.026605263157894736 0.07608928571428572 0.03823684210526316
0 0.20835714285714288 0.026605263157894736 0.06154464285714289 0.03823684210526316
0 0.2668392857142857 0.02594736842105263 0.04556249999999998 0.036907894736842105
0 0.3151696428571429 0.021763157894736842 0.03905357142857144 0.03731578947368421
0 0.36994642857142856 0.02368421052631579 0.059330357142857185 0.044092105263157884
0 0.4419017857142858 0.025013157894736848 0.05245535714285719 0.04675
0 0.5151785714285714 0.024342105263157894 0.08035714285714286 0.04868421052631579
0 0.5896964285714286 0.023750000000000007 0.054383928571428646 0.041302631578947376
0 0.6443035714285714 0.02594736842105263 0.0425535714285715 0.036907894736842105
0 0.6983125 0.023750000000000007 0.05533928571428573 0.041302631578947376
0 0.7506607142857143 0.02348684210526316 0.03900892857142862 0.04448684210526316
0 0.7978214285714286 0.023026315789473683 0.04205357142857135 0.04276315789473684
0 0.8456071428571429 0.023618421052631577 0.038428571428571395 0.04688157894736843
0 0.9017857142857143 0.023750000000000007 0.059517857142857115 0.041302631578947376
3 0.5 0.17942105263157895 1 0.2269078947368421
0 0.37170535714285713 0.25963157894736844 0.06483035714285716 0.04522368421052632
0 0.4376696428571429 0.25551315789473683 0.051910714285714275 0.04282894736842107
0 0.49583035714285717 0.25764473684210526 0.049187499999999926 0.04123684210526313
0 0.5674285714285714 0.25625 0.0772946428571428 0.041368421052631575
0 0.6655714285714286 0.25185526315789475 0.10098214285714277 0.050144736842105284
3 0.30625892857142856 0.6641973684210526 0.43194642857142856 0.36019736842105254
3 0.7466160714285714 0.6641973684210526 0.4257589285714285 0.36019736842105254
0 0.5025535714285715 0.8168421052631578 0.024928571428571494 0.030986842105263097
0 0.9447589285714286 0.8175131578947368 0.02045535714285701 0.03231578947368414