0 0.13635042735042738 0.08212480252764613 0.21569230769230774 0.03491311216429699
0 0.32371794871794873 0.08385860979462875 0.09470085470085467 0.04101500789889414
0 0.4495726495726496 0.08272511848341232 0.10708547008547005 0.036109794628751975
0 0.6224188034188034 0.08313981042654028 0.19636752136752136 0.044845971563981034
0 0.8378717948717949 0.08062796208530806 0.20562393162393156 0.04508688783570301
2 0.5045299145299145 0.13674960505529227 0.9292649572649575 0.05727488151658767
0 0.910128205128205 0.14165876777251185 0.0766410256410257 0.035493680884676145
1 0.11616239316239316 0.203522906793049 0.1525128205128205 0.04337677725118483
1 0.32137606837606836 0.20208925750394943 0.19258119658119652 0.05103475513428119
0 0.5544444444444445 0.2035821484992101 0.20286324786324778 0.040864928909952615
0 0.7542307692307693 0.20406398104265405 0.1295213675213675 0.04708530805687205
0 0.9052051282051281 0.2035821484992101 0.1123760683760684 0.040864928909952615
0 0.18813675213675213 0.32761453396524487 0.2622905982905983 0.044060031595576594
0 0.46211965811965805 0.32761453396524487 0.26323931623931623 0.044060031595576594
0 0.7658717948717948 0.32941153238546605 0.3237350427350426 0.04765007898894159
0 0.18555555555555556 0.3739849921011058 0.2571111111111111 0.04464849921011057
0 0.49447863247863244 0.37649684044233805 0.327965811965812 0.044407582938388646
0 0.06269230769230769 0.8367259083728279 0.06267521367521366 0.038060821484992055
0 0.19863247863247863 0.8378633491311216 0.16362393162393163 0.042969984202211764
0 0.5346410256410257 0.8404976303317535 0.06640170940170945 0.03770142180094788
0 0.6523333333333333 0.8367259083728279 0.13653846153846153 0.038060821484992055
0 0.9063760683760684 0.8503080568720379 0.12040170940170931 0.04679304897314359
0 0.10424786324786324 0.9312006319115325 0.14008547008547012 0.07166271721958918
0 0.3007948717948718 0.9300039494470774 0.14571794871794871 0.06926935229067943
0 0.495017094017094 0.9282109004739336 0.13529914529914527 0.06567930489731445
0 0.7105982905982906 0.9312006319115325 0.1391111111111111 0.07166271721958918
0 0.8980854700854701 0.9288665086887835 0.1266239316239317 0.06436413902053723