0 0.14992447129909364 0.030737704918032786 0.024924471299093656 0.03415300546448088
0 0.19259818731117825 0.036202185792349725 0.04078549848942598 0.04234972677595628
0 0.2545317220543807 0.0389344262295082 0.052870090634441085 0.036885245901639344
0 0.311178247734139 0.03415300546448088 0.0377643504531722 0.0273224043715847
0 0.3821752265861027 0.036202185792349725 0.0634441087613293 0.036885245901639344
0 0.9025679758308157 0.03483606557377049 0.04229607250755287 0.036885245901639344
0 0.9399546827794562 0.036202185792349725 0.023413897280966767 0.031420765027322405
0 0.06306646525679759 0.44603825136612024 0.04003021148036254 0.045081967213114756
0 0.10234138972809667 0.44398907103825136 0.02945619335347432 0.03825136612021858
0 0.15483383685800603 0.444672131147541 0.05740181268882175 0.036885245901639344
2 0.722809667673716 0.0389344262295082 0.2945619335347432 0.04234972677595628