0 0.24358974358974358 0.08622827804107426 0.28205128205128205 0.025011848341232223
0 0.4971538461538461 0.07701421800947868 0.20797435897435895 0.035545023696682464
0 0.9373247863247864 0.08622827804107426 0.09117094017094024 0.03554502369668248
2 0.49429914529914526 0.14218009478672985 0.9088290598290598 0.05792654028436017
0 0.33617948717948715 0.20273696682464457 0.36467521367521366 0.0315955766192733
0 0.7022820512820512 0.20273696682464457 0.3333333333333333 0.0315955766192733
0 0.10399145299145299 0.33175355450236965 0.1339059829059829 0.036860189573459684
0 0.2977179487179487 0.3422867298578199 0.24216239316239319 0.04739336492890995
0 0.5797692307692308 0.33570300157977884 0.26495726495726496 0.04475908372827801
0 0.8475811965811967 0.33767772511848343 0.26495726495726507 0.06450631911532383
0 0.1267777777777778 0.8116113744075829 0.1680940170940171 0.0697748815165877
0 0.31196581196581197 0.8162203791469195 0.17378632478632483 0.0631911532385466
0 0.4672393162393162 0.8102962085308058 0.14814529914529914 0.05397709320695106
0 0.6609658119658121 0.8109518167456555 0.1481452991452991 0.06582543443917854
0 0.8944444444444445 0.8023301737756714 0.2111111111111111 0.06200631911532385
0 0.07407692307692308 0.08425355450236967 0.03988888888888888 0.023696682464454975