1 0.6308803418803419 0.2802412187896742 0.6698717948717949 0.056225137537029256
1 0.6263418803418804 0.34807448159119764 0.6875042735042735 0.05012272534913248
0 0.49894017094017096 0.2235209479475243 0.07478632478632478 0.0189547185780787
0 0.4927948717948719 0.45438425730004234 0.9332307692307693 0.0913499788404571
0 0.8496324786324787 0.7061489631823953 0.10844444444444434 0.05319509098603462
0 0.7187521367521368 0.7041641980533221 0.11378632478632487 0.05980956411341512
0 0.47276068376068375 0.7080025391451544 0.35363247863247865 0.05478205670757504
3 0.5002735042735044 0.8452517985611511 0.9481880341880343 0.09229792636479058
0 0.8987777777777777 0.02544223444773593 0.14263247863247872 0.029060516292848074
0 0.647974358974359 0.025966991112991958 0.23397435897435898 0.038582310622090554
0 0.3726068376068376 0.021739314430808294 0.1907094017094017 0.03646635632670334
0 0.12206837606837606 0.023457469318662716 0.1704102564102564 0.025095217943292423