0 0.02609992542878449 0.03783469150174622 0.041014168530947054 0.046565774155995346
0 0.09321401938851603 0.034924330616996506 0.050335570469798654 0.04074505238649592
0 0.168255033557047 0.040023282887078 0.06431767337807606 0.03928987194412107
0 0.26612975391498883 0.036379511059371365 0.08855331841909023 0.03783469150174622
0 0.3691275167785235 0.033469150174621654 0.07457121551081283 0.03783469150174622
0 0.4572184936614467 0.0320139697322468 0.07363907531692766 0.03783469150174622
1 0.5508948545861297 0.03565774155995343 0.08762117822520507 0.03346915017462165
0 0.6552945563012678 0.03274738067520372 0.06524981357196122 0.02764842840512223
0 0.7522371364653244 0.0320139697322468 0.06152125279642058 0.02619324796274738
1 0.8324011931394482 0.026926658905704302 0.06524981357196122 0.021827706635622814
1 0.9456599552572708 0.0320139697322468 0.04008202833706189 0.023282887077997673
1 0.6534302759134973 0.10331781140861467 0.05592841163310962 0.02037252619324796
1 0.7480462341536168 0.10114086146682189 0.10346756152125289 0.030558789289871945
1 0.837061894108874 0.10186263096623982 0.05592841163310962 0.014551804423748545
0 0.12397464578672632 0.10477299185098952 0.02237136465324385 0.03783469150174622
0 0.15380313199105144 0.10987194412107101 0.02237136465324385 0.033469150174621654
0 0.18456375838926176 0.10477299185098952 0.02237136465324385 0.02910360884749709
0 0.21718866517524235 0.10913853317811409 0.03169276659209545 0.0320139697322468
0 0.8268083519761372 0.16225844004656576 0.05592841163310962 0.024738067520372525
0 0.7988441461595824 0.5537019790454016 0.05965697240865026 0.033469150174621654
0 0.6310589112602536 0.4780325960419092 0.2181208053691275 0.04220023282887078
0 0.6818642803877704 0.8389173457508731 0.3215883668903804 0.0480209545983702
0 0.7224086502609992 0.9174970896391152 0.04660700969425802 0.021827706635622817
0 0.15893363161819538 0.8330966239813736 0.02889634601043997 0.04511059371362049
0 0.18969425801640566 0.8352735739231665 0.02703206562266965 0.04074505238649592
0 0.22231916480238628 0.8345518044237485 0.025167785234899327 0.036379511059371365
0 0.25260999254287847 0.8374621653084983 0.02982848620432513 0.04220023282887078
0 0.2833706189410887 0.8338183934807916 0.02796420581655481 0.046565774155995346
0 0.31646532438478747 0.8345518044237485 0.025167785234899327 0.04220023282887078
0 0.3472259507829978 0.8367287543655413 0.02703206562266965 0.04074505238649592
0 0.3775167785234899 0.8345518044237485 0.02982848620432513 0.04511059371362049
0 0.4115436241610738 0.8330966239813736 0.02703206562266965 0.04511059371362049
0 0.44230425055928413 0.830908032596042 0.02703206562266965 0.043655413271245634
0 0.3612080536912752 0.6664726426076834 0.017710663683818045 0.014551804423748545
0 0.3584116331096197 0.45474970896391154 0.008389261744966443 0.0160069848661234