0 0.7359154929577465 0.2939464493597206 0.40375586854460094 0.046565774155995346
0 0.9266478873239438 0.04220023282887078 0.0739436619718311 0.03783469150174622
0 0.7382629107981221 0.5893480791618161 0.34507042253521125 0.0320139697322468
0 0.896131455399061 0.41763678696158324 0.06924882629107981 0.02037252619324796
0 0.12206572769953052 0.7079511059371362 0.03286384976525822 0.0480209545983702
0 0.1643192488262911 0.7072176949941793 0.035211267605633804 0.046565774155995346
0 0.20539906103286384 0.7079511059371362 0.035211267605633804 0.04511059371362049
0 0.24413145539906103 0.7079511059371362 0.035211267605633804 0.03928987194412107
0 0.2828638497652582 0.7050407450523865 0.035211267605633804 0.053841676367869615
0 0.32218779342723003 0.7115832363213038 0.03873239436619718 0.04074505238649592
0 0.3609201877934272 0.7144935972060535 0.036384976525821594 0.05238649592549476
0 0.4014084507042254 0.7094062863795111 0.035211267605633804 0.036379511059371365
0 0.7394366197183099 0.6846682188591385 0.4061032863849765 0.0480209545983702
0 0.744131455399061 0.7283236321303842 0.07981220657276995 0.021827706635622817