0 0.9298790746582545 0.052518597236981934 0.0676919032597266 0.03210414452709884
0 0.8729652996845426 0.04826780021253985 0.024842271293375396 0.029978746014877794
0 0.8404994742376446 0.055302869287991496 0.020373291272344902 0.0398087141339001
0 0.6865141955835962 0.051583421891604676 0.016035751840168245 0.036620616365568535
0 0.6200052576235542 0.054240170031880974 0.05651945320715037 0.03130712008501593
0 0.5436382754994742 0.05184909670563231 0.04311251314405889 0.030775770456960675
0 0.461882229232387 0.053974495217853344 0.04784437434279706 0.02652497343251859
0 0.38209779179810727 0.052518597236981934 0.053890641430073605 0.03210414452709884
0 0.3025131440588854 0.05184909670563231 0.04061514195583596 0.030775770456960675
0 0.22785488958990535 0.053315621679064826 0.043769716088328074 0.035823591923485665
3 0.9104258675078865 0.7087566418703507 0.17074132492113564 0.22025504782146652
0 0.6044952681388013 0.9042826780021254 0.025499474237644586 0.05231668437832095
0 0.5719663512092534 0.9037513283740701 0.027471083070452155 0.053379383634431475
0 0.5409463722397477 0.9053453772582358 0.02852260778128286 0.06081827842720512
0 0.9810725552050473 0.7916471838469714 0.024185068349106203 0.04384697130712008
1 0.8006729758149317 0.05597236981934113 0.027471083070452155 0.03051009564293306