0 0.07362099644128114 0.03571881606765328 0.02891459074733096 0.0348414376321353
0 0.1338967971530249 0.0329492600422833 0.05604982206405694 0.027188160676532767
0 0.21063167259786478 0.03162790697674419 0.06272241992882563 0.03511627906976744
0 0.28436832740213525 0.034672304439746296 0.07006227758007118 0.0263953488372093
0 0.3533185053380783 0.03176532769556025 0.030026690391459075 0.02692389006342494
0 0.4054715302491103 0.03506342494714588 0.05204626334519573 0.0335200845665962
0 0.4766459074733096 0.033742071881606765 0.04314946619217082 0.03088794926004228
0 0.5284697508896797 0.035327695560253704 0.026690391459074734 0.027716701902748414
0 0.5957562277580071 0.03242071881606765 0.07895907473309609 0.028245243128964058
0 0.6700444839857651 0.03189217758985201 0.05849644128113879 0.01873150105708245
0 0.7306494661921709 0.03321353065539112 0.026245551601423486 0.021374207188160674
0 0.7784697508896797 0.037832980972515855 0.028469750889679714 0.030613107822410144
0 0.8413078291814946 0.03400634249471459 0.07184163701067615 0.025073995771670188
0 0.9098131672597866 0.03242071881606765 0.06650355871886131 0.017674418604651163
0 0.2724644128113879 0.16347780126849895 0.4354982206405694 0.11487315010570827
0 0.7260943060498222 0.16149048625792814 0.4375000000000001 0.11090909090909093
0 0.7266459074733096 0.2885940803382664 0.4363879003558719 0.11563424947145876
0 0.2754715302491103 0.28700845665961944 0.4348309608540925 0.10823467230443973
0 0.7263167259786478 0.4557188160676533 0.4334964412811389 0.1116173361522199
0 0.27313167259786475 0.4583615221987315 0.43238434163701067 0.11690274841437635
0 0.7268683274021353 0.5806976744186046 0.43238434163701067 0.10999999999999995
0 0.27302491103202847 0.5826849894291755 0.4343861209964413 0.11396405919661728
0 0.7273131672597865 0.7073995771670191 0.4332740213523132 0.11815010570824522
0 0.2741370106761566 0.7064693446088796 0.43216192170818507 0.1120718816067653
0 0.7277580071174378 0.8323784355179703 0.43416370106761565 0.11653276955602537
0 0.273576512455516 0.8318498942917547 0.4332740213523132 0.10701902748414377
0 0.7273131672597865 0.9503171247357294 0.4332740213523132 0.09936575052854123
0 0.27591637010676157 0.9471881606765328 0.435720640569395 0.10090909090909095