0 0.04844345616264295 0.10878918918918919 0.03335451080050826 0.033783783783783786
0 0.09609275730622617 0.10743783783783784 0.03653113087674714 0.03918918918918919
0 0.14493646759847523 0.11486486486486487 0.0389135959339263 0.02972972972972973
0 0.19179161372299872 0.11621621621621622 0.0389135959339263 0.032432432432432434
0 0.24261753494282084 0.12297297297297298 0.05003176620076239 0.03513513513513514
0 0.2910609911054638 0.11486486486486487 0.03732528589580686 0.03513513513513514
0 0.33592757306226173 0.10878918918918919 0.03970775095298602 0.02837837837837838
0 0.7127573062261754 0.05068108108108108 0.027795425667090215 0.031081081081081083
0 0.7393583227445998 0.04594594594594595 0.022236340533672173 0.02972972972972973
0 0.7739072426937739 0.0472972972972973 0.027795425667090215 0.03513513513513514
0 0.8942185514612452 0.845945945945946 0.18106734434561628 0.043243243243243246
1 0.08378653113087674 0.8554054054054054 0.10403430749682338 0.03513513513513514
3 0.8914421855146125 0.6594594594594595 0.20409783989834815 0.44324324324324327
0 0.9756226175349428 0.9243243243243243 0.0389135959339263 0.062162162162162166