3 0.9478825622775802 0.07122977346278317 0.09119217081850534 0.12453074433656958
3 0.9318683274021353 0.8746494066882415 0.11877224199288257 0.19737864077669906
3 0.83214709371293 0.4313268608414239 0.045077105575326216 0.5016720604099245
3 0.6935824436536181 0.5460841423948221 0.1964709371293001 0.10768069039913693
3 0.6942467378410438 0.33170442286947144 0.1963226571767497 0.3045846817691478
3 0.692099644128114 0.7426429341963322 0.1875741399762752 0.28073354908306364
3 0.3512040332147094 0.9198166127292341 0.45180901542111507 0.12591154261057177
3 0.06064650059311981 0.5011542610571738 0.09460260972716489 0.647799352750809
3 0.05983392645314353 0.0841747572815534 0.09148873072360617 0.15256742179072277
3 0.3545373665480427 0.2528371089536138 0.44513641755634636 0.1468608414239482
2 0.3542408066429419 0.043872707659115426 0.4445432977461447 0.06333333333333334
0 0.5550889679715303 0.044271844660194175 0.014383155397390273 0.03825242718446601
0 0.7693534994068802 0.042114347357065804 0.04848754448398576 0.053354908306364614
0 0.7697983392645315 0.11694714131607335 0.05234282325029656 0.0519848975188781
0 0.7030723606168446 0.11896440129449838 0.07310201660735469 0.04524271844660194
0 0.626779359430605 0.12341963322545846 0.07028469750889679 0.049827400215749724
0 0.5573131672597865 0.12031283710895362 0.06331553973902729 0.047939590075512406
0 0.4940688018979834 0.12180151024811219 0.051008303677342826 0.053063646170442284
0 0.4390569395017794 0.12207119741100324 0.050711743772241996 0.04713052858683926
0 0.3888671411625148 0.11923408845738943 0.046708185053380785 0.06088457389428263
0 0.336079478054567 0.1212621359223301 0.0478944246737841 0.04335490830636461
0 0.27283511269276395 0.12247033441208198 0.06524317912218268 0.043624595469255664
0 0.21204033214709372 0.12300970873786408 0.05041518386714116 0.042545846817691475
0 0.15732502965599052 0.1243581445523193 0.050711743772241996 0.04524271844660194