2 0.2889254385964912 0.030088202866593163 0.2624707602339181 0.05980154355016538
3 0.49263157894736836 0.030804851157662627 0.14356725146198837 0.0612348401323043
0 0.7885526315789474 0.03051819184123484 0.03573099415204686 0.041764057331863294
0 0.8364327485380117 0.030595369349503857 0.05005116959064313 0.03875413450937156
0 0.9158771929824562 0.03067254685777288 0.0961549707602339 0.03574421168687983
0 0.86671783625731 0.10160970231532525 0.0521271929824561 0.04846747519294378
0 0.9318713450292397 0.09938257993384784 0.07175438596491217 0.04718853362734287
0 0.06095029239766082 0.10503858875413451 0.04461257309941521 0.06164277839029768
0 0.10594298245614035 0.09796030871003307 0.034342105263157896 0.044321940463065035
0 0.15543859649122807 0.09337375964718853 0.04353801169590643 0.04776185226019845
0 0.025307017543859646 0.3365380374862183 0.03807017543859649 0.07102535832414549
0 0.9610672514619883 0.34040793825799337 0.03615497076023395 0.06616317530319735
3 0.2538377192982456 0.350837927232635 0.46171783625731 0.38313120176405735
3 0.7281944444444444 0.3493384785005513 0.46013888888888893 0.3832745314222712
0 0.3362573099415205 0.7208710033076076 0.0710014619883041 0.05532524807056236
0 0.41461257309941524 0.7201653803748622 0.0794225146198831 0.053891951488423497
0 0.49249269005847957 0.7187982359426682 0.06601608187134499 0.04802646085997789
0 0.5625438596491228 0.7207276736493936 0.0682675438596492 0.06133406835722173
0 0.6416593567251462 0.7206615214994487 0.08656432748538018 0.06434399117971323