0 0.9581374900079936 0.04207043756670224 0.048561151079136694 0.05998932764140876
0 0.9053796962430057 0.04260405549626468 0.04696243005595523 0.05892209178228389
0 0.8581135091926458 0.04313767342582711 0.03437250199840128 0.057854855923159025
0 0.6938449240607514 0.1306403415154749 0.03357314148681055 0.03221985058697972
0 0.6399920063948841 0.13183564567769476 0.05975219824140687 0.03248665955176094
0 0.5850359712230215 0.13410885805763073 0.033772981614708236 0.03061899679829242
0 0.5165867306155076 0.1291675560298826 0.09072741806554756 0.04849519743863394
0 0.4250599520383693 0.12810032017075773 0.07553956834532374 0.039957310565635
0 0.34203037569944045 0.12637139807897546 0.06734612310151879 0.040757737459978655
0 0.28667466027178257 0.1303735325506937 0.024580335731414868 0.038089647812166484
0 0.23441247002398083 0.12637139807897546 0.06994404476418865 0.051430096051227316
0 0.16586730615507594 0.12543223052294558 0.04876099120703437 0.045293489861259334
0 0.10801758593125499 0.13316969050160085 0.050959232613908875 0.024482390608324436
0 0.042366107114308556 0.13477054429028815 0.025579536370903277 0.04262540021344717
0 0.9100719424460432 0.8309071504802561 0.1223021582733813 0.03468516542155817
0 0.5336770583533174 0.6915261472785486 0.022981614708233414 0.03339381003201704
0 0.5059952038369304 0.6925933831376735 0.017585931254996003 0.020586979722518637
0 0.7499040767386091 0.42648879402347917 0.02378097521982414 0.03266808964781218
0 0.2447082334132694 0.4314194236926361 0.028577138289368507 0.036136606189967994
2 0.3535171862509992 0.04860192102454643 0.3481215027977618 0.04958377801494129
0 0.503101518784972 0.045933831376734256 0.021782573940847323 0.0335752401280683