3 0.08933096506808762 0.24124733475479743 0.16711071640023684 0.3625159914712154
0 0.8859561870929544 0.32570362473347547 0.019686204854943753 0.03879530916844348
0 0.7554055654233275 0.32170575692963754 0.025014801657785673 0.030799573560767575
0 0.7201006512729425 0.3287633262260128 0.021018354055654234 0.029999999999999985
0 0.6775488454706928 0.3249040511727079 0.041000592066311424 0.035063965884861395
0 0.6358792184724689 0.3278358208955224 0.027235050325636473 0.03453091684434967
0 0.5951746595618709 0.32689765458422176 0.03759621077560687 0.039051172707889124
0 0.5595796329188869 0.32650319829424307 0.021166370633510952 0.03186567164179103
0 0.5263469508584961 0.3318336886993603 0.021314387211367674 0.02120469083155649
0 0.4882356423919479 0.32810234541577826 0.02649496743635287 0.02866737739872067
0 0.4564120781527531 0.3283688699360341 0.019094138543516874 0.03346481876332621
0 0.42480757844878625 0.3274307036247335 0.02545885139135583 0.02733475479744135
0 0.38839550029603315 0.32689765458422176 0.02960331557134399 0.028400852878464805
0 0.35820011841326227 0.3283688699360341 0.022498519834221433 0.02280383795309167
0 0.3231201894612197 0.3250319829424307 0.03226761397276495 0.037462686567164165
0 0.1884251036116045 0.3254371002132196 0.017465956187092953 0.03399786780383794
3 0.8075784487862641 0.23455223880597015 0.16933096506808762 0.09317697228144987
3 0.2651746595618709 0.23362473347547974 0.16947898164594435 0.08704690831556501
3 0.53700414446418 0.05987206823027718 0.43931320307874483 0.10415778251599146
0 0.8610894020130255 0.1408955223880597 0.046921255180580226 0.027388059701492534
0 0.7759798697454116 0.09958422174840086 0.033599763173475426 0.019402985074626854