0 0.13208762886597938 0.14468017057569296 0.04878221649484535 0.03959488272921107
0 0.18179123711340206 0.14772921108742004 0.0395811855670103 0.03350746268656717
0 0.22551546391752578 0.1469722814498934 0.02945231958762889 0.025895522388059707
0 0.26739690721649484 0.14544776119402986 0.024851804123711373 0.025895522388059707
0 0.3074355670103093 0.14925373134328357 0.027615979381443306 0.021321961620469083
0 0.3456378865979381 0.1469722814498934 0.028537371134020596 0.025895522388059707
0 0.3948840206185567 0.14468017057569296 0.04050257731958756 0.027409381663113
0 0.4478092783505155 0.14468017057569296 0.02669458762886602 0.027409381663113
0 0.491069587628866 0.14468017057569296 0.02669458762886602 0.027409381663113
0 0.532951030927835 0.14468017057569296 0.04418170103092779 0.03350746268656717
0 0.5891043814432989 0.1469722814498934 0.02577319587628866 0.02284648187633263
0 0.6392654639175258 0.14925373134328357 0.03773840206185563 0.021321961620469083
0 0.690354381443299 0.1469722814498934 0.04602448453608237 0.028933901918976532
0 0.7492654639175257 0.1469722814498934 0.03129510309278361 0.019797441364605536
0 0.7929832474226804 0.14087420042643922 0.028537371134020596 0.02284648187633263
2 0.7193492268041237 0.047217484008528786 0.17581185567010318 0.039594882729211085
3 0.1173582474226804 0.05102345415778251 0.16476159793814435 0.08071428571428572
3 0.9066623711340207 0.42186567164179106 0.15831829896907218 0.3198294243070363