0 0.3153688092729189 0.2735531914893617 0.037634351949420476 0.030393617021276617
0 0.3586459430979979 0.27203191489361706 0.03838777660695464 0.033436170212765966
0 0.4079504741833509 0.2750744680851064 0.04064278187565864 0.030393617021276617
0 0.4519810326659642 0.2773510638297872 0.0413962065331928 0.025840425531914884
0 0.575795574288725 0.2158085106382979 0.027096944151738585 0.018234042553191474
0 0.6115437302423604 0.21048936170212768 0.03537407797681764 0.019755319148936162
0 0.6525658587987355 0.2142872340425532 0.027096944151738585 0.018234042553191474
0 0.6834246575342466 0.21808510638297873 0.028603793466807147 0.02279787234042554
0 0.7244467860906217 0.21504255319148935 0.04741833508956796 0.019755319148936162
0 0.7609536354056902 0.21124468085106382 0.03010537407797675 0.02127659574468085
0 0.6774025289778715 0.08738297872340425 0.025590094836670265 0.019755319148936162
0 0.7135353003161222 0.08967021276595745 0.03010537407797675 0.01520212765957446
0 0.7432613277133825 0.09118085106382978 0.027850368809272986 0.009117021276595737
0 0.7790147523709168 0.08814893617021277 0.03763435194942036 0.018234042553191505
0 0.821917808219178 0.0866276595744681 0.03914120126448892 0.018234042553191474
0 0.9197629083245522 0.08967021276595745 0.01956796628029498 0.018234042553191505
0 0.950626975763962 0.08814893617021277 0.022581664910432103 0.018234042553191505
0 0.983213909378293 0.0866276595744681 0.0335669125395153 0.02127659574468085
0 0.019193888303477343 0.3206702127659575 0.03236564805057955 0.0516702127659575
0 0.01731296101159115 0.39741489361702126 0.02860379346680716 0.04711702127659571
0 0.018066385669125395 0.46656382978723404 0.02107481559536354 0.039510638297872325
0 0.02182824025289779 0.5364787234042553 0.018066385669125398 0.04862765957446806
0 0.01768703898840885 0.5995425531914894 0.03085879873551107 0.05319148936170213
0 0.02107481559536354 0.6656489361702128 0.03462065331928345 0.0425531914893617
0 0.015806111696522657 0.9285744680851064 0.025590094836670175 0.024319148936170105
0 0.018066385669125395 0.9802446808510638 0.022581664910432033 0.03343617021276603
0 0.25854056902002104 0.5281170212765958 0.07 0.0714255319148936
0 0.2592939936775553 0.601063829787234 0.0609641728134879 0.06839361702127655
0 0.2570389884088514 0.667936170212766 0.0639778714436249 0.041031914893616954
0 0.25515806111696526 0.7363191489361702 0.04967860906217072 0.05319148936170213
0 0.2570389884088514 0.8077553191489362 0.07150158061116967 0.06230851063829781
0 0.3198840885142255 0.7028829787234043 0.04365648050579552 0.025840425531914856
0 0.3198840885142255 0.7340425531914894 0.04064278187565864 0.024319148936170105
0 0.31913066385669125 0.762159574468085 0.037634351949420476 0.019755319148936103
0 0.3195100105374078 0.795595744680851 0.03236564805057959 0.025840425531914856
0 0.321390937829294 0.8237127659574468 0.03914120126448892 0.02127659574468085
0 0.32101685985247624 0.8571382978723404 0.03838777660695464 0.030393617021276527
0 0.3198840885142255 0.8875425531914893 0.04365648050579552 0.02127659574468085
0 0.8174025289778715 0.3685425531914894 0.06322444678609063 0.09270212765957446
0 0.8185300316122234 0.27811702127659577 0.06698630136986294 0.07294680851063833
0 0.6081612223393045 0.2758404255319149 0.04515806111696524 0.041031914893617044
0 0.6378872497365649 0.27052127659574465 0.02935194942044259 0.02127659574468082
0 0.6679978925184404 0.2667127659574468 0.02935194942044259 0.041031914893617016
0 0.7037460484720759 0.2743191489361702 0.03311907270811387 0.03495744680851065
0 0.7507903055848262 0.27203191489361706 0.054947312961011574 0.033436170212765966
0 0.8166491043203372 0.6512127659574468 0.057202318229715575 0.05014893617021287
0 0.8185300316122234 0.7097234042553191 0.059462592202318296 0.057755319148936134
0 0.8174025289778715 0.7636808510638298 0.06322444678609063 0.05014893617021287
0 0.8162750263435194 0.8373829787234043 0.054947312961011574 0.08814893617021266
1 0.2592939936775553 0.2735531914893617 0.06548472075869334 0.030393617021276617
0 0.310100105374078 0.08967021276595745 0.1475237091675448 0.027351063829787244
0 0.26343519494204426 0.18009574468085104 0.10688092729188624 0.11094680851063832
0 0.018066385669125395 0.15425531914893617 0.034620653319283455 0.0866276595744681
0 0.01768703898840885 0.2522765957446808 0.02785036880927292 0.054712765957446785
0 0.014678609062170707 0.0919468085106383 0.008277133825079034 0.019755319148936162
0 0.024836670179135933 0.08890425531914893 0.009030558482613277 0.013680851063829802
0 0.038008429926238145 0.08738297872340425 0.00978398314014752 0.016712765957446817
0 0.049299262381454156 0.09270212765957447 0.00978398314014752 0.01520212765957446
0 0.06397787144362488 0.09042553191489362 0.015052687038988405 0.019755319148936162
3 0.5 0.032446808510638296 1 0.06489361702127659
3 0.49973656480505796 0.9617021276595744 0.9994731296101159 0.07659574468085106