0 0.01586261143156791 0.03030949839914621 0.018232826428945994 0.04195304162219851
0 0.0888883062401678 0.03536819637139808 0.021955951756685896 0.042924226254002135
0 0.12143681174619823 0.03245464247598719 0.033109596224436294 0.0432017075773746
0 0.15827477713686416 0.03038420490928495 0.02887781856318828 0.03903948772678762
0 0.19214997378080756 0.027534685165421558 0.029208180388044073 0.036414087513340444
0 0.03417409543786051 0.08421558164354322 0.05785527005768223 0.03390608324439701
0 0.034514944939695855 0.12267876200640342 0.05853696906135291 0.03458911419423692
0 0.03390665967488201 0.1624546424759872 0.05431567907708442 0.04094983991462114
0 0.03557420031463031 0.2016008537886873 0.059150498164656534 0.04302027748132337
0 0.09124278972207656 0.25780149413020276 0.013172522286313585 0.03039487726787622
1 0.10455165180912428 0.25830309498399145 0.010241216570529614 0.03107790821771609
1 0.058259045621394855 0.42844183564567767 0.03822758259045622 0.030747065101387347
0 0.042380702674357625 0.4854108858057631 0.07125852123754588 0.027481323372465314
0 0.017933927635028844 0.5352187833511206 0.018762454116413214 0.059348986125933784
0 0.04467750393287887 0.534770544290288 0.02006292606187729 0.060266808964781184
0 0.07166754063974828 0.5347278548559232 0.02005243838489775 0.06200640341515477
0 0.09904562139486103 0.5355176093916756 0.02171997902464605 0.06542155816435427
0 0.036984792868379655 0.6004802561366062 0.06406397482957525 0.02869797225186777
0 0.03753539590980598 0.6426787620064035 0.058872574724698486 0.032518676627534715
0 0.03776088096486629 0.6810458911419424 0.05842160461457787 0.03234791889007465
0 0.044735186156266385 0.7189114194236926 0.07146303093864707 0.034834578441835753
0 0.03632931305715784 0.7560725720384206 0.05555846879916098 0.030405549626467458
0 0.04426324069218668 0.7969050160085379 0.07322496067121131 0.03696905016008548
3 0.46945464079706345 0.45617929562433296 0.19830099632931303 0.30118463180362853
0 0.46871525957000526 0.5037246531483458 0.16434714210802312 0.049871931696905035
0 0.4688044048243314 0.5647171824973319 0.16062926061877297 0.052860192102454615
2 0.4994493969585737 0.03136606189967983 0.21152071316203455 0.04917822838847385
0 0.814698479286838 0.03220917822838847 0.0663398007341375 0.04558164354322305
0 0.8751966439433665 0.03172892209178228 0.01972732039853167 0.039338313767342585
0 0.8972207656004195 0.031664887940234795 0.017005768222338666 0.041856990394877266
0 0.9349868904037756 0.029210245464247594 0.015873099108547447 0.039573105656350055
0 0.9590770844257998 0.02986125933831377 0.01727844782380693 0.03824973319103522
0 0.9809229155742003 0.03220917822838847 0.021997902464603994 0.04558164354322305
0 0.9934084950183535 0.0832870864461046 0.013183009963293064 0.04196371398078975
3 0.8413581541688516 0.07325506937033084 0.07678028316727849 0.04040554962646744
3 0.9349501835343471 0.07138740661686233 0.0690770844257997 0.03932764140875133
0 0.972186680650236 0.18138740661686234 0.012317776612480222 0.026616862326574172
1 0.9873623492396435 0.18204909284951976 0.011484006292606236 0.025293489861259327
3 0.8675196643943366 0.9521451440768409 0.08467750393287887 0.04065101387406608
0 0.9010907184058732 0.9478762006403415 0.010450970110120522 0.01795090715048019
0 0.8458468799160985 0.9833297758804695 0.04418458311484018 0.033329775880469606
0 0.8796276874672261 0.9835752401280683 0.015595175668589293 0.03284951974386337
0 0.897928683796539 0.9841728922091781 0.013224960671211221 0.02707577374599775
0 0.9149659150498164 0.9809818569903949 0.012218143681174715 0.028633938100320094
0 0.9821709491347667 0.9813233724653149 0.0356581017304667 0.03735325506937033