0 0.30072678331090175 0.04474669603524229 0.06308882907133244 0.03166299559471366
0 0.3461507402422611 0.04129955947136564 0.03617092866756393 0.03579295154185022
0 0.3911507402422611 0.05300660792951542 0.03532974427994617 0.02340308370044053
0 0.4269044414535666 0.04818281938325991 0.0344885598923284 0.03854625550660793
0 0.46559892328398383 0.04267621145374449 0.0344885598923284 0.04405286343612335
0 0.4992462987886945 0.04061674008810573 0.02607671601615074 0.028909691629955946
0 0.5337348586810229 0.03441629955947136 0.044582772543741586 0.0302863436123348
0 0.7608546433378197 0.0475 0.02607671601615074 0.03992290748898678
0 0.7940780619111709 0.05025330396475771 0.026917900403768506 0.03166299559471366
0 0.8247846567967699 0.04337004405286344 0.029441453566621804 0.03992290748898678
3 0.9076379542395693 0.5203744493392071 0.1009421265141319 0.663546255506608
0 0.04626514131897712 0.1280286343612335 0.04542395693135935 0.03579295154185022
0 0.127442799461642 0.12527533039647576 0.08664199192462987 0.03579295154185022
0 0.2069313593539704 0.1259691629955947 0.055518169582772545 0.028909691629955946
0 0.27506729475100944 0.12459251101321585 0.08243606998654104 0.03992290748898678
0 0.3545625841184388 0.123215859030837 0.06308882907133244 0.03716960352422907
0 0.42479811574697174 0.13215859030837004 0.05888290713324361 0.0302863436123348
0 0.7394010767160162 0.21269823788546255 0.19010767160161507 0.07020925110132159
0 0.7330955585464335 0.32213656387665196 0.1943135935397039 0.08535242290748898
0 0.7309892328398385 0.426079295154185 0.20020188425302826 0.0729625550660793
0 0.7335127860026918 0.5320814977973568 0.2069313593539704 0.07020925110132159
0 0.7322543741588157 0.6373898678414097 0.21113728129205922 0.08535242290748898
0 0.7288896366083446 0.739262114537445 0.20609017496635262 0.07709251101321586
0 0.8319313593539704 0.898953744493392 0.016823687752355317 0.03854625550660793