0 0.15902288188002472 0.1360212765957447 0.05124304267161411 0.031914893617021295
0 0.20540507111935682 0.13222340425531914 0.02562152133580702 0.027351063829787244
0 0.2420717377860235 0.13297872340425532 0.033574520717377834 0.037989361702127654
0 0.2813852813852814 0.13981914893617023 0.03269016697588127 0.024319148936170227
0 0.31849103277674706 0.14057446808510637 0.022084106369820677 0.0288723404255319
0 0.3551576994434137 0.1390531914893617 0.03710575139146568 0.0288723404255319
0 0.40993197278911564 0.1337340425531915 0.05124304267161404 0.027351063829787244
0 0.4633828076685219 0.13677659574468085 0.03622139764996904 0.03039361702127659
0 0.7089857761286333 0.06839361702127661 0.04682127396413113 0.027351063829787244
0 0.7558070500927644 0.06990425531914893 0.03269016697588134 0.024319148936170206
0 0.797334570191713 0.06687234042553192 0.04329004329004329 0.033436170212765966
0 0.8711008039579468 0.07142553191489362 0.06184291898577613 0.039510638297872346
0 0.842387136672851 0.8351063829787234 0.10160173160173158 0.05014893617021287
2 0.4925355596784168 0.06914893617021277 0.2977303648732221 0.047117021276595734