0 0.8415466262319939 0.21879957127545552 0.05155420773313116 0.029646302250803884
0 0.8557619408642911 0.26287245444801716 0.08377558756633814 0.029903536977491936
0 0.9235253980288098 0.05068595927116827 0.024071266110689916 0.03639871382636655
0 0.8872251705837756 0.05068595927116827 0.02539802880970432 0.03639871382636655
0 0.8519711902956786 0.05041800643086817 0.02312357846853677 0.04229367631296891
0 0.4194465504169826 0.049217577706323686 0.045109931766489766 0.031307609860664526
0 0.3735784685367703 0.047877813504823154 0.029188779378316907 0.028628081457663455
0 0.33453373768006067 0.05041800643086817 0.026914329037149357 0.020857449088960336
0 0.29767247915087186 0.05015005359056806 0.03089461713419257 0.026752411575562695
0 0.2488627748294162 0.050557341907824224 0.045109931766489766 0.033987138263665596
0 0.2047005307050796 0.049753483386923904 0.02880970432145565 0.030235798499464103
0 0.15760424564063685 0.04720257234726688 0.04264594389689159 0.027288317256162913
0 0.6024488248673238 0.1646838156484459 0.08699772554965883 0.030739549839228303
1 0.8036391205458681 0.04907824222936763 0.03639120545868082 0.02889603429796355
0 0.34467778620166795 0.5878563772775992 0.5949583017437453 0.10322615219721323
0 0.344579226686884 0.6990353697749196 0.5966641394996209 0.10051446945337618
0 0.3428733889310083 0.8133011789924972 0.5970432145564822 0.09967845659163987
0 0.34666413949962094 0.9266345123258306 0.5970432145564822 0.0926795284030011
3 0.34363153904473087 0.3532904608788853 0.5985595147839272 0.18929260450160773