0 0.2608886894075404 0.08647058823529412 0.05049371633752244 0.01770152505446623
0 0.3214811490125673 0.09123093681917212 0.03702872531418312 0.013616557734204794
0 0.37028725314183125 0.08986928104575163 0.02917414721723519 0.016339869281045753
0 0.401705565529623 0.08919389978213507 0.020197486535008975 0.01770152505446623
0 0.44042190305206463 0.08919389978213507 0.021319569120287252 0.01770152505446623
0 0.47969479353680433 0.08850762527233115 0.023563734290843807 0.013616557734204794
0 0.518967684021544 0.09123093681917212 0.030296229802513466 0.013616557734204794
0 0.5694614003590664 0.08986928104575163 0.025807899461400358 0.010893246187363835
0 0.6244434470377019 0.08850762527233115 0.04824955116696589 0.016339869281045753
0 0.6833482944344704 0.08850762527233115 0.04488330341113106 0.016339869281045753
0 0.8443716337522441 0.054466230936819175 0.028052064631956912 0.010893246187363835
0 0.8847666068222622 0.05379084967320262 0.03702872531418312 0.02042483660130719
0 0.9201077199281867 0.05310457516339869 0.020197486535008975 0.016339869281045753
0 0.9470377019748654 0.051742919389978215 0.026929982046678635 0.008169934640522876
0 0.928527827648115 0.08850762527233115 0.016831238779174147 0.01906318082788671
0 0.9526481149012568 0.0857843137254902 0.011220825852782765 0.024509803921568627
0 0.7725583482944345 0.13616557734204793 0.05947037701974865 0.024509803921568627
0 0.06508078994614004 0.08783224400871459 0.05385996409335727 0.02042483660130719
1 0.7495511669658886 0.08919389978213507 0.056104129263913824 0.01770152505446623