0 0.1484 0.17949265687583443 0.09491525423728814 0.03560747663551404
0 0.12617627118644067 0.2507076101468625 0.05800677966101695 0.02966622162883841
0 0.14425762711864404 0.306328437917223 0.08813559322033897 0.031148197596795706
0 0.11563389830508475 0.37086782376502 0.03088813559322034 0.029666221628838488
0 0.12655593220338981 0.4257543391188251 0.05423728813559322 0.0267022696929239
0 0.15178983050847455 0.4865687583444593 0.10621694915254234 0.032630173564753076
0 0.14538305084745762 0.5444325767690253 0.09039322033898307 0.029666221628838488
0 0.14463050847457629 0.6067289719626168 0.09491525423728815 0.0267022696929239
0 0.1288135593220339 0.6623631508678238 0.05724745762711864 0.022256341789052014
0 0.13220338983050847 0.7246728971962616 0.07005423728813558 0.022256341789052166
0 0.2613966101694915 0.17727636849132175 0.033145762711864396 0.031148197596795706
0 0.3043322033898305 0.17727636849132175 0.02862372881355934 0.028184245660881194
0 0.357064406779661 0.1817222963951936 0.0617694915254237 0.028184245660881194
0 0.4079118644067796 0.17281708945260346 0.03389830508474576 0.031148197596795706
0 0.4587593220338983 0.17431241655540722 0.039172881355932186 0.02225634178905209
0 0.5114847457627119 0.1780106809078772 0.05273220338983049 0.0267022696929239
0 0.5864406779661017 0.17504672897196263 0.07005423728813555 0.02373831775700933
0 0.7502847457627119 0.17504672897196263 0.030128813559322072 0.020774365821094796
0 0.7879457627118645 0.1802403204272363 0.02711864406779661 0.016315086782376538
0 0.8346508474576271 0.1780106809078772 0.03766779661016945 0.020774365821094796
0 0.7853084745762712 0.07935914552736982 0.027871186440678052 0.06082777036048064
0 0.8320135593220339 0.07862483311081442 0.03690847457627122 0.0593324432576769
0 0.8809762711864407 0.0801068090787717 0.042935593220338936 0.06527369826435246
0 0.8655389830508475 0.494739652870494 0.030128813559322072 0.08455273698264358
0 0.7860610169491525 0.710574098798398 0.015816949152542323 0.0267022696929239
0 0.868928813559322 0.712803738317757 0.012806779661016864 0.025220293724966755
3 0.4900203389830508 0.8774632843791723 0.8113016949152543 0.13795727636849123
2 0.4048949152542373 0.07714285714285714 0.3713762711864407 0.06527369826435246
3 0.688135593220339 0.07714285714285714 0.11977627118644073 0.06230974632843793