0 0.3256558877364247 0.09836065573770492 0.08694325808419769 0.04918032786885246
0 0.43662599145820624 0.09768306010928961 0.06787675411836486 0.05327868852459016
0 0.546064673581452 0.10314754098360655 0.06863941427699817 0.05327868852459016
0 0.6532214765100672 0.10382513661202186 0.06787675411836486 0.060109289617486336
1 0.850366076876144 0.09495081967213115 0.03965832824893228 0.031420765027322405
1 0.896888346552776 0.09289617486338798 0.04575960951799878 0.0273224043715847
0 0.9418852959121415 0.09289617486338798 0.01982916412446614 0.02185792349726776
2 0.7237644905430141 0.21994535519125682 0.41488712629652225 0.05191256830601093
0 0.5559792556436852 0.41120218579234974 0.04575960951799878 0.1092896174863388
0 0.6413971934106162 0.4118907103825137 0.05643685173886516 0.11885245901639344
0 0.7249115314215986 0.41120218579234974 0.04499694935936547 0.11475409836065574
0 0.8072788285539964 0.4139344262295082 0.0587248322147651 0.12295081967213115
0 0.8972727272727273 0.4118907103825137 0.06635143380109823 0.1133879781420765
0 0.2482489322757779 0.523912568306011 0.014490543014032947 0.017759562841530054
0 0.2635021354484442 0.5129836065573771 0.014490543014032947 0.020491803278688523
0 0.2779926784624771 0.5143497267759563 0.0175411836485662 0.015027322404371584
0 0.41679682733374007 0.6270491803278688 0.03584502745576571 0.01366120218579235
0 0.4560707748627212 0.7800546448087432 0.021354484441732765 0.03551912568306011
0 0.5060280658938378 0.7814207650273224 0.022117144600366078 0.03551912568306011
0 0.947608297742526 0.7800546448087432 0.0175411836485662 0.04371584699453552
0 0.8984136668700428 0.6243169398907104 0.028981086028065893 0.02185792349726776
0 0.9239658328248933 0.6263715846994535 0.01296522269676632 0.015027322404371584
0 0.8656192800488103 0.6243169398907104 0.013727882855399633 0.02459016393442623
0 0.3870530811470409 0.6250054644808744 0.014490543014032947 0.023224043715846996
0 0.4412019524100061 0.6256830601092896 0.011439902379499696 0.01639344262295082
0 0.03470408785845027 0.7827868852459017 0.02211714460036607 0.03825136612021858