0 0.13687600644122383 0.12565031982942432 0.07821256038647342 0.025895522388059693
0 0.22198872785829307 0.12565031982942432 0.04600644122383252 0.025895522388059693
0 0.27662640901771335 0.12565031982942432 0.03335748792270527 0.025895522388059693
0 0.33701288244766503 0.12945628997867806 0.05290660225442837 0.01827292110874199
0 0.4100563607085346 0.12717484008528784 0.07246376811594199 0.022846481876332616
0 0.4842431561996779 0.12640724946695095 0.05290660225442837 0.021321961620469083
0 0.642512077294686 0.007462686567164179 0.027375201288244767 0.014925373134328358
0 0.6851851851851852 0.005863539445628998 0.0322061191626409 0.011727078891257996
0 0.7246376811594203 0.005863539445628998 0.03542673107890499 0.011727078891257996
0 0.7723752012882448 0.00685501066098081 0.03795491143317238 0.01371002132196162
0 0.8143558776167471 0.005330490405117271 0.02530595813204514 0.010660980810234541
0 0.8655394524959742 0.005863539445628998 0.04186795491143317 0.011727078891257996
0 0.15585346215780999 0.17514925373134327 0.1023671497584541 0.04873134328358207
0 0.1541304347826087 0.21397654584221748 0.11272141706924316 0.01674840085287844
0 0.1524074074074074 0.2490085287846482 0.09546698872785829 0.028933901918976532
0 0.1541304347826087 0.296226012793177 0.09202093397745573 0.031982942430703626
0 0.15528180354267312 0.3350639658848614 0.09202093397745573 0.030458422174840138
0 0.1472302737520129 0.3799893390191898 0.0897181964573269 0.02589552238805966
0 0.14607890499194848 0.4195842217484008 0.09202093397745573 0.031982942430703626
0 0.14549919484702095 0.4546162046908316 0.08396940418679551 0.02589552238805966
0 0.2731803542673108 0.539136460554371 0.08626409017713364 0.030458422174840138
0 0.37037037037037035 0.5383795309168443 0.07821256038647342 0.03503198294243066
0 0.46066022544283414 0.5353304904051173 0.07246376811594203 0.031982942430703626
0 0.5532528180354267 0.5368550106609807 0.07131239935587756 0.03198294243070356
0 0.6481481481481481 0.5368550106609807 0.0793639291465378 0.03198294243070356
0 0.7367149758454107 0.5383795309168443 0.07246376811594203 0.03503198294243066
0 0.8298792270531401 0.5421855010660981 0.06556360708534617 0.030458422174840138
0 0.24154589371980675 0.35942430703624734 0.02530595813204505 0.042643923240938165
0 0.8695652173913043 0.36323027718550105 0.025305958132044958 0.04111940298507468
0 0.9236231884057972 0.31678038379530915 0.055209339774557296 0.024371002132196177
0 0.7827214170692431 0.6274733475479745 0.13917874396135257 0.042643923240938165
0 0.8649677938808373 0.7120042643923241 0.04830917874396135 0.02589552238805966
3 0.055789049919484704 0.35789978678038376 0.07016103059581322 0.41425373134328364
3 0.9293800322061191 0.36019189765458426 0.07131239935587774 0.40969083155650315
0 0.8413848631239935 0.06015991471215352 0.10007246376811592 0.06549040511727078
2 0.43018518518518517 0.05102345415778251 0.3243639291465379 0.04111940298507462
1 0.8408132045088567 0.1279317697228145 0.0828180354267311 0.01827292110874199