0 0.41885394456289976 0.03614207650273224 0.06553837953091687 0.053180327868852455
0 0.5199413646055437 0.03997814207650273 0.0682036247334755 0.048349726775956295
0 0.6058049040511727 0.04040437158469945 0.040421108742004226 0.06169398907103825
1 0.9770469083155651 0.03926775956284153 0.04119936034115137 0.046928961748633875
0 0.2275053304904051 0.09056830601092897 0.06206823027718547 0.046491803278688515
0 0.22882196162046908 0.14925683060109288 0.0677452025586354 0.04831693989071038
0 0.2285767590618337 0.20502732240437158 0.06269189765458423 0.04745355191256832
0 0.21497867803837953 0.26002185792349725 0.04006396588486139 0.048153005464480876
0 0.21923773987206824 0.318775956284153 0.04400852878464822 0.046994535519125684
0 0.2219669509594883 0.37901639344262295 0.050996801705756906 0.04570491803278694
0 0.2154637526652452 0.4361311475409836 0.03494136460554369 0.05065573770491806
0 0.21373667377398722 0.4903497267759563 0.031481876332622574 0.0529180327868852
0 0.36531449893390194 0.09625136612021858 0.030047974413645998 0.026622950819672146
0 0.366908315565032 0.5077377049180327 0.02409381663113009 0.04084153005464481
0 0.5285607675906183 0.5161092896174864 0.026050106609808044 0.03261202185792353
0 0.5329584221748401 0.0959672131147541 0.024179104477611887 0.038546448087431705
0 0.6984861407249466 0.09745355191256831 0.030836886993603364 0.03840437158469947
0 0.6975533049040511 0.5140437158469946 0.024402985074626973 0.05660109289617482
0 0.24124733475479743 0.8652131147540983 0.048427505330490415 0.043868852459016505
0 0.3034008528784648 0.8638688524590165 0.056993603411513896 0.0380546448087431
0 0.36202558635394455 0.8659234972677596 0.046311300639658784 0.045289617486338855
0 0.42279850746268655 0.867344262295082 0.06733475479744133 0.04813114754098357
0 0.4808049040511727 0.8676284153005465 0.03713752665245206 0.036207650273224166
0 0.5156183368869935 0.8638688524590165 0.021481876332622576 0.0380546448087431
0 0.5598454157782516 0.8667103825136612 0.05206289978678042 0.043726775956284145
0 0.2751972281449893 0.9747213114754099 0.02343283582089554 0.050546448087431695
0 0.31369936034115137 0.9754098360655737 0.02931769722814499 0.04918032786885246
0 0.3644136460554371 0.9708196721311475 0.052611940298507485 0.05836065573770502
0 0.4268123667377399 0.9762841530054645 0.05099680170575697 0.047431693989071134
0 0.80090618336887 0.9754098360655737 0.026119402985074626 0.04918032786885246