0 0.9614045239347713 0.04188559322033898 0.041425565491846394 0.03650423728813559
0 0.2559863229879011 0.038580508474576274 0.024592319831667542 0.04047669491525425
0 0.20154129405576013 0.040169491525423734 0.05773277222514466 0.026705508474576277
0 0.13834823776959496 0.03791313559322034 0.0483955812730142 0.028559322033898302
0 0.09002104155707522 0.041620762711864406 0.024066280904786953 0.03173728813559322
0 0.043398211467648606 0.0438771186440678 0.05312993161493951 0.04047669491525425
0 0.99105733824303 0.8397139830508475 0.01788532351394003 0.03469279661016949
0 0.9055128879537087 0.8628813559322034 0.15189374013677012 0.02806144067796611
0 0.9109047869542347 0.9101483050847458 0.1384797475013151 0.02090042372881358
0 0.9087322461862177 0.9564830508474575 0.15307732772225144 0.028834745762711892
0 0.03800631246712257 0.9126588983050847 0.05549710678590215 0.02381355932203392
0 0.19621251972645976 0.6264194915254238 0.1746449237243556 0.08268008474576266
1 0.15057864281956865 0.9478813559322034 0.04392425039452919 0.032807203389830536
1 0.10034192530247238 0.9461546610169491 0.0486586007364545 0.03360169491525427
1 0.04294055760126249 0.9482733050847457 0.06141504471330878 0.029364406779661047
2 0.8865754865860074 0.04149364406779661 0.0995528669121515 0.03994703389830509