0 0.8348664886515355 0.07584343991179714 0.06458611481975968 0.038533627342888656
0 0.8427903871829105 0.016538037486218304 0.04739652870493992 0.03307607497243661
1 0.7812082777036048 0.02306504961411246 0.06241655540720961 0.02558985667034179
1 0.7145393858477971 0.018511576626240353 0.05423898531375167 0.03192943770672547
1 0.04305740987983979 0.15148842337375965 0.0514018691588785 0.044299889746416764
1 0.13209612817089453 0.1553472987872106 0.07092790387182911 0.047607497243660424
1 0.22805740987983977 0.1597574421168688 0.07927236315086783 0.049812568908489535
1 0.31550734312416556 0.15644983461962514 0.07393190921228304 0.04540242557883132
1 0.40654205607476634 0.15341786108048514 0.07076101468624833 0.0459536934950386
1 0.5040053404539386 0.15742006615214996 0.07209612817089453 0.04071664829106947
1 0.6106475300400535 0.1585226019845645 0.09512683578104139 0.04953693495038589
1 0.7209612817089452 0.15686879823594266 0.0787716955941255 0.041819184123484024
1 0.8204272363150867 0.15948180815876517 0.11081441922563418 0.04485115766262404
3 0.45002002670226976 0.2435391400220507 0.7167890520694259 0.11372657111356116
3 0.3105006675567423 0.5359206174200662 0.5846128170894526 0.40521499448732085
3 0.9335781041388518 0.46441014332965824 0.09679572763684913 0.2644101433296581
3 0.9344125500667557 0.768941565600882 0.10180240320427236 0.26707828004410145
0 0.8509679572763685 0.3807828004410143 0.015020026702269693 0.026593164277839035
0 0.8508878504672898 0.49226019845644986 0.016522029372496663 0.0378610804851158
0 0.8520560747663553 0.5916207276736494 0.015520694259012017 0.029294377067254615
0 0.8511348464619493 0.696890848952591 0.012016021361815754 0.028158765159867656
0 0.8504672897196262 0.8171885336273429 0.017356475300400534 0.032811466372657104
0 0.8307743658210948 0.8167805953693495 0.018024032042723633 0.025369349503858864
0 0.8116688918558078 0.8170562293274531 0.014853137516688918 0.030330760749724357
0 0.7927236315086782 0.8174641675854466 0.015353805073431242 0.02674751929437706
0 0.5816955941255006 0.8210474090407939 0.02219626168224299 0.036119073869900764
0 0.5786915887850467 0.696890848952591 0.029539385847797063 0.05020948180815873
0 0.546648865153538 0.6990959206174201 0.02553404539385848 0.04579933847850051
0 0.5161081441922564 0.6927563395810364 0.021194926568758345 0.05296582138919511