0 0.09097270818754374 0.10048231511254019 0.04723582925122463 0.02679528403001072
0 0.14827151854443665 0.10316184351554127 0.027116864940517845 0.018756698821007504
0 0.19813156053184044 0.10517684887459806 0.03586424072778167 0.02009646302250804
0 0.24667599720083974 0.10584137191854234 0.03848845346396081 0.024115755627009645
0 0.2904128761371588 0.09981779206859592 0.04023792862141357 0.030814576634512324
0 0.3407137858642407 0.102497320471597 0.03936319104268719 0.02277599142550911
0 0.38663400979706086 0.09981779206859592 0.03673897830650805 0.02277599142550911
0 0.4448075577326802 0.09914255091103966 0.03586424072778167 0.024115755627009645
0 0.5025402379286215 0.10115755627009645 0.04986004198740378 0.02277599142550911
0 0.5790762771168649 0.102497320471597 0.05948215535339398 0.02277599142550911
0 0.37745276417074874 0.04622722400857449 0.10934219734079777 0.03617363344051447
0 0.2624212736179146 0.03952840300107181 0.07872638208537439 0.030814576634512324
0 0.8406228131560531 0.09445873526259378 0.022743177046885936 0.03617363344051447
0 0.8786773967809658 0.10517684887459806 0.021868439468159553 0.03617363344051447
0 0.9184744576627012 0.1085209003215434 0.02974107767669699 0.021436227224008574
0 0.9552134359692093 0.102497320471597 0.022743177046885936 0.0334941050375134
0 0.9053533939818055 0.03818863879957128 0.03498950314905528 0.030814576634512324
0 0.9508397480755774 0.03818863879957128 0.026242127361791462 0.014737406216505895
0 0.9425332400279917 0.18958199356913183 0.037613715885234426 0.04421221864951769
0 0.14914625612316304 0.30346195069667736 0.15832750174947516 0.0522508038585209
3 0.1526452064380686 0.40260450160771705 0.15657802659202238 0.502411575562701
3 0.883484954513646 0.6062486602357985 0.16620013995801258 0.06832797427652733
0 0.9403428971308607 0.7254876741693462 0.03498950314905528 0.03885316184351554