3 0.49645413870246086 0.514514721919302 0.26104026845637585 0.7077208287895311
0 0.4843736017897091 0.7362377317339149 0.16176733780760627 0.057546346782987985
1 0.4202852348993289 0.8448527808069793 0.10550894854586135 0.04420937840785165
0 0.6155425055928411 0.18376226826608505 0.021420581655481087 0.05245365321701202
0 0.03909395973154363 0.030752453653217014 0.07498322147651007 0.061134133042529994
0 0.12548098434004476 0.03040348964013086 0.02564876957494408 0.044852780806979284
0 0.1720357941834452 0.03479825517993457 0.03565436241610738 0.04739367502726281
0 0.21731543624161073 0.03613958560523446 0.035128635346756185 0.053206106870228996
0 0.2655704697986577 0.03606324972737186 0.05334451901565995 0.056172300981461296
0 0.31782438478747205 0.03699018538713195 0.03161073825503355 0.04866957470010905
0 0.3746140939597315 0.03486368593238822 0.05889821029082771 0.04442748091603054
0 0.42850111856823264 0.03613958560523446 0.03244966442953019 0.053206106870228996
0 0.481510067114094 0.03521264994547437 0.058573825503355714 0.060708833151581244
0 0.5416442953020134 0.03699018538713195 0.04141498881431765 0.04866957470010905
0 0.9270917225950783 0.03040348964013086 0.021319910514541327 0.044852780806979284
0 0.9533445190156599 0.030338058887677207 0.021090604026845657 0.04781897491821157
3 0.5 0.9386368593238823 1 0.12272628135223551