1 0.23956877323420075 0.4230406290956749 0.0826096654275093 0.04806028833551764
1 0.3407657992565056 0.4208519003931848 0.05700371747211893 0.03495412844036692
2 0.5700148698884758 0.42230668414154654 0.3651375464684014 0.04660550458715589
0 0.9033457249070632 0.032031454783748366 0.06526394052044625 0.0407732634338139
0 0.3833159851301115 0.47910878112712973 0.02973977695167286 0.023302752293577946
0 0.43701115241635685 0.48273918741808647 0.04460966542750929 0.016015727391874218
0 0.488639405204461 0.48419397116644824 0.03387360594795535 0.021847968545216197
0 0.5241635687732342 0.4769200524246396 0.014044609665427584 0.021847968545216197
0 0.5716654275092937 0.4805635648754915 0.056178438661709997 0.02039318479685445
0 0.6336208178438661 0.4769200524246396 0.05121933085501866 0.024757536041939695
0 0.6947509293680297 0.48273918741808647 0.04460966542750929 0.024757536041939695
0 0.7373011152416357 0.47910878112712973 0.01569516728624528 0.017470511140235963
0 0.1829814126394052 0.6443905635648755 0.0685650557620818 0.12086500655307991
0 0.28170260223048327 0.6465661861074705 0.06443866171003715 0.10193971166448235
0 0.38000743494423794 0.6422018348623854 0.05782899628252786 0.10484927916120576
0 0.4791375464684015 0.6436566186107471 0.08260966542750922 0.10484927916120576
0 0.5766245353159851 0.6422018348623854 0.08095910780669152 0.11650065530799482
0 0.6757546468401487 0.6407470511140235 0.07434944237918216 0.11650065530799482
0 0.7765353159851301 0.6480209698558322 0.08921933085501858 0.12524246395806038
0 0.19495910780669146 0.7900131061598951 0.04295910780669143 0.036408912188728666
0 0.1900074349442379 0.8635517693315858 0.03800000000000001 0.03495412844036707
0 0.2503122676579926 0.7863695937090432 0.04460966542750929 0.04077326343381376
0 0.2503122676579926 0.8526343381389252 0.04130855018587365 0.03349934469200517
0 0.3073085501858736 0.7827260812581914 0.04295910780669143 0.039318479685452164
0 0.3705055762081784 0.7841808650065532 0.04378438661710036 0.050969855832241284
0 0.4279256505576208 0.7892791612057668 0.04460966542750929 0.03786369593709056
0 0.49194795539033453 0.7834600262123198 0.03882527881040894 0.03786369593709056
0 0.5539033457249071 0.7834600262123198 0.03056505576208171 0.04660550458715589
0 0.6121412639405205 0.7871035386631716 0.05452044609665422 0.04222804718217566
0 0.6666691449814126 0.7871035386631716 0.047910780669145024 0.04222804718217566
0 0.7294498141263941 0.7907339449541285 0.041308550185873566 0.04077326343381376
0 0.73853531598513 0.8599082568807339 0.04791078066914494 0.036408912188728666
0 0.6786468401486989 0.8650065530799476 0.04378438661710045 0.05533420707732638
0 0.6146245353159852 0.8577195281782438 0.04295910780669143 0.04077326343381376
0 0.5539033457249071 0.8613630406290957 0.04708550185873601 0.036408912188728666
0 0.4927732342007435 0.8642726081258192 0.04543494423791814 0.04222804718217566
0 0.4341189591078067 0.8650065530799476 0.050394052044609644 0.04077326343381376
0 0.3705055762081784 0.8562647444298821 0.04708550185873609 0.04368283093053726
0 0.3097918215613383 0.8599082568807339 0.03634944237918215 0.03349934469200517