1 0.5007142857142858 0.4171506849315068 0.9013354037267082 0.1368310502283105
1 0.34783643892339544 0.5506666666666666 0.5955797101449275 0.06899543378995429
1 0.30408902691511386 0.6295981735159817 0.5011801242236024 0.07160730593607313
1 0.4131366459627328 0.7015433789954338 0.7158385093167702 0.06328767123287667
1 0.4569668737060042 0.7900182648401827 0.806935817805383 0.09106849315068495
1 0.3033022774327122 0.884027397260274 0.49961697722567294 0.0690502283105022
0 0.9103933747412009 0.5504657534246575 0.0850931677018634 0.04727853881278537
0 0.9122049689440994 0.6219178082191781 0.08461697722567289 0.05099543378995426
0 0.9118840579710145 0.7047945205479452 0.09152173913043486 0.048484018264840105
0 0.9089855072463768 0.7851050228310503 0.07537267080745336 0.05385388127853884
0 0.9129813664596274 0.8820913242009132 0.0799171842650104 0.05908675799086762