2 0.3940381558028617 0.047367853290183386 0.3181796502384738 0.06011866235167205
1 0.7001351351351351 0.04964401294498383 0.10203497615262332 0.03916936353829559
0 0.8286804451510335 0.045997842502696874 0.030206677265500796 0.06650485436893204
0 0.8731160572337043 0.046796116504854365 0.04138314785373604 0.06364617044228695
0 0.9230524642289348 0.04754045307443366 0.037519872813990315 0.06214670981661273
0 0.966637519872814 0.04829557713052858 0.043036565977742344 0.06813376483279394
0 0.8289825119236883 0.12429341963322546 0.044689984101748736 0.03594390507011865
0 0.8932591414944356 0.12279395900755125 0.06620826709062 0.037432578209277256
0 0.9627742448330684 0.12129449838187702 0.05517488076311594 0.03743257820927723
0 0.06013513513513514 0.11829557713052859 0.08937996820349761 0.049417475728155344
0 0.1448330683624801 0.12055016181229773 0.06013513513513512 0.050916936353829545
0 0.21406995230524642 0.11979503775620282 0.06069157392686806 0.043430420711974116
0 0.26707472178060415 0.12181229773462782 0.030898251192368845 0.04659115426105716
0 0.3112162162162162 0.12313915857605179 0.03384737678855329 0.04127292340884573
0 0.3695866454689984 0.1194822006472492 0.05640699523052467 0.044595469255663434
0 0.44364864864864867 0.11881337648327939 0.05837042925278225 0.04193096008629988
0 0.5186883942766296 0.12247033441208198 0.051502384737678826 0.05058252427184465
0 0.966899841017488 0.43586839266450916 0.02613672496025446 0.04000000000000004
0 0.04165341812400636 0.4396224379719525 0.02776629570747217 0.04047464940668822
0 0.0936724960254372 0.6149190938511326 0.020723370429252777 0.027572815533980524
0 0.9365898251192369 0.7013807982740021 0.024920508744038082 0.035933117583602965
0 0.9711128775834659 0.6989104638619201 0.029594594594594608 0.04227615965480049
0 0.9194594594594595 0.8144660194174758 0.12979332273449937 0.06059331175836038
1 0.9529411764705882 0.9666450916936354 0.025437201907790145 0.0324056094929881
0 0.13098569157392687 0.7989104638619202 0.08924483306836246 0.02929881337648337