3 0.12834119496855345 0.04593952483801296 0.20872641509433962 0.07607991360691145
3 0.8690094339622643 0.04 0.20224056603773585 0.0771598272138229
0 0.9528301886792453 0.11693304535637149 0.029874213836477988 0.03665226781857451
0 0.9170597484276729 0.11801295896328294 0.02122641509433962 0.034492440604751616
0 0.3027751572327044 0.11761339092872569 0.05640723270440252 0.02720302375809935
0 0.24705188679245282 0.11639308855291577 0.04520440251572327 0.026933045356371487
0 0.19437893081761007 0.11774298056155508 0.042059748427672954 0.029632829373650107
0 0.15487421383647798 0.11774298056155508 0.029874213836477988 0.029632829373650107
0 0.11831761006289308 0.11666306695464362 0.027515723270440252 0.031792656587472996
0 0.08018867924528301 0.11882289416846653 0.0220125786163522 0.02747300215982721
0 0.041375786163522006 0.11936285097192224 0.03675314465408804 0.026393088552915764
0 0.03518081761006289 0.22936285097192224 0.030267295597484277 0.041209503239740784
0 0.09866352201257862 0.2331425485961123 0.06682389937106918 0.03365010799136072
0 0.1487814465408805 0.23301295896328295 0.0294811320754717 0.03122030237580996
0 0.1870125786163522 0.23692224622030236 0.02535377358490566 0.02609071274298059
0 0.2239622641509434 0.2297732181425486 0.028498427672955975 0.037699784017278644
0 0.2681839622641509 0.2344924406047516 0.034394654088050314 0.03634989200863927
0 0.310440251572327 0.23166306695464364 0.028498427672955975 0.028520518358531345
0 0.34699685534591196 0.23341252699784015 0.022995283018867923 0.02771058315334776
0 0.3855188679245283 0.23436285097192225 0.029284591194968554 0.03392008639308858
0 0.42413522012578614 0.23476241900647946 0.025943396226415096 0.030410367170626378
0 0.46197327044025155 0.2344924406047516 0.03675314465408805 0.025550755939524866
0 0.49764150943396224 0.23287257019438443 0.031446540880503145 0.028790496760259205
0 0.5432389937106918 0.2354427645788337 0.036163522012578615 0.031760259179265685
0 0.584811320754717 0.23341252699784015 0.04264937106918239 0.03850971922246217
0 0.6385613207547169 0.23152267818574512 0.049921383647798745 0.02609071274298059
0 0.7058805031446541 0.23652267818574516 0.07252358490566038 0.02960043196544279
0 0.7806603773584906 0.23436285097192225 0.031446540880503145 0.03392008639308858
0 0.8297012578616353 0.23287257019438443 0.0607311320754717 0.028790496760259205