0 0.06374792703150911 0.035547210300429184 0.1150497512437811 0.0496244635193133
0 0.16117744610281923 0.032188841201716736 0.06529850746268656 0.04560085836909871
0 0.24513266998341623 0.028841201716738193 0.08602819237147595 0.03889484978540773
0 0.34256218905472635 0.028165236051502146 0.09432006633499171 0.04560085836909871
0 0.4539800995024876 0.1046137339055794 0.039386401326699835 0.024141630901287552
0 0.5140961857379768 0.10394849785407725 0.04767827529021559 0.028165236051502146
0 0.6037562189054726 0.108637339055794 0.04042288557213931 0.02682403433476395
0 0.6913349917081261 0.10931330472103004 0.07255389718076286 0.028165236051502146
0 0.7483416252072969 0.1046137339055794 0.03316749585406302 0.032188841201716736
0 0.8245273631840796 0.1032725321888412 0.03627694859038143 0.02145922746781116
0 0.8229684908789386 0.032188841201716736 0.0269485903814262 0.016094420600858368
0 0.8908623548922058 0.035547210300429184 0.04456882255389718 0.022800429184549355
0 0.9587479270315091 0.03152360515021459 0.035240464344941956 0.022800429184549352
0 0.9178109452736319 0.1032725321888412 0.027985074626865673 0.03487124463519313
0 0.9618573797678275 0.10997854077253219 0.03316749585406302 0.04560085836909871
0 0.6649087893864013 0.414431330472103 0.13370646766169153 0.050965665236051505
0 0.6856384742951908 0.530450643776824 0.04664179104477612 0.06035407725321888
0 0.7618159203980099 0.530450643776824 0.06840796019900497 0.08717811158798283
0 0.845771144278607 0.5291094420600858 0.0538971807628524 0.07376609442060086
0 0.9240298507462688 0.5277682403433477 0.04456882255389718 0.06571888412017167
0 0.6866749585406302 0.6431115879828326 0.04871475953565506 0.08449570815450644
0 0.759742951907131 0.6209763948497854 0.0538971807628524 0.06437768240343347
0 0.8348922056384744 0.6270171673819742 0.04249585406301833 0.06303648068669528
0 0.9235074626865671 0.6276824034334764 0.06840796019900497 0.07510729613733906
0 0.9359452736318408 0.7705257510729614 0.020729684908789386 0.025482832618025753
0 0.6094527363184079 0.7725321888412017 0.024875621890547265 0.02682403433476395
0 0.30472636815920395 0.7651609442060086 0.020729684908789386 0.025482832618025753
0 0.054933665008291874 0.4157725321888412 0.0269485903814262 0.016094420600858368