0 0.26996197718631176 0.06413755458515284 0.057034220532319393 0.03275109170305677
0 0.3540912547528517 0.06277292576419213 0.05988593155893536 0.03275109170305677
0 0.4134980988593156 0.06686681222707423 0.03802281368821293 0.030021834061135372
0 0.47481368821292774 0.06823144104803494 0.05418250950570342 0.030021834061135372
0 0.5442053231939163 0.06686681222707423 0.03517110266159696 0.021834061135371178
0 0.6069429657794677 0.06413755458515284 0.07319391634980989 0.030021834061135372
0 0.731467680608365 0.06823144104803494 0.03136882129277566 0.04639737991266375
0 0.7728136882129277 0.06550218340611354 0.03231939163498099 0.04912663755458515
0 0.8013307984790875 0.06891921397379912 0.019011406844106463 0.025927947598253266
0 0.836980988593156 0.06755458515283842 0.01806083650190114 0.02319868995633187
0 0.8935361216730038 0.06891921397379912 0.06463878326996197 0.025927947598253266
0 0.08555133079847908 0.8078602620087336 0.10266159695817491 0.05185589519650655
0 0.1573231939163498 0.8071834061135371 0.03326996197718631 0.04503275109170306
0 0.19486692015209126 0.8037663755458515 0.030418250950570342 0.04093886462882096
0 0.2623574144486692 0.9620633187772926 0.034220532319391636 0.027292576419213975
0 0.3288973384030418 0.9634279475982532 0.06463878326996197 0.03275109170305677
0 0.41302661596958173 0.9661572052401747 0.0655893536121673 0.013646288209606987
0 0.48193916349809884 0.9579694323144105 0.043726235741444866 0.016375545851528384