0 0.2810078534031414 0.08679224973089343 0.05317408376963351 0.055166846071044134
0 0.3595418848167539 0.08207750269106566 0.06789921465968586 0.05651237890204521
0 0.4638416230366492 0.09015069967707212 0.08835078534031414 0.06727664155005382
0 0.6961714659685864 0.029601722282023683 0.04417539267015707 0.03498385360602799
0 0.7632526178010471 0.025565123789020452 0.06871727748691099 0.021528525296017224
0 0.8544698952879581 0.027588805166846066 0.09244109947643979 0.03363832077502691
0 0.9428206806282723 0.024897739504843912 0.0662630890052356 0.030947255113024753
0 0.9301374345549738 0.08745963401506997 0.06217277486910995 0.040365984930032295
0 0.8475130890052356 0.5052529601722282 0.07035340314136125 0.04440258342303552
0 0.1775196335078534 0.31216361679224974 0.1979712041884817 0.04843918191603875
0 0.3898102094240838 0.3101506996770721 0.20696989528795812 0.05247578040904198
0 0.5980039267015707 0.3101506996770721 0.1979712041884817 0.055166846071044134
0 0.8147905759162304 0.3061141011840689 0.2094240837696335 0.05247578040904198
0 0.1300719895287958 0.39289558665231433 0.05071989528795812 0.03767491926803014
0 0.19469895287958114 0.39222820236813777 0.07362565445026178 0.03902045209903122
0 0.17915575916230367 0.4769967707212056 0.032722513089005235 0.028256189451022606
0 0.2879581151832461 0.3888589881593111 0.03599476439790576 0.03498385360602799
0 0.3288612565445026 0.38819160387513457 0.034358638743455495 0.030947255113024756
0 0.37467277486910994 0.3868460710441335 0.04417539267015707 0.028256189451022606
0 0.5006544502617801 0.8456727664155005 0.11452879581151833 0.04709364908503767
2 0.40535340314136126 0.5092895586652314 0.23805628272251309 0.03902045209903122
2 0.5865510471204188 0.5106350914962325 0.08180628272251309 0.04171151776103337
2 0.7321662303664922 0.5079440258342304 0.10962041884816753 0.04709364908503767
2 0.8164267015706806 0.08679224973089343 0.12925392670157068 0.030947255113024756