3 0.49754098360655735 0.03544783983140148 0.9950819672131147 0.07088514225500528
0 0.8745901639344262 0.09316122233930453 0.054098360655737705 0.031822971548998935
0 0.9454918032786885 0.08961011591148578 0.056557377049180325 0.0310326659641728
0 0.8879180327868852 0.03113804004214963 0.14221311475409837 0.03210748155953635
0 0.20718032786885246 0.779441517386723 0.10040983606557377 0.08931506849315067
0 0.3342295081967213 0.7774710221285565 0.09221311475409837 0.08536354056902001
0 0.45554098360655737 0.7787881981032666 0.0889344262295082 0.08799789251844045
0 0.5778688524590164 0.7839199157007377 0.1 0.08562697576396205
0 0.6932459016393443 0.7804952581664911 0.10532786885245901 0.09773445732349842
0 0.823983606557377 0.7831296101159115 0.11270491803278689 0.09246575342465753
0 0.9452950819672131 0.7812855637513172 0.0930327868852459 0.09089567966280294
0 0.08319672131147542 0.7814120126448894 0.11885245901639344 0.09325605900948367
3 0.5002131147540984 0.4211801896733403 0.9405737704918032 0.595131717597471
0 0.8631147540983607 0.9757639620653319 0.08688524590163935 0.04847207586933614
0 0.6077868852459016 0.9702739726027397 0.11885245901639344 0.05791359325605905
0 0.3729508196721312 0.9736564805057956 0.11639344262295082 0.05268703898840885
0 0.11229508196721312 0.9731296101159115 0.11967213114754098 0.05374077976817703