3 0.5012187690432663 0.04432432432432432 0.9975624619134674 0.08864864864864865
2 0.3548933577087142 0.15803243243243245 0.27971968312004875 0.05621621621621622
0 0.47205971968312005 0.15704864864864865 0.024814137720901904 0.03571891891891894
0 0.6961486898232786 0.16153513513513512 0.04815965874466801 0.03235675675675676
0 0.750828762949421 0.15915675675675675 0.049567336989640554 0.039935135135135136
0 0.8144058500914078 0.16 0.06007312614259593 0.035437837837837806
0 0.8732358318098721 0.1578918918918919 0.04367458866544794 0.031232432432432417
0 0.7565265082266911 0.2344 0.036587446678854336 0.029805405405405397
0 0.7975137111517367 0.2379027027027027 0.038476538695917044 0.03682162162162162
1 0.8548019500304692 0.2369945945945946 0.06947592931139562 0.04427027027027026
0 0.14074954296160877 0.2348864864864865 0.04818403412553321 0.040054054054054065
0 0.20223034734917733 0.2362918918918919 0.05971968312004875 0.04286486486486484
0 0.26660572821450335 0.2317945945945946 0.05439366240097501 0.04623783783783782
0 0.3247227300426569 0.23390270270270272 0.05049969530773922 0.05044324324324321
0 0.38680073126142595 0.23558918918918917 0.05451553930530167 0.04145945945945948
0 0.4453930530164534 0.23334054054054054 0.048086532602071956 0.04314594594594597
0 0.5101584399756246 0.24197837837837838 0.06096282754418036 0.05114594594594595
3 0.3495368677635588 0.3647351351351351 0.46923826934795854 0.14530810810810807
0 0.598232784887264 0.3679675675675676 0.017726995734308297 0.040583783783783745
0 0.7088543570993296 0.36585945945945947 0.019591712370505845 0.03636756756756755
3 0.8111517367458866 0.5063567567567567 0.16151736745886666 0.4038486486486486
0 0.16575258988421693 0.47950270270270273 0.0947044485070079 0.05051891891891894
0 0.16472273004265692 0.5304648648648649 0.0856855575868373 0.041243243243243216
0 0.15574649603900062 0.5781945945945947 0.06250457038391224 0.044032432432432454
0 0.15934186471663622 0.6237405405405406 0.06795856185252894 0.04556756756756766
0 0.15697135892748323 0.6757513513513514 0.06321145642900672 0.05383783783783779
0 0.22368068251066422 0.5876648648648649 0.02948202315661182 0.04754594594594597
0 0.7179890310786107 0.5856972972972972 0.018720292504570264 0.03743783783783795
0 0.8352894576477757 0.8079675675675676 0.12273613650213276 0.037167567567567686