0 0.103874883286648 0.14978213507625274 0.08636788048552754 0.02178649237472767
0 0.24802054154995332 0.1579520697167756 0.04785247432306256 0.024509803921568627
0 0.3197945845004668 0.15863834422657952 0.0350140056022409 0.023148148148148147
0 0.3968253968253968 0.15591503267973855 0.04668534080298786 0.023148148148148147
0 0.48552754435107376 0.15591503267973855 0.08636788048552754 0.028594771241830064
0 0.5864892623716154 0.15591503267973855 0.050186741363211954 0.02042483660130719
0 0.6565172735760971 0.15183006535947713 0.029178338001867414 0.02042483660130719
0 0.7312138188608777 0.07761437908496732 0.0688608776844071 0.032679738562091505
0 0.9512138188608776 0.1511437908496732 0.04201680672268908 0.01906318082788671
0 0.6250046685340803 0.02042483660130719 0.04084967320261438 0.02178649237472767
0 0.6810270774976658 0.02042483660130719 0.029178338001867414 0.01906318082788671
0 0.7382166199813258 0.01770152505446623 0.04084967320261438 0.024509803921568627
0 0.7907376283846872 0.013616557734204794 0.04318394024276377 0.024509803921568627
0 0.8601774042950514 0.01838779956427015 0.04201680672268908 0.01770152505446623
0 0.9179551820728291 0.01838779956427015 0.050186741363211954 0.02042483660130719
0 0.9698879551820728 0.01770152505446623 0.04201680672268908 0.016339869281045753
0 0.0822875816993464 0.20629629629629628 0.0665266106442577 0.023148148148148147
0 0.09629318394024276 0.24169934640522875 0.08520074696545285 0.025871459694989107
0 0.08169934640522876 0.27913943355119825 0.056022408963585436 0.024509803921568627
0 0.09103641456582633 0.30978213507625274 0.08636788048552754 0.023148148148148147
0 0.07936507936507936 0.3438235294117647 0.05835667600373483 0.02042483660130719
0 0.08695611577964518 0.3799019607843137 0.07352941176470588 0.016339869281045753
0 0.08169934640522876 0.4091830065359477 0.05835667600373483 0.01770152505446623
0 0.07819794584500467 0.44798474945533767 0.051353874883286646 0.013616557734204794
0 0.07878618113912231 0.47862745098039217 0.05485527544351074 0.014978213507625272
0 0.07236227824463119 0.5140305010893246 0.0350140056022409 0.02042483660130719
0 0.09453781512605042 0.5487472766884531 0.07703081232492998 0.024509803921568627
0 0.08053221288515407 0.5807516339869281 0.056022408963585436 0.014978213507625272
0 0.09803921568627451 0.6181917211328976 0.08403361344537816 0.016339869281045753
0 0.2585247432306256 0.617516339869281 0.012838468720821661 0.02042483660130719
0 0.3396358543417367 0.620239651416122 0.016339869281045753 0.02042483660130719
0 0.38165266106442575 0.6181917211328976 0.011671335200746966 0.013616557734204794
0 0.45634920634920634 0.7883986928104575 0.0676937441643324 0.027233115468409588
0 0.9395424836601307 0.7952069716775599 0.06069094304388422 0.024509803921568627
2 0.47444444444444445 0.07830065359477123 0.3209617180205416 0.0394880174291939
1 0.8374229691876751 0.07693899782135076 0.08053221288515407 0.02042483660130719
1 0.9500466853408029 0.07830065359477123 0.07703081232492998 0.023148148148148147