0 0.8176297968397293 0.028965884861407252 0.05925507900677201 0.03807036247334756
0 0.7673062452972159 0.028304904051172704 0.03197893152746426 0.02608742004264392
0 0.5518284424379233 0.03097014925373134 0.05060195635816403 0.020756929637526646
0 0.4841083521444695 0.03163113006396589 0.04307750188111362 0.03273987206823028
0 0.4251316779533484 0.03163113006396589 0.051166290443942816 0.03273987206823028
0 0.3718058690744921 0.02962686567164179 0.040443942814145976 0.03940298507462686
0 0.3219563581640331 0.03189765458422175 0.03480060195635817 0.026886993603411513
0 0.26636568848758463 0.03189765458422175 0.04966139954853273 0.026886993603411513
0 0.8876975169300225 0.3663326226012793 0.12227238525206922 0.03477611940298508
0 0.9367945823927766 0.450682302771855 0.021068472535741158 0.02862473347547977
0 0.9145071482317533 0.44615138592750536 0.01598946576373213 0.03235607675906186
2 0.2038224228743416 0.36886993603411516 0.1973288186606471 0.04836886993603412
0 0.16384499623777277 0.24641791044776118 0.05906696764484575 0.02948827292110877
3 0.49642588412340105 0.20057569296375266 0.791948833709556 0.19578891257995734
0 0.7069224981188864 0.9343496801705756 0.05041384499623777 0.03648187633262263
0 0.7061700526711814 0.97045842217484 0.04890895410082769 0.025543710021322
3 0.4996237772761475 0.9461620469083155 0.999247554552295 0.10767590618336886
1 0.9043491346877353 0.03202558635394456 0.08596689240030098 0.03993603411513859