0 0.9582703927492447 0.07386315789473684 0.019259818731117824 0.022852631578947378
0 0.9830060422960725 0.07398947368421054 0.0188821752265861 0.025221052631578957
0 0.9369335347432024 0.07307368421052632 0.017371601208459216 0.02969473684210527
0 0.9133308157099698 0.07307368421052632 0.019259818731117824 0.02969473684210527
0 0.8911480362537765 0.07254736842105264 0.01831570996978852 0.03074736842105264
0 0.8694335347432025 0.07609473684210527 0.023980362537764352 0.03152631578947368
0 0.054003021148036255 0.07858947368421053 0.04154078549848943 0.055473684210526314
0 0.7054380664652568 0.8854526315789473 0.030211480362537766 0.03340000000000002
0 0.672870090634441 0.8850526315789473 0.01982628398791541 0.03682105263157897
0 0.6473791540785498 0.882157894736842 0.017938066465256797 0.03734736842105265
0 0.3251510574018127 0.8887368421052632 0.05513595166163142 0.029452631578947387
0 0.24735649546827795 0.8878210526315788 0.06570996978851963 0.023410526315789482
0 0.1543655589123867 0.8865052631578947 0.09308912386706948 0.031294736842105285
0 0.4033232628398791 0.6981052631578948 0.045317220543806644 0.05029473684210523
0 0.10007552870090634 0.6977157894736843 0.04305135951661632 0.0431894736842105
0 0.7044033232628398 0.6974526315789474 0.04135196374622357 0.048978947368421025
0 0.9273036253776435 0.8878210526315788 0.03209969788519638 0.04445263157894739
1 0.8530966767371602 0.8874210526315789 0.09894259818731117 0.026821052631578968