0 0.3173127291775799 0.46847046413502114 0.018072289156626505 0.022784810126582303
0 0.8975903614457831 0.03815400843881857 0.03404924044002095 0.02922995780590718
0 0.9288266107909902 0.03683544303797469 0.02710843373493976 0.016054852320675106
0 0.9620220010476689 0.03880801687763713 0.021477213200628602 0.03054852320675105
0 0.9869722367731797 0.03683544303797469 0.022917757988475642 0.037141350210970474
0 0.4547564169722368 0.5531118143459915 0.06377684651650078 0.048597046413502105
0 0.5366684127815611 0.5513924050632911 0.0822420115243583 0.04938818565400843
0 0.9767574646411734 0.970379746835443 0.01820324777370351 0.02870253164556966
0 0.9469617600838135 0.9773628691983122 0.020167627029858564 0.017362869198312276
0 0.889277108433735 0.9753902953586497 0.06325301204819277 0.034504219409282735
0 0.11806181246726034 0.9740717299578059 0.042561550550026195 0.031867088607594976
0 0.06613410162388685 0.9701160337552742 0.03431115767417496 0.034504219409282735
0 0.02475117862755369 0.970379746835443 0.014405447878470404 0.02870253164556966
0 0.03228391828182294 0.9150105485232067 0.041251964379256156 0.03399789029535867
0 0.07890518596123625 0.038945147679324894 0.029727606076479833 0.043470464135021106
0 0.035751702462022 0.04158227848101266 0.04688318491356731 0.02764767932489452
0 0.5810005238344683 0.472035864978903 0.022917757988475642 0.03412447257383969
0 0.6029334730225249 0.46899789029535865 0.010476689366160294 0.032278481012658254
0 0.6240859088528026 0.4716350210970464 0.017417496071241486 0.03755274261603378
0 0.6693294918805658 0.4704535864978903 0.05159769512833944 0.037289029535865
2 0.5052383446830802 0.46701476793248947 0.4070193818753274 0.07050632911392408