0 0.12138794854434665 0.19883297644539616 0.033852403520649964 0.030588865096359736
0 0.15524035206499662 0.1980728051391863 0.02417738659444819 0.022944325481798724
0 0.1871563981042654 0.2018950749464668 0.018375084631008794 0.021413276231263382
0 0.21617467840216656 0.19731263383297643 0.018375084631008794 0.024475374732334063
0 0.23744752877454298 0.19654175588865094 0.012572782667569431 0.0260064239828694
0 0.26549763033175355 0.20036402569593145 0.020311442112389978 0.015299785867237709
0 0.2940352064996615 0.2018950749464668 0.019343263371699424 0.015299785867237709
0 0.32836831415030465 0.20036402569593145 0.02417738659444823 0.018351177730192705
0 0.3646377792823291 0.19731263383297643 0.017406905890318236 0.018351177730192705
0 0.39655382532159783 0.1980728051391863 0.017406905890318236 0.01376873661670237
0 0.43186188219363575 0.20113490364025696 0.028050101557210605 0.022944325481798724
0 0.469580230196344 0.1980728051391863 0.03965470548408933 0.022944325481798724
0 0.5222951929587001 0.20266595289079228 0.040622884224779957 0.029057815845824397
1 0.566303317535545 0.20266595289079228 0.03965470548408933 0.029057815845824397
1 0.0706093432633717 0.4580942184154176 0.03868652674339879 0.01376873661670237
0 0.07205822613405552 0.5009207708779443 0.03191604603926878 0.01376873661670237
0 0.07109004739336493 0.5330406852248394 0.03771834800270819 0.01376873661670237
0 0.06867298578199052 0.5712740899357602 0.02321597833446174 0.022944325481798783
0 0.07253893026404874 0.6026338329764455 0.030947867298578204 0.021413276231263382
0 0.06818551117129316 0.6309314775160599 0.02611374407582938 0.016820128479657425
0 0.12138794854434665 0.41908993576017134 0.018375084631008794 0.021413276231263382
0 0.15862559241706162 0.41602783725910064 0.025145565335138786 0.01223768736616697
0 0.19343940419769803 0.40914346895074943 0.02321597833446172 0.01376873661670237
0 0.22971563981042656 0.41296573875802994 0.022247799593771166 0.01223768736616697
0 0.24857142857142855 0.1323019271948608 0.06576844955991874 0.019882226980728043
0 0.32014895057549086 0.13765524625267664 0.05996614759647931 0.018351177730192705
0 0.37817874069058904 0.13842612419700212 0.06190250507786057 0.019882226980728043
0 0.4618415707515233 0.13536402569593148 0.09962085308056878 0.029057815845824397
0 0.5237440758293839 0.1330728051391863 0.02611374407582934 0.012237687366167016
0 0.5987068381855112 0.014528907922912206 0.07544346648612056 0.02905781584582441
0 0.8342180094786731 0.01835117773019272 0.016445497630331728 0.01835117773019272
0 0.6697968855788761 0.3517880085653105 0.07641164522681111 0.01223768736616697
0 0.7321800947867299 0.3517880085653105 0.01547731888964125 0.009175588865096413
0 0.64416384563304 0.6232762312633833 0.06576844955991883 0.02905781584582452
0 0.7012254570074475 0.6248072805139187 0.040622884224779957 0.022944325481798783
0 0.7602301963439404 0.6240471092077088 0.04448882870683821 0.02447537473233394
0 0.8192281651997292 0.6248072805139187 0.046425186188219475 0.02600642398286934
0 0.8114895057549085 0.7410492505353319 0.02321597833446172 0.022944325481798783
0 0.4599119837508463 0.41602783725910064 0.028050101557210605 0.021413276231263382
0 0.435727826675694 0.4144967880085653 0.01837508463100887 0.015299785867237648
2 0.4076777251184834 0.08565310492505353 0.39365605958023026 0.055064239828693795
2 0.7075152335815843 0.29519271948608133 0.13831415030467162 0.021413276231263382
2 0.7099322951929586 0.3158458244111349 0.1412119160460393 0.02294432548179866
0 0.8037508463100881 0.30513918629550324 0.042559241706161224 0.032119914346895075
1 0.6577048070412999 0.2600214132762313 0.04642518618821932 0.015299785867237709
3 0.888381855111713 0.8029978586723768 0.0764116452268112 0.3762633832976446
3 0.7370142180094786 0.49403640256959314 0.23793500338524032 0.20495717344753742
3 0.3598036560595802 0.31049250535331907 0.4855382532159784 0.134593147751606