0 0.6359749412685982 0.3135843054082715 0.021252936570086218 0.02726405090137862
0 0.274079874706343 0.07953340402969247 0.031323414252153486 0.025758218451749727
0 0.36245888801879406 0.07650053022269353 0.06935787000783081 0.034846235418875916
0 0.46537979639780735 0.07423117709437964 0.053696162881754064 0.024241781548250272
0 0.561025841816758 0.07953340402969247 0.0525763508222397 0.031813361611876985
0 0.6656225528582616 0.078016967126193 0.06711824588880191 0.025758218451749727
0 0.7718950665622553 0.07196182396606575 0.06488645262333595 0.028780487804878057
0 0.5750117462803446 0.016659597030752916 0.03356303837118238 0.012120890774125133
0 0.6225528582615505 0.018176033934252385 0.02573218480814401 0.012120890774125133
0 0.6857556773688332 0.016659597030752916 0.06040720438527807 0.018176033934252385
0 0.7405716523101018 0.017423117709437965 0.026851996867658545 0.016659597030752916
0 0.7864447924823805 0.016659597030752916 0.031323414252153486 0.012120890774125133
0 0.8994283476898981 0.078016967126193 0.03579483163664842 0.053022269353128315
0 0.6208770555990603 0.7006468716861082 0.06488645262333587 0.04393425238600219
0 0.5112451057165232 0.659745493107105 0.11634299138606104 0.013637327677624496
0 0.8300704776820673 0.7748780487804878 0.12305403288958487 0.05605514316012715
0 0.6891151135473766 0.773372216330859 0.09844166014095539 0.04696712619300102
1 0.2410806577916993 0.7135312831389183 0.048104933437744676 0.024241781548250158
1 0.3070790916209867 0.7112513255567339 0.048104933437744676 0.025758218451749696
1 0.44971808927173057 0.7006468716861082 0.120822239624119 0.025758218451749696
0 0.14654659357870006 0.5749098621420997 0.03803445575567736 0.028780487804878154
0 0.18458104933437747 0.5764262990455992 0.024612372748629607 0.025758218451749696
0 0.22877055599060298 0.5741569459172852 0.05034455755677366 0.02726405090137862
0 0.22093970242756458 0.5173488865323436 0.19577133907595928 0.0621102863202545
0 0.860837901331245 0.958950159066808 0.036914643696162784 0.024241781548250158
0 0.9050195771339076 0.955917285259809 0.00895066562255273 0.0121208907741252
3 0.5196319498825372 0.4999257688229057 0.29869224745497264 0.4665959703075292