0 0.21302650957290134 0.21647307286166842 0.04312960235640652 0.02865892291446672
0 0.27193667157584683 0.22100316789862723 0.05365243004418263 0.03770855332629354
0 0.33084683357879235 0.22100316789862723 0.03471281296023563 0.025649419218585028
0 0.38922680412371136 0.22175290390707497 0.048387334315169395 0.027148891235480442
0 0.4512960235640648 0.21496304118268214 0.052599410898380015 0.03469904963041184
0 0.5186229749631811 0.21873284054910241 0.048387334315169395 0.024139387539598746
0 0.5938365243004418 0.21647307286166842 0.07258468335787918 0.03167898627243928
0 0.6669440353460973 0.2179831045406547 0.033659793814433014 0.016589229144667348
0 0.8252650957290133 0.1644244984160507 0.036818851251840944 0.06033790918690601
0 0.8810235640648012 0.16593453009503695 0.034712812960235546 0.06637803590285113
0 0.9378276877761413 0.1712143611404435 0.030508100147275286 0.06788806758183741
0 0.7963402061855671 0.07014783526927139 0.044182621502209134 0.025649419218584997
0 0.8415758468335787 0.07089757127771912 0.023144329896907095 0.024139387539598725
0 0.8920692194403536 0.06938753959873284 0.046288659793814524 0.015089757127771903
0 0.9499263622974963 0.07316789862724393 0.048387334315169395 0.013579725448785631
2 0.49389543446244477 0.1395353748680042 0.35451399116347576 0.0407286166842661
0 0.07521354933726068 0.27380147835269275 0.06206921944035346 0.03167898627243928
0 0.07731958762886598 0.3107602956705386 0.07679675994108985 0.0331890179514255
0 0.10888070692194404 0.35751847940865894 0.13149484536082473 0.030168954593453062
0 0.0988880706921944 0.40051742344244984 0.11992636229749633 0.03167898627243928
0 0.08205449189985273 0.4382259767687434 0.07153166421207657 0.025649419218584966
0 0.09256995581737848 0.4804646251319958 0.1157142857142857 0.019609292502639968
0 0.06943298969072166 0.5121436114044351 0.07153166421207659 0.037708553326293595
0 0.09152430044182623 0.5551319957761353 0.10519882179675995 0.030168954593453003
0 0.0909941089837997 0.5951108764519536 0.10835051546391751 0.028658922914466842
0 0.09256995581737851 0.63960929250264 0.09678203240058911 0.027148891235480505
0 0.10203976435935198 0.6788384371700106 0.11992636229749633 0.027148891235480505
0 0.07731958762886598 0.7203167898627244 0.08100147275405008 0.037708553326293595
0 0.10309278350515463 0.8047940865892291 0.14516936671575845 0.028658922914466842
0 0.1041458026509573 0.8425131995776135 0.14307069219440352 0.03167898627243928
0 0.10203976435935198 0.875702217529039 0.12623711340206187 0.025649419218584966
0 0.10256995581737849 0.9141605068637804 0.11887334315169368 0.024139387539598628
0 0.09730486008836524 0.9473495248152058 0.1272901325478645 0.021119324181626188
0 0.10572164948453608 0.9805385427666315 0.13991163475699558 0.027148891235480505
0 0.8026509572901326 0.7301267159450897 0.2987555228276878 0.03620908130939806
0 0.9078497790868925 0.6660084477296727 0.06732695139911622 0.01658922914466741
3 0.5 0.024139387539598732 1 0.04826821541710666