0 0.12492192379762648 0.20096463022508038 0.04216114928169894 0.03483386923901393
0 0.19284821986258588 0.19762057877813505 0.06246096189881324 0.025455519828510183
0 0.26389756402248593 0.2023043944265809 0.06714553404122424 0.018756698821007504
0 0.3384634603372892 0.19426580921757772 0.046064959400374764 0.03215434083601286
0 0.3997501561524047 0.19694533762057878 0.04996876951905059 0.02679528403001072
0 0.46260462211118053 0.19896034297963558 0.03981886321049344 0.017416934619506965
0 0.783104309806371 0.20096463022508038 0.05777638975640225 0.03751339764201501
0 0.8475202998126172 0.19962486602357984 0.05543410368519675 0.03751339764201501
0 0.7097126795752654 0.13867095391211146 0.05465334166146159 0.0334941050375134
0 0.764366021236727 0.14135048231511255 0.03279200499687695 0.02009646302250804
0 0.8143347907557776 0.13665594855305466 0.04059962523422861 0.02679528403001072
0 0.8646970643347909 0.1339764201500536 0.03981886321049344 0.021436227224008574
0 0.14990630855715179 0.5158092175777064 0.05465334166146159 0.08842443729903537
0 0.2108057464084947 0.5111254019292605 0.051530293566520925 0.08440514469453377
0 0.2771705184259838 0.5144694533762058 0.056214865708931916 0.09378349410503752
0 0.34002498438475953 0.5117899249732047 0.05231105559025609 0.09110396570203644
0 0.4052154903185509 0.5111254019292605 0.05465334166146159 0.0897642015005359
0 0.4672891942535915 0.5171489817792069 0.053872579637726424 0.09646302250803858
0 0.5297501561524047 0.5117899249732047 0.058557151780137415 0.09110396570203644
0 0.5399000624609619 0.4367631296891747 0.02420362273579013 0.018756698821007504
0 0.6339787632729544 0.48767416934619506 0.060899437851342914 0.03483386923901393
0 0.7007370393504061 0.4870096463022508 0.06168019987507808 0.03885316184351554
0 0.7604622111180512 0.48834941050375136 0.034353529044347283 0.04153269024651661
0 0.8123860087445347 0.4890139335476956 0.0476264834478451 0.03751339764201501
0 0.6421798875702687 0.539924973204716 0.09134915677701437 0.03483386923901393
0 0.7206433479075578 0.5392604501607717 0.04059962523422861 0.0334941050375134
0 0.7858400999375391 0.5385852090032154 0.06011867582760774 0.03751339764201501
0 0.6187570268582137 0.5982100750267952 0.03513429106808245 0.028135048231511254
0 0.6749718925671456 0.597534833869239 0.0476264834478451 0.02679528403001072
0 0.2287632729544035 0.6236655948553055 0.21392879450343535 0.07368703108252947
0 0.4536227357901312 0.6203108252947481 0.2154903185509057 0.0669882100750268
2 0.3653966271080575 0.13867095391211146 0.2763897564022486 0.04957127545551983