0 0.041104553119730186 0.08948945615982241 0.05480607082630692 0.0763041065482797
0 0.04268971332209106 0.17966703662597114 0.049536256323777395 0.07352941176470588
0 0.043743676222596964 0.26429522752497225 0.04742833052276559 0.07352941176470588
0 0.9311804384485667 0.045782463928967815 0.02845699831365936 0.030521642619311874
0 0.9722849915682968 0.0409322974472808 0.026349072512647554 0.034683684794672584
0 0.948566610455312 0.1650943396226415 0.06534569983136594 0.022197558268590455
0 0.916424957841484 0.3086903440621532 0.08115514333895447 0.034683684794672584
0 0.7920573355817876 0.39748057713651497 0.38048060708263076 0.05688124306326304
1 0.7910033726812817 0.5043063263041065 0.3615092748735245 0.062430632630410654
1 0.7941652613827994 0.5854605993340732 0.3720489038785836 0.058268590455049944
0 0.6381787521079259 0.6367924528301887 0.07272344013490725 0.024972253052164262
0 0.6376475548060708 0.7588790233074362 0.025295109612141653 0.038845726970033294
0 0.7019392917369308 0.7637402885682575 0.021079258010118045 0.029134295227524972
0 0.7483136593591906 0.7623529411764706 0.046374367622259695 0.015260821309655937
0 0.6972006745362563 0.947558268590455 0.17811973018549748 0.058268590455049944
0 0.8874367622259697 0.947558268590455 0.17495784148397978 0.05271920088790233