0 0.8783633516053251 0.4460709914320685 0.13138606108065795 0.032643818849449155
0 0.8779248238057947 0.40527539779681765 0.1305168363351606 0.032643818849449155
0 0.4615818324197338 0.5324357405140759 0.061777603758809786 0.08296205630354954
0 0.52814408770556 0.5337943696450429 0.06264682850430697 0.07751529987760103
0 0.5968833202819107 0.5331211750305997 0.06090837901331243 0.07887392900856786
0 0.6647533281127643 0.5344798041615667 0.05742364917776032 0.07615667074663406
0 0.7326233359436178 0.5371970624235006 0.06090837901331243 0.07615667074663406
0 0.44679718089271725 0.7160342717258262 0.028715740015661764 0.04488372093023265
0 0.5237979639780735 0.7139902080783355 0.11137039937353174 0.05439412484700129
0 0.604283476898982 0.7133170134638922 0.03915426781519186 0.050318237454100245
0 0.6525685199686766 0.7139902080783355 0.04176194205168358 0.05167686658506735
0 0.5703445575567737 0.774516523867809 0.05133907595927952 0.053035495716034185
0 0.6247298355520752 0.774516523867809 0.05046202036021931 0.050318237454100245
0 0.6795458104933437 0.7738310893512852 0.053946750195771415 0.05167686658506735
0 0.4846436961628817 0.7738310893512852 0.10789350039154266 0.05167686658506735
0 0.462458888018794 0.6201591187270502 0.06351605324980415 0.08160342717258257
0 0.8796632732967893 0.6453121175030601 0.12877055599060303 0.03671970624235006
1 0.46985121378230227 0.27811505507955936 0.0817854346123728 0.01767441860465116
0 0.5490289741581833 0.282203182374541 0.06787000783085362 0.028555691554467546
0 0.4685434612372749 0.2590820073439412 0.082662490211433 0.02040391676866587
3 0.5011746280344558 0.0208078335373317 0.9976507439310884 0.0416156670746634
0 0.22535630383711822 0.5915911872705019 0.0904933437744714 0.01631578947368426