0 0.054987714987714986 0.13631130063965885 0.051482391482391476 0.03807036247334756
0 0.14098280098280097 0.13859275053304904 0.04562653562653561 0.03350746268656717
0 0.1994840294840295 0.13859275053304904 0.05265356265356265 0.01827292110874199
0 0.27144144144144144 0.13631130063965882 0.04446355446355443 0.022846481876332616
0 0.2813841113841114 0.19722814498933902 0.01755118755118751 0.013710021321961635
0 0.3515888615888616 0.19647121535181236 0.07371007371007371 0.024371002132196177
0 0.7376822276822277 0.054829424307036245 0.04329238329238321 0.05482942430703624
0 0.780974610974611 0.0464498933901919 0.03393120393120398 0.04721748400852879
0 0.8266093366093366 0.04340085287846482 0.029246519246519276 0.035031982942430706
0 0.871064701064701 0.0464498933901919 0.038607698607698505 0.03807036247334754
0 0.9307371007371008 0.06091684434968017 0.05733005733005733 0.05482942430703625
0 0.9213759213759214 0.27642857142857147 0.0432923832923834 0.025895522388059693
1 0.8365520065520066 0.27337953091684436 0.09593775593775603 0.016748400852878473
1 0.058501228501228505 0.20331556503198295 0.05615888615888615 0.01674840085287844
1 0.06552006552006552 0.22921108742004265 0.05615888615888615 0.025895522388059724
1 0.06376740376740377 0.26347547974413643 0.05733005733005733 0.012185501066098088
1 0.06552006552006552 0.2931769722814499 0.04914004914004914 0.02284648187633257
1 0.0661015561015561 0.3685607675906183 0.05265356265356265 0.012185501066098028
1 0.06434889434889435 0.40054371002132194 0.05615888615888615 0.015234541577825122
1 0.06376740376740377 0.43101279317697233 0.054987714987715 0.024371002132196177
1 0.06961506961506962 0.4553731343283582 0.0666912366912367 0.021321961620469083
1 0.06142506142506143 0.5368550106609808 0.04562653562653563 0.013710021321961635
1 0.09593775593775596 0.5718869936034114 0.12402129402129403 0.016748400852878504
1 0.05615888615888615 0.644232409381663 0.03041769041769041 0.01827292110874211
1 0.06727272727272728 0.6762153518123667 0.062006552006552015 0.015234541577825122
1 0.05440622440622441 0.7066737739872069 0.03393120393120393 0.009136460554370934
1 0.052063882063882065 0.7310341151385928 0.03627354627354628 0.01218550106609815
1 0.04914004914004914 0.8604904051172708 0.04212121212121213 0.01827292110874211
1 0.05323505323505324 0.9358848614072495 0.03158886158886158 0.02284648187633269
1 0.06376740376740377 0.9640618336886994 0.05031122031122032 0.021321961620469083
1 0.05733005733005733 0.9942110874200427 0.039778869778869776 0.011577825159914606
0 0.0467977067977068 0.8087100213219617 0.028083538083538077 0.01827292110874211
0 0.05557739557739558 0.8323134328358209 0.04095004095004095 0.016748400852878504
1 0.23633906633906634 0.0464498933901919 0.08891891891891894 0.035031982942430706
2 0.4176904176904177 0.05102345415778251 0.25740376740376736 0.03807036247334756