0 0.08062709030100335 0.03184713375796178 0.060919732441471586 0.03942675159235669
1 0.17319397993311036 0.031093418259023353 0.10033444816053512 0.03184713375796178
2 0.36251672240802674 0.0333651804670913 0.2711454849498328 0.036401273885350326
0 0.7572826086956522 0.03184713375796178 0.021496655518394678 0.02729299363057325
0 0.800886287625418 0.0333651804670913 0.02508361204013378 0.030329087048832276
0 0.8397073578595318 0.030329087048832273 0.02867056856187288 0.030329087048832276
0 0.8856939799331104 0.03184713375796178 0.02747491638795997 0.03640127388535031
0 0.9484030100334447 0.030329087048832273 0.04061036789297673 0.03336518046709129
1 0.1081020066889632 0.1971443736730361 0.04658026755852842 0.021231422505307854
0 0.15169732441471573 0.6877494692144374 0.04539297658862878 0.05914012738853507
0 0.20783444816053512 0.6839596602972399 0.040610367892976604 0.05459660297239922
0 0.28308528428093643 0.5618789808917197 0.10272575250836122 0.12890658174097672
0 0.17737458193979933 0.7628131634819534 0.2902508361204013 0.03336518046709136
0 0.6551588628762542 0.570212314225053 0.06569397993311031 0.045498938428874626
0 0.6790468227424749 0.4124946921443737 0.020309364548494954 0.027292993630573286
0 0.676061872909699 0.46026539278131634 0.019113712374581857 0.022749469214437313
0 0.8002842809364549 0.33287685774946923 0.07883779264214044 0.02578556263269635
0 0.925108695652174 0.8909660297239914 0.04419732441471583 0.02578556263269635
0 0.783561872909699 0.950859872611465 0.07644648829431444 0.05156050955414006
0 0.8623996655518396 0.950859872611465 0.07166387959866224 0.05459660297239922
0 0.9239130434782609 0.951624203821656 0.04180602006688963 0.05611464968152856
0 0.5369063545150502 0.889447983014862 0.29025083612040137 0.0348832271762207
0 0.682633779264214 0.797696390658174 0.020309364548494954 0.012133757961783507
0 0.6820317725752508 0.7393099787685774 0.009556856187291024 0.013651804670912844
0 0.6844230769230769 0.6892675159235668 0.01433110367892985 0.022749469214437434
1 0.6569481605351171 0.6323885350318472 0.05733277591973239 0.021231422505307854