0 0.4461120996441281 0.25558237145855195 0.08134341637010671 0.1783840503672613
0 0.29741103202846975 0.5711332633788038 0.3762099644128114 0.05995802728226663
0 0.7085676156583629 0.5696327387198321 0.38001779359430615 0.06596012591815316
1 0.20080960854092528 0.77199370409234 0.25419039145907474 0.02098635886673662
1 0.599261565836299 0.77199370409234 0.2986743772241993 0.023987408184679853
2 0.6494661921708185 0.18962224554039875 0.2516548042704628 0.04647429171038827
2 0.7072953736654805 0.25633788037775446 0.3698487544483986 0.05696747114375658
2 0.7053914590747331 0.32678908709338933 0.3711209964412812 0.05396642182581317
2 0.6024377224199288 0.3860020986358867 0.17285587188612098 0.0494648478488982
1 0.7924466192170819 0.3860020986358867 0.1817526690391459 0.034480587618048286
0 0.8356672597864768 0.1888772298006296 0.10803380782918155 0.05396642182581323