0 0.9250759219088938 0.5886342042755345 0.02259580621836587 0.04008313539192399
0 0.8966015907447578 0.3614964370546318 0.04338394793926247 0.022268408551068885
0 0.7275849602313811 0.03934679334916865 0.025307302964569775 0.043052256532066506
0 0.7696167751265366 0.03637767220902612 0.02801879971077368 0.03414489311163895
0 0.8084815618221259 0.03934679334916865 0.026211135213304412 0.043052256532066506
0 0.8532176428054953 0.04453681710213777 0.03796095444685466 0.050475059382422804
0 0.9056399132321041 0.03414489311163896 0.046999276934201015 0.047505938242280284
1 0.16856832971800434 0.03637767220902612 0.08224873463485177 0.031175771971496433
2 0.3520462762111352 0.03859857482185273 0.26301518438177873 0.04453681710213777
3 0.4745119305856833 0.8833135391923991 0.8966015907447578 0.1187648456057007
0 0.06733911785972523 0.03934679334916865 0.08586406362979031 0.05492874109263658