1 0.0938220338983051 0.09412327311370881 0.1537542372881356 0.033400637619553676
0 0.0405593220338983 0.3408182784272051 0.047211864406779665 0.031880977683315624
0 0.10714406779661018 0.3415834218916047 0.059322033898305086 0.03036131774707763
0 0.06961016949152543 0.03112646121147715 0.03511016949152543 0.03492029755579171
0 0.1380169491525424 0.030361317747077576 0.0653728813559322 0.0242933049946865
0 0.614406779661017 0.026567481402763018 0.07143220338983047 0.028841657810839534
0 0.7578728813559322 0.029606801275239108 0.029059322033898275 0.028841657810839534
0 0.7978220338983051 0.026567481402763018 0.03389830508474576 0.03492029755579171
0 0.8407966101694915 0.030361317747077576 0.03753389830508472 0.03340063761955366
0 0.8843813559322034 0.029606801275239108 0.027847457627118752 0.031880977683315624
0 0.9467288135593221 0.025812964930924547 0.04116101694915268 0.04554729011689692
0 0.8486694915254237 0.15713071200850162 0.15496610169491518 0.022773645058448467
0 0.9558135593220338 0.5943570669500531 0.03026271186440681 0.037948990435706736
0 0.2306271186440678 0.09791710945802339 0.047211864406779665 0.019734325185972363
0 0.3050847457627119 0.09943676939426142 0.07505932203389826 0.022773645058448467
0 0.38619491525423727 0.09639744952178533 0.0653728813559322 0.022773645058448467
0 0.452177966101695 0.09564293304994687 0.03026271186440681 0.027321997874601496