2 0.3168206734534064 0.043149946062567425 0.4078543461237275 0.05752966558791801
0 0.1863116679718089 0.22203883495145632 0.3151918559122944 0.06652642934196334
0 0.5047611589663273 0.22833872707659114 0.31127642913077525 0.07011866235167206
0 0.8186530931871575 0.2287810140237325 0.3151918559122944 0.07281553398058252
3 0.5005246671887237 0.16900755124056094 0.9971260767423649 0.1797950377562028
0 0.023821456538762727 0.04225458468176915 0.043719655442443224 0.05573894282632146
0 0.7775411119812059 0.04360302049622438 0.03719655442443226 0.04943905070118662
0 0.822239624119029 0.045393743257820925 0.03915426781519186 0.04764832793959007
0 0.8623727486296007 0.048090614886731387 0.03458888018794054 0.05124056094929881
0 0.9087079091620988 0.04180151024811219 0.03719655442443226 0.05304207119741101
0 0.9697180892717305 0.04090614886731392 0.056123727486296064 0.06022653721682848