0 0.8995796281325787 0.4717518248175182 0.1356345998383187 0.035145985401459835
0 0.9018270008084074 0.5129805352798054 0.1347372675828618 0.03379562043795617
0 0.40734842360549717 0.49 0.0655699272433306 0.07164233576642334
0 0.477413096200485 0.49 0.06556992724333056 0.07164233576642334
0 0.5465723524656427 0.4886496350364964 0.06556992724333056 0.07164233576642334
0 0.618431689571544 0.4886496350364964 0.06556992724333056 0.07164233576642334
0 0.20883589329021826 0.5832603406326035 0.1015036378334681 0.022980535279805335
0 0.8991269199676637 0.7927858880778589 0.13653193209377515 0.03919708029197084
0 0.9000242522231204 0.8360340632603407 0.13653193209377515 0.0364963503649635
1 0.9000242522231204 0.4332238442822385 0.1347372675828618 0.03109489051094884
3 0.5 0.02094890510948905 1 0.0418978102189781