0 0.11294311624072548 0.23684210526315788 0.06595218466611706 0.05263157894736842
0 0.18260511129431162 0.23826458036984352 0.060181368507831824 0.049786628733997154
0 0.2671063478977741 0.23826458036984352 0.09727947238252267 0.049786628733997154
0 0.36479802143446 0.23399715504978663 0.07666941467436109 0.05832147937411095
0 0.43075020610057707 0.23897581792318634 0.04699093157460841 0.05405405405405406
0 0.48557295960428687 0.23968705547652916 0.05441055234954658 0.044096728307254626
0 0.5416323165704864 0.2375533428165007 0.041220115416323165 0.04551920341394026
0 0.5919208573784006 0.24182076813655762 0.04451772464962902 0.051209103840682786
0 0.6380873866446826 0.23826458036984352 0.031327287716405604 0.05263157894736842
0 0.6739488870568837 0.23684210526315788 0.025556471558120363 0.049786628733997154
0 0.7279472382522671 0.2375533428165007 0.0741962077493817 0.051209103840682786
0 0.7967848309975268 0.23968705547652916 0.0585325638911789 0.05547652916073969
0 0.8495465787304205 0.2375533428165007 0.03544929925803792 0.04836415362731152
0 0.8903544929925804 0.23684210526315788 0.03297609233305853 0.05263157894736842
0 0.9311624072547403 0.24182076813655762 0.0403957131079967 0.051209103840682786
3 0.5094806265457543 0.08677098150782361 0.9810387469084914 0.17354196301564723
0 0.06924979389942292 0.3357041251778094 0.07749381698268755 0.034139402560455195
1 0.04699093157460841 0.46799431009957326 0.03297609233305853 0.025604551920341393
1 0.06471558120362737 0.5035561877667141 0.06677658697444352 0.01991465149359886
1 0.06924979389942292 0.5355618776671408 0.08244023083264633 0.02418207681365576
1 0.04534212695795548 0.569701280227596 0.03462489694971146 0.02702702702702703
1 0.048639736191261336 0.6052631578947368 0.031327287716405604 0.02418207681365576
1 0.050700741962077495 0.7083926031294452 0.043693322341302555 0.02844950213371266
1 0.04699093157460841 0.7453769559032717 0.03792250618301731 0.025604551920341393
1 0.055234954657873044 0.7773826458036984 0.05605935696619951 0.029871977240398292
1 0.05028854080791426 0.8115220483641536 0.041220115416323165 0.02418207681365576
1 0.045754328112118714 0.9132290184921764 0.03215169002473207 0.02844950213371266
1 0.07790601813685079 0.9473684210526315 0.09975267930750206 0.031294452347083924
0 0.97320692497939 0.23826458036984352 0.030502885408079144 0.049786628733997154