0 0.3354673721340388 0.25625555555555557 0.056584362139917695 0.02361111111111111
0 0.3350970017636684 0.48055555555555557 0.05584950029394474 0.019444444444444445
0 0.3391416813639036 0.6784777777777777 0.06246325690770135 0.020833333333333332
0 0.3409758965314521 0.9152777777777777 0.0720164609053498 0.025
0 0.3270135214579659 0.3625 0.0411522633744856 0.03611111111111111
0 0.3281187536743092 0.5861111111111111 0.0360082304526749 0.03333333333333333
0 0.33620223398001176 0.7847222222222222 0.056584362139917695 0.03611111111111111
0 0.37918871252204583 0.8270888888888889 0.08083480305702528 0.02361111111111111
0 0.02756025867136978 0.05695555555555555 0.04041740152851264 0.022200000000000004
0 0.06907701352145797 0.059744444444444454 0.036743092298647854 0.03611111111111112
0 0.10986478542034098 0.05557777777777778 0.03306878306878307 0.022222222222222223
0 0.14072898295120517 0.056277777777777774 0.018371546149323927 0.02638888888888889
0 0.8348030570252792 0.017388888888888888 0.03380364491475603 0.029166666666666667
0 0.8810993533215755 0.016677777777777777 0.054379776601998824 0.033355555555555555
0 0.9285008818342152 0.019455555555555556 0.028659611992945325 0.03891111111111111
0 0.9725925925925927 0.016677777777777777 0.05217519106407995 0.033355555555555555
0 0.02535567313345091 0.015288888888888888 0.04776601998824221 0.030577777777777777
0 0.04593180482069371 0.8673666666666666 0.044826572604350384 0.018055555555555554
0 0.051810699588477366 0.9048666666666667 0.03306878306878307 0.02361111111111111
0 0.0018400940623162845 0.05625555555555556 0.0036743092298647854 0.018055555555555554
0 0.14440329218106995 0.5152777777777777 0.024250440917107582 0.03333333333333333
0 0.9652439741328631 0.059033333333333333 0.05805408583186361 0.02361111111111111
1 0.058788947677836566 0.15625555555555556 0.07054673721340388 0.029166666666666667
1 0.051075837742504404 0.2618111111111111 0.06246325690770135 0.020833333333333332
1 0.03747795414462081 0.3104222222222222 0.029394473838918283 0.02361111111111111
1 0.046296296296296294 0.32847777777777776 0.04556143445032334 0.018055555555555554
1 0.03968253968253968 0.3465333333333333 0.026455026455026454 0.02361111111111111
1 0.05584950029394474 0.3659777777777778 0.06319811875367431 0.020833333333333332
1 0.05254556143445032 0.38125555555555557 0.05805408583186361 0.015277777777777777
1 0.03490887713109935 0.43264444444444444 0.022780717225161666 0.02638888888888889
1 0.0411522633744856 0.6569444444444444 0.0411522633744856 0.022222222222222223
1 0.04078777189888301 0.6784777777777777 0.0360082304526749 0.020833333333333332
1 0.04519694297472075 0.6958333333333333 0.049235743680188127 0.019444444444444445
1 0.04335684891240447 0.7132 0.04556143445032334 0.018055555555555554
1 0.0411522633744856 0.7319444444444444 0.03380364491475603 0.019444444444444445
1 0.04593180482069371 0.7527777777777778 0.04188712522045855 0.022222222222222223
1 0.04335684891240447 0.7979222222222222 0.03821281599059377 0.020833333333333332
1 0.039318048206937094 0.8180555555555555 0.03159905937683716 0.019444444444444445
1 0.03968253968253968 0.9507 0.029394473838918283 0.02361111111111111
1 0.04585537918871252 0.9933333333333333 0.04938271604938271 0.013333333333333334
2 0.4309994121105233 0.01875555555555555 0.7561728395061729 0.0375