0 0.4148400629260619 0.3887622149837134 0.043099108547456765 0.027893593919652612
0 0.4140325117986366 0.636970684039088 0.04363922391190353 0.0245385450597176
0 0.4145726271630834 0.7964929424538546 0.04148400629260614 0.029001085776330114
0 0.10074986890403775 0.05243213897937025 0.02370739381227057 0.020076004343105316
0 0.13145778710015732 0.05186753528773073 0.023707393812270588 0.016731813246471224
0 0.16243314105925538 0.05186753528773073 0.026397482957524924 0.016731813246471224
0 0.18533298374410068 0.050760043431053205 0.010776088096486605 0.012269272529858846
2 0.4641373885684321 0.018403908794788273 0.7623387519664394 0.03011943539630836
0 0.8667960146827478 0.01969598262757872 0.020933403251179903 0.021009771986970686
0 0.9690141583639225 0.01778501628664495 0.03958049292081805 0.0355700325732899
0 0.03769271106449921 0.05225841476655809 0.022941793392763504 0.02035830618892508
0 0.06718930256948086 0.05157437567861021 0.030807551127425274 0.024429967426710098
1 0.01343995804929208 0.052931596091205214 0.020319874147876244 0.019001085776330078
1 0.20549554273728368 0.13300760043431054 0.04916098584163608 0.019001085776330078
1 0.20287362349239643 0.21715526601520088 0.04916098584163608 0.019001085776330078
1 0.20549554273728368 0.48588490770901194 0.04916098584163608 0.019001085776330078
1 0.20549554273728368 0.5293159609120521 0.04916098584163608 0.019001085776330078
1 0.2022181436811746 0.5673181324647123 0.04916098584163608 0.019001085776330078
1 0.20549554273728368 0.6107491856677525 0.04916098584163608 0.019001085776330078
1 0.20352910330361826 0.6270358306188925 0.04916098584163608 0.019001085776330078
1 0.20352910330361826 0.6786102062975027 0.04916098584163608 0.019001085776330078
1 0.20549554273728368 0.7166123778501629 0.04916098584163608 0.019001085776330078
1 0.19439433665443104 0.7594462540716613 0.0248190875721028 0.012377850162866548
1 0.19844782380702675 0.7740390879478827 0.03686942842160464 0.014419109663409308
1 0.2013109596224436 0.787100977198697 0.03883586785527003 0.014419109663409308
1 0.20307288935500786 0.8027035830618892 0.04301520713162033 0.014419109663409308
1 0.20224960671211326 0.816786102062975 0.04154168851599372 0.014419109663409308