0 0.8768879999999999 0.4556500607533414 0.13244799999999995 0.03645200486026731
0 0.8768879999999999 0.49479951397326855 0.136 0.028347509113001264
0 0.036448 0.15188335358444716 0.024888 0.04455650060753343
0 0.033336000000000005 0.19845686512758204 0.025776 0.03510328068043741
0 0.034664 0.2565127582017011 0.023112 0.032405832320777664
0 0.033336000000000005 0.2990400972053463 0.024 0.04184690157958691
0 0.030224 0.35102065613608746 0.026664 0.03510328068043741
0 0.030664 0.3962454434993925 0.024 0.03645200486026731
0 0.431112 0.24976913730255165 0.014223999999999978 0.01890643985419198
0 0.196448 0.5872782503037667 0.10666400000000004 0.02969623329283117
0 0.42977600000000005 0.8269258809234508 0.15022399999999997 0.0337545565006075
0 0.8768879999999999 0.411093560145808 0.1271119999999999 0.03645200486026731
0 0.836 0.3732928311057108 0.04711199999999999 0.028347509113001264
0 0.854224 0.23424058323207778 0.012447999999999956 0.022952612393681637
0 0.406224 0.23221142162818956 0.10844799999999996 0.01890643985419198
0 0.472 0.2504374240583232 0.04444799999999996 0.020255164034021892
0 0.609776 0.32874848116646416 0.010663999999999943 0.020255164034021823
0 0.384448 0.5299027946537059 0.06488800000000002 0.022952612393681637
0 0.840888 0.6372296476306197 0.04977599999999993 0.024301336573511544
0 0.8884479999999999 0.5818833535844471 0.07377599999999984 0.02160388821385173
0 0.873776 0.6088821385176185 0.04622400000000016 0.024301336573511544
0 0.324888 0.15391251518833535 0.01866400000000003 0.03510328068043744
0 0.897776 0.02227217496962333 0.0711119999999999 0.025650060753341433
3 0.424 0.023620899149453218 0.8462239999999998 0.04184690157958688
3 0.706224 0.9382989064398543 0.4168880000000001 0.11070473876063171
2 0.877776 0.7405103280680438 0.13777599999999993 0.0445565006075335
1 0.877776 0.6838153098420413 0.13066399999999995 0.05264884568651267