0 0.11066271018793274 0.24495249406175773 0.07542037586547973 0.03859857482185273
0 0.17619188921859544 0.24049881235154394 0.05811078140454995 0.029691211401425176
0 0.2627398615232443 0.24495249406175773 0.11003956478733927 0.04453681710213777
0 0.35670623145400593 0.24570071258907364 0.08531157270029674 0.031175771971496437
0 0.42594460929772504 0.24570071258907364 0.04821958456973294 0.03711401425178147
0 0.48776458951533136 0.24421615201900237 0.05316518298714144 0.03414489311163896
0 0.5415430267062314 0.24570071258907364 0.03956478733926805 0.03711401425178147
0 0.5922354104846687 0.24495249406175773 0.03461918892185954 0.035629453681710214
0 0.6355093966369931 0.2427315914489311 0.05934718100890208 0.04008313539192399
0 0.673837784371909 0.24570071258907364 0.03956478733926805 0.043052256532066506
0 0.7313353115727003 0.24718527315914487 0.08283877349159248 0.043052256532066506
0 0.7956280909990109 0.24792161520190023 0.07789317507418397 0.035629453681710214
0 0.8512660731948566 0.24570071258907364 0.045746785361028684 0.03711401425178147
0 0.8951533135509396 0.25015439429928743 0.046983184965380814 0.03711401425178147
0 0.9483184965380811 0.25163895486935867 0.06429277942631058 0.043052256532066506
0 0.06676557863501484 0.3087885985748218 0.0840751730959446 0.017814726840855107
1 0.04636993076162215 0.38895486935866985 0.04574678536102868 0.020783847980997625
1 0.07109792284866469 0.4082541567695962 0.09272997032640949 0.017814726840855107
1 0.055637982195845696 0.43497624703087884 0.06676557863501484 0.023752969121140142
1 0.06552917903066272 0.45799287410926365 0.08654797230464886 0.016330166270783847
1 0.07109792284866469 0.47802850356294535 0.09520276953511375 0.020783847980997625
1 0.06491592482690405 0.5507719714964371 0.09272997032640949 0.020783847980997625
1 0.05626112759643916 0.5708194774346793 0.07047477744807122 0.01336104513064133
1 0.042660731948565775 0.5945724465558194 0.04574678536102868 0.019299287410926364
1 0.06181998021760633 0.6198099762470308 0.07665677546983185 0.019299287410926364
1 0.0438971315529179 0.6895843230403801 0.04080118694362017 0.019299287410926364
1 0.07851632047477744 0.7133372921615202 0.1026211671612265 0.025237529691211402
3 0.5074183976261127 0.14029691211401424 0.9851632047477745 0.126187648456057
3 0.506429277942631 0.04334916864608076 0.9871414441147379 0.039192399049881234
1 0.05749752720079129 0.9731353919239905 0.06800197823936696 0.022268408551068885