3 0.45211977186311786 0.03579952267303103 0.9018536121673004 0.05369928400954654
0 0.4556844106463878 0.45346062052505964 0.06535171102661597 0.0805489260143198
0 0.5240019011406845 0.45346062052505964 0.06416349809885931 0.07458233890214797
0 0.592328897338403 0.45122911694510737 0.06772813688212928 0.08502386634844869
0 0.6612452471482889 0.4542124105011933 0.06297528517110267 0.08502386634844869
0 0.730161596958175 0.45346062052505964 0.06535171102661597 0.08651551312649165
0 0.4550855513307985 0.5369928400954654 0.06891634980988594 0.08651551312649165
0 0.5234125475285171 0.539236276849642 0.06535171102661597 0.08502386634844869
0 0.594106463878327 0.5369928400954654 0.06891634980988594 0.08651551312649165
0 0.6606463878326996 0.539236276849642 0.06416349809885931 0.07905727923627685
0 0.730161596958175 0.539236276849642 0.06535171102661597 0.08204057279236276
0 0.4550855513307985 0.6235083532219571 0.07129277566539924 0.08949880668257756
0 0.5257889733840304 0.6242601431980906 0.06535171102661597 0.0880071599045346
0 0.5952946768060836 0.6242601431980906 0.06416349809885931 0.0880071599045346
0 0.6642110266159695 0.6242601431980906 0.06416349809885931 0.08204057279236276
0 0.7313498098859316 0.6212768496420048 0.06297528517110267 0.08204057279236276
0 0.45330798479087453 0.7070405727923628 0.0748574144486692 0.08353221957040573
0 0.8798764258555133 0.733890214797136 0.15803231939163498 0.0477326968973747
0 0.8899714828897338 0.513126491646778 0.08317490494296578 0.02386634844868735
0 0.872148288973384 0.5332696897374701 0.04990494296577947 0.019391408114558473
0 0.9541349809885932 0.03579952267303103 0.08317490494296578 0.02684964200477327
0 0.8525475285171102 0.3080310262529833 0.08198669201520913 0.031324582338902146
0 0.8786882129277567 0.3706801909307876 0.13902091254752852 0.03729116945107398
0 0.8763117870722433 0.4094630071599045 0.1295152091254753 0.031324582338902146
0 0.8775 0.4445107398568019 0.1342680608365019 0.03579952267303103
0 0.39033269961977185 0.14245823389021478 0.015446768060836502 0.02535799522673031
0 0.4770722433460076 0.20435560859188545 0.12238593155893536 0.020883054892601432
0 0.5471768060836502 0.2230071599045346 0.0748574144486692 0.016408114558472554
0 0.4925190114068441 0.22449880668257757 0.015446768060836502 0.016408114558472554
0 0.9042300380228137 0.19242243436754178 0.057034220532319393 0.02386634844868735
2 0.879277566539924 0.6287350835322195 0.14020912547528516 0.03729116945107398
0 0.22279467680608364 0.5041766109785203 0.12238593155893536 0.02684964200477327
1 0.879277566539924 0.5757756563245824 0.14258555133079848 0.05071599045346062
0 0.4550855513307985 0.3714200477326969 0.07366920152091255 0.020883054892601432
0 0.6356939163498099 0.38931980906921243 0.06178707224334601 0.02684964200477327
0 0.07783269961977186 0.5496778042959427 0.05346958174904943 0.06712410501193318
0 0.13307984790874525 0.5452028639618138 0.04990494296577947 0.05817422434367542
0 0.18773764258555134 0.548926014319809 0.04990494296577947 0.06861575178997613
0 0.2423954372623574 0.5504176610978521 0.054657794676806086 0.056682577565632455
0 0.2994296577946768 0.5548926014319809 0.04990494296577947 0.059665871121718374
0 0.3582509505703422 0.5563842482100239 0.05346958174904943 0.07159904534606205
0 0.8804657794676806 0.28267303102625296 0.057034220532319393 0.019391408114558473