0 0.8826698113207547 0.3913690476190476 0.13089622641509435 0.03571428571428571
0 0.8838490566037736 0.42857142857142855 0.13089622641509435 0.03571428571428571
0 0.8856132075471698 0.4791666666666667 0.0589622641509434 0.020833333333333332
0 0.8950471698113207 0.50075 0.07311320754716981 0.022321428571428572
0 0.8732358490566038 0.5223214285714286 0.041273584905660375 0.020833333333333332
0 0.8455188679245284 0.5446428571428571 0.04245283018867924 0.020833333333333332
0 0.05188679245283019 0.12426190476190475 0.030660377358490566 0.04017857142857143
0 0.05248113207547169 0.16517857142857142 0.027122641509433956 0.041666666666666664
0 0.05188679245283019 0.20313095238095238 0.030660377358490566 0.03720238095238095
0 0.05248113207547169 0.24479761904761904 0.02948113207547169 0.03720238095238095
0 0.05248113207547169 0.28720238095238093 0.02948113207547169 0.03571428571428571
0 0.05306603773584906 0.3266428571428571 0.03773584905660377 0.03720238095238095
0 0.05188679245283019 0.36755952380952384 0.030660377358490566 0.03571428571428571
0 0.21226415094339623 0.4769404761904762 0.11084905660377359 0.019345238095238096
0 0.39740566037735847 0.5446428571428571 0.06132075471698113 0.023809523809523808
0 0.4192264150943396 0.21428571428571427 0.10495283018867925 0.020833333333333332
0 0.48998113207547167 0.2314047619047619 0.05778301886792453 0.019345238095238096
0 0.44399056603773585 0.23065476190476192 0.012971698113207548 0.011904761904761904
0 0.3390377358490566 0.12648809523809523 0.01768867924528302 0.026785714285714284
0 0.9551886792452831 0.019345238095238096 0.06367924528301887 0.023809523809523808
0 0.6008301886792453 0.3772380952380952 0.05778301886792453 0.025297619047619048
3 0.45754716981132076 0.019345238095238096 0.9056603773584906 0.03571428571428571
0 0.8413962264150944 0.2113095238095238 0.05070754716981132 0.020833333333333332
0 0.9192264150943397 0.2433095238095238 0.055424528301886794 0.01636904761904762
0 0.8502358490566038 0.2939047619047619 0.07547169811320754 0.019345238095238096
2 0.8850283018867925 0.6294642857142857 0.14268867924528303 0.03571428571428571
1 0.8791320754716981 0.5758928571428571 0.1332547169811321 0.03869047619047619