0 0.392688679245283 0.38381123058542416 0.07311320754716981 0.07168458781362007
0 0.46167924528301885 0.3830704898446834 0.0695754716981132 0.07317801672640382
0 0.5306603773584906 0.38755077658303466 0.0660377358490566 0.07616487455197132
0 0.04304716981132076 0.12470728793309438 0.027122641509433963 0.03733572281959379
0 0.04068867924528302 0.16652329749103942 0.0294811320754717 0.04032258064516129
0 0.04245283018867924 0.2060931899641577 0.02830188679245283 0.035842293906810034
0 0.04186792452830189 0.24790919952210275 0.031839622641509434 0.035842293906810034
0 0.04304716981132076 0.28749103942652326 0.031839622641509434 0.03733572281959379
0 0.04481132075471698 0.32855436081242534 0.025943396226415096 0.03882915173237754
0 0.04304716981132076 0.3711230585424134 0.031839622641509434 0.04032258064516129
0 0.1998867924528302 0.47939068100358423 0.10731132075471699 0.023894862604540025
0 0.40212264150943394 0.2120669056152927 0.09669811320754718 0.017921146953405017
0 0.478188679245283 0.22849462365591397 0.055424528301886794 0.023894862604540025
0 0.433377358490566 0.23148148148148148 0.01061320754716981 0.017921146953405017
0 0.392688679245283 0.4540023894862604 0.0660377358490566 0.032855436081242535
0 0.44399056603773585 0.45624850657108723 0.045990566037735846 0.034348864994026285
0 0.495877358490566 0.4547550776583035 0.06485849056603774 0.03733572281959379
0 0.8714622641509434 0.37410991636798085 0.12735849056603774 0.028375149342891277
0 0.875 0.40770609318996415 0.125 0.032855436081242535
0 0.875 0.46296296296296297 0.054245283018867926 0.017921146953405017
0 0.8838490566037736 0.48611708482676225 0.07429245283018868 0.025388291517323774
0 0.8649811320754717 0.5077658303464755 0.03891509433962264 0.02090800477897252
3 0.4481132075471698 0.02090800477897252 0.8962264150943396 0.04181600955794504
0 0.3867924528301887 0.6332138590203107 0.06132075471698113 0.02090800477897252
0 0.8319622641509434 0.5279330943847073 0.04834905660377359 0.022401433691756272
0 0.8791320754716981 0.17548387096774193 0.055424528301886794 0.022401433691756272
0 0.3944622641509434 0.3083990442054958 0.07429245283018868 0.01941457586618877
0 0.5542452830188679 0.32482676224611706 0.05188679245283019 0.028375149342891277
1 0.8691037735849056 0.5630227001194743 0.12971698113207547 0.04778972520908005
2 0.8744150943396226 0.6130585424133811 0.14268867924528303 0.04032258064516129
0 0.8767735849056604 0.33602150537634407 0.13561320754716982 0.032855436081242535
0 0.8425754716981132 0.28002389486260454 0.07429245283018868 0.028375149342891277
0 0.3290094339622642 0.12470728793309438 0.02122641509433962 0.025388291517323774
0 0.9375 0.01867383512544803 0.06367924528301887 0.025388291517323774