0 0.5334191829484902 0.351423487544484 0.06327708703374778 0.07413997627520759
0 0.47014209591474243 0.35217081850533805 0.06105683836589698 0.08748517200474495
0 0.4013143872113677 0.3536536180308422 0.06771758436944939 0.08155397390272835
0 0.4290674955595027 0.4263107947805457 0.03663410301953819 0.02224199288256228
0 0.3907637655417407 0.42852906287069986 0.03330373001776199 0.02965599051008304
0 0.3907637655417407 0.48784104389086597 0.035523978685612786 0.04151838671411625
0 0.4323978685612789 0.4900711743772242 0.04329484902309059 0.0400355871886121
0 0.8525754884547069 0.3662514827995255 0.12655417406749556 0.02965599051008304
0 0.8553552397868562 0.4011032028469751 0.12544404973357026 0.028173190984578884
0 0.8514653641207816 0.42927639383155397 0.11989342806394317 0.028173190984578884
0 0.8547957371225577 0.6316725978647687 0.11767317939609236 0.026690391459074734
3 0.49955595026642985 0.01854092526690392 0.9991119005328597 0.037069988137603795
0 0.48346358792184724 0.19795966785290628 0.05217584369449378 0.02224199288256228
1 0.41130550621669626 0.19944246737841043 0.08103907637655418 0.03113879003558719