3 0.4995726495726496 0.740916271721959 0.9991452991452991 0.5181674565560821
0 0.5014273504273505 0.9335189573459716 0.9002820512820512 0.042128751974723565
0 0.4985726495726495 0.8769075829383886 0.9002820512820512 0.0631911532385466
0 0.15241880341880343 0.1434952606635071 0.1851880341880342 0.0315955766192733
0 0.3418803418803419 0.146129541864139 0.13675213675213677 0.034229857819905195
0 0.5028461538461538 0.14678909952606636 0.1395982905982906 0.035545023696682464
0 0.6609658119658121 0.146129541864139 0.13675213675213677 0.034229857819905195
0 0.7122478632478633 0.09281200631911532 0.06837606837606838 0.032910742496050555
0 0.8290598290598291 0.08491311216429699 0.0797692307692307 0.046078199052132694
0 0.9344700854700854 0.08688783570300158 0.0797692307692307 0.04739336492890995
0 0.811965811965812 0.14481437598736177 0.10826495726495733 0.03949447077409163
0 0.9444444444444444 0.1454699842022117 0.1111111111111111 0.0408096366508689