0 0.5057008547008548 0.3179304897314376 0.8860427350427351 0.04080963665086885
0 0.5028461538461538 0.36466429699842023 0.9088290598290598 0.036860189573459684
0 0.8133931623931624 0.09281200631911532 0.10541025641025635 0.04344391785150079
0 0.945871794871795 0.08886255924170616 0.09117094017094024 0.05134281200631911
0 0.4971538461538462 0.6760150078988942 0.9031367521367522 0.09610189573459713
0 0.9145299145299145 0.9537914691943128 0.1139572649572649 0.04870853080568718
0 0.07549572649572649 0.0947867298578199 0.07692307692307691 0.03422985781990521
0 0.3133931623931624 0.15600315955766192 0.20512820512820512 0.035545023696682464
0 0.5470085470085471 0.1553436018957346 0.2108290598290599 0.03949447077409163
0 0.7962991452991451 0.15336887835703 0.20228205128205123 0.035545023696682464
0 0.10256410256410256 0.15468799368088468 0.15384615384615385 0.02238151658767771