0 0.9358974358974359 0.08688783570300158 0.07692307692307693 0.05265797788309638
0 0.8333333333333334 0.08491311216429699 0.09401709401709402 0.05924170616113744
0 0.7122478632478633 0.09149684044233805 0.08547008547008547 0.051342812006319107
0 0.151 0.14481437598736177 0.19373504273504275 0.04212875197472352
0 0.3447264957264957 0.14481437598736177 0.15384615384615385 0.03686018957345973
0 0.5042735042735043 0.1434992101105845 0.15384615384615385 0.03686018957345973
0 0.6652393162393163 0.1454699842022117 0.1282051282051282 0.035545023696682464
0 0.8110940170940171 0.14596366508688782 0.11187179487179476 0.03497235387045812
0 0.9418888888888889 0.14596366508688782 0.11352136752136766 0.03801342812006319
0 0.07979487179487178 0.21210505529225906 0.09706837606837605 0.030410742496050552
0 0.27393162393162396 0.2140047393364929 0.19249572649572652 0.0235663507109005
0 0.4952136752136752 0.21476698262243285 0.125034188034188 0.02204581358609792
0 0.663025641025641 0.21476698262243285 0.11187179487179476 0.019004739336492847
0 0.830017094017094 0.2136255924170616 0.10694017094017104 0.01824644549763035
0 0.13902564102564102 0.36377172195892576 0.1694615384615385 0.03268957345971563
0 0.32987179487179485 0.3618720379146919 0.14642735042735047 0.024328593996840408
0 0.5198888888888888 0.36263428120063196 0.16123076923076912 0.02736966824644548
0 0.7164957264957265 0.3622511848341232 0.18262393162393167 0.03268957345971563
0 0.9155726495726496 0.36377172195892576 0.16617094017094022 0.03116903633491314
0 0.10364957264957264 0.9297669826224328 0.08884615384615387 0.05321484992101097
0 0.3043675213675214 0.9293878357030015 0.09542735042735041 0.05245655608214839
0 0.49603418803418803 0.9320497630331753 0.07403418803418814 0.05169431279620866
0 0.7066239316239317 0.9301500789889415 0.08061538461538456 0.05245655608214839
0 0.9032307692307692 0.9320497630331753 0.12174358974358979 0.05017377567140599
0 0.9131025641025641 0.8495616113744077 0.125034188034188 0.05245655608214839
0 0.871974358974359 0.49643364928909955 0.14806837606837597 0.024328593996840408