0 0.8722161741835148 0.5032569974554707 0.12527993779160196 0.03393129770992361
0 0.8717807153965784 0.5435368956743003 0.12269051321928476 0.024033078880407108
0 0.40737947122861584 0.5145547073791349 0.044066874027993794 0.12440203562340964
0 0.46267496111975115 0.5131424936386768 0.038880248833592534 0.12157760814249371
0 0.5106298600311042 0.5159796437659033 0.044930015552099516 0.13005089058524177
0 0.564199066874028 0.5145547073791349 0.04146967340590974 0.1130916030534351
0 0.6151710730948678 0.5166793893129771 0.04665629860031104 0.12581424936386768
0 0.6674416796267496 0.5145547073791349 0.044066874027993835 0.13005089058524177
0 0.7179860031104199 0.5258651399491094 0.044930015552099516 0.13853689567430025
0 0.40737947122861584 0.669351145038168 0.04924572317262829 0.1371246819338422
0 0.45965007776049766 0.6658142493638677 0.051842923794712344 0.1441857506361323
0 0.5123561430793157 0.6608651399491094 0.051842923794712344 0.13146310432569971
0 0.5637636080870918 0.6587531806615776 0.04579315707620536 0.13005089058524177
0 0.4026283048211508 0.7817302798982189 0.03801710730948681 0.028269720101781207
0 0.4427993779160187 0.7817302798982189 0.031967340590979706 0.03109414758269727
0 0.48427682737169514 0.781030534351145 0.04060653188180406 0.026857506361323027
0 0.4004665629860031 0.85029262086514 0.03715396578538101 0.03534351145038164
0 0.44193623639191293 0.8495928753180662 0.038880248833592534 0.028269720101781207
0 0.4907542768273717 0.8510050890585241 0.04838258164852257 0.03393129770992376
0 0.5348211508553654 0.85029262086514 0.03110419906687403 0.03251908396946558
0 0.49248055987558326 0.9188549618320611 0.05356920684292387 0.03675572519083982
0 0.42293157076205284 0.9174427480916031 0.07689735614307935 0.03393129770992376
0 0.8704821150855366 0.7994020356234097 0.1321928460342146 0.03816793893129771
1 0.871353032659409 0.733676844783715 0.1270062208398133 0.053715012722646345
3 0.5045800933125972 0.03039440203562341 0.8311741835147746 0.06078880407124682
1 0.41947122861586317 0.2643511450381679 0.08208398133748052 0.02544529262086514
0 0.5002566096423018 0.26717557251908397 0.06566096423017112 0.03393129770992368
0 0.4324339035769829 0.2410178117048346 0.10627527216174185 0.01837150127226463
0 0.21989113530326593 0.7958778625954198 0.10108864696734059 0.03109414758269727
1 0.8303110419906687 0.689147582697201 0.0535692068429237 0.01272264631043257