0 0.8909257473481196 0.38583532219570404 0.13179363548698175 0.029164677804296008
0 0.8909257473481196 0.42031026252983295 0.1339344262295083 0.029164677804296008
1 0.8909257473481196 0.3533532219570406 0.1296432015429123 0.027840095465393844
0 0.3916200578592093 0.9619451073985681 0.03964320154291226 0.02254176610978532
0 0.45484088717454196 0.9619451073985681 0.07821600771456125 0.019892601431980995
0 0.527695274831244 0.9626133651551312 0.04178399228543869 0.02121718377088302
0 0.5930568948891032 0.9632696897374702 0.07178399228543882 0.02254176610978532
0 0.6793056894889103 0.9612887828162291 0.08571841851494706 0.02386634844868735
0 0.763953712632594 0.9612887828162291 0.06643201542912257 0.02386634844868735
0 0.3932304725168756 0.4136873508353222 0.04928640308582451 0.09811455847255374
0 0.44626808100289295 0.41236276849642006 0.04393442622950815 0.09281622911694508
0 0.4998360655737705 0.4150119331742243 0.048216007714561235 0.0954653937947494
3 0.5528736740597879 0.4136873508353222 0.047145612343298074 0.09281622911694508
0 0.5 0.01856801909307876 1 0.037124105011933174
0 0.20571841851494702 0.4733532219570406 0.10500482160077147 0.015906921241050167