3 0.4479638009049774 0.04181924882629108 0.8914027149321267 0.05721830985915493
3 0.49321266968325794 0.903755868544601 0.9841628959276018 0.1613849765258216
0 0.07409954751131222 0.9675821596244132 0.023755656108597284 0.03374413145539906
0 0.9281719457013575 0.9646478873239437 0.026018099547511313 0.03961267605633803
0 0.21889592760180995 0.528169014084507 0.10067873303167421 0.023474178403755867
0 0.07126696832579185 0.1694600938967136 0.03167420814479638 0.04841549295774648
0 0.0729683257918552 0.2244718309859155 0.030542986425339366 0.04107981220657277
0 0.0729683257918552 0.2677582159624413 0.02828054298642534 0.04841549295774648
0 0.07239819004524888 0.31690140845070425 0.03167420814479638 0.04401408450704225
0 0.0729683257918552 0.36384976525821594 0.032805429864253395 0.04988262910798122
0 0.0729683257918552 0.40933098591549294 0.032805429864253395 0.04988262910798122
0 0.07409954751131222 0.45848591549295775 0.03506787330316742 0.05134976525821596
0 0.3257918552036199 0.14745305164319247 0.01583710407239819 0.03667840375586855
0 0.8710407239819005 0.3895305164319249 0.12217194570135746 0.030809859154929578
0 0.8710407239819005 0.42327464788732394 0.1244343891402715 0.02494131455399061
0 0.8682171945701358 0.352112676056338 0.13009049773755665 0.029342723004694836
0 0.8868778280542986 0.49369718309859156 0.06787330316742081 0.019072769953051644
0 0.8642533936651584 0.47609154929577463 0.029411764705882353 0.01613849765258216
0 0.8846153846153846 0.5178990610328639 0.06108597285067873 0.017605633802816902
0 0.832579185520362 0.5362441314553991 0.04524886877828054 0.019072769953051644
0 0.8772669683257919 0.19806338028169015 0.04638009049773756 0.011737089201877934
0 0.9015837104072398 0.22887323943661972 0.05429864253393665 0.023474178403755867
0 0.8416289592760181 0.27875586854460094 0.07013574660633484 0.014671361502347418
0 0.4626696832579186 0.22593896713615025 0.042986425339366516 0.017605633802816902
0 0.42477828054298644 0.22667840375586853 0.010180995475113122 0.01613849765258216
0 0.3947963800904977 0.2068661971830986 0.083710407239819 0.014671361502347418
0 0.5424253393665158 0.2860915492957746 0.05090497737556561 0.017605633802816902
0 0.42194570135746606 0.6712206572769953 0.1334841628959276 0.022007042253521125
0 0.5463800904977375 0.7453051643192489 0.39592760180995473 0.10856807511737089
1 0.8665158371040724 0.5729225352112676 0.12217194570135746 0.03374413145539906
2 0.8710407239819005 0.6235328638497653 0.12895927601809956 0.03227699530516432