0 0.04731775700934579 0.17538644470868014 0.029205607476635507 0.044589774078478
0 0.0455607476635514 0.22443519619500593 0.030373831775700934 0.050535077288941736
0 0.04731775700934579 0.2742330558858502 0.03154205607476635 0.06093935790725327
0 0.19217757009345793 0.535077288941736 0.10864485981308411 0.023781212841854936
0 0.4100467289719626 0.17910820451843043 0.016355140186915886 0.022294887039239
0 0.45093457943925236 0.17984542211652793 0.0514018691588785 0.020808561236623068
0 0.3773364485981308 0.16127229488703923 0.0911214953271028 0.0133769322235434
0 0.8697476635514019 0.41171224732461353 0.12733644859813084 0.0267538644470868
0 0.8679906542056075 0.4444114149821641 0.1308411214953271 0.029726516052318668
0 0.8709158878504673 0.37604042806183113 0.13200934579439252 0.0356718192627824
0 0.8954485981308411 0.20214030915576695 0.05023364485981308 0.0178359096313912
0 0.8820093457943925 0.25267538644470866 0.0514018691588785 0.0267538644470868
0 0.8440467289719626 0.30098692033293695 0.08060747663551401 0.022294887039239
0 0.8568971962616823 0.4971819262782402 0.03154205607476635 0.019322235434007136
0 0.8796728971962616 0.5202140309155767 0.07710280373831775 0.0178359096313912
0 0.8627383177570094 0.5432580261593342 0.036214953271028034 0.028240190249702736
0 0.4252336448598131 0.4265755053507729 0.1425233644859813 0.014863258026159334
0 0.3703271028037383 0.23856123662306777 0.07476635514018691 0.016349583828775268
0 0.5490654205607477 0.256397146254459 0.04672897196261682 0.019322235434007136
0 0.4445140186915888 0.5105588585017836 0.22546728971962618 0.111474435196195
0 0.10046728971962617 0.7193816884661117 0.14485981308411214 0.20214030915576695
0 0.25 0.724589774078478 0.13551401869158877 0.21551724137931033
0 0.4012897196261682 0.7201307966706302 0.1366822429906542 0.21551724137931033
0 0.5683457943925233 0.6874316290130796 0.1764018691588785 0.0312128418549346
0 0.5233644859813084 0.7602615933412604 0.056074766355140186 0.016349583828775268
0 0.3066635514018691 0.15235434007134363 0.02453271028037383 0.037158145065398336
3 0.4439252336448598 0.046076099881093936 0.883177570093458 0.050535077288941736
0 0.9445140186915889 0.041617122473246136 0.08294392523364497 0.020808561236623068
1 0.867411214953271 0.5841260404280618 0.12967289719626168 0.041617122473246136
2 0.8709158878504673 0.6339239001189061 0.13200934579439252 0.0401307966706302
3 0.49672897196261684 0.9209274673008323 0.9934579439252337 0.1581450653983353