0 0.8438314509122502 0.2433095238095238 0.13900955690703737 0.04017857142857143
0 0.8416594265855778 0.2857142857142857 0.12814943527367506 0.041666666666666664
0 0.38553431798436144 0.30505952380952384 0.06733275412684622 0.02976190476190476
0 0.47567332754126845 0.30654761904761907 0.09556907037358818 0.026785714285714284
0 0.5701563857515204 0.30357142857142855 0.09556907037358818 0.026785714285714284
0 0.48327541268462204 0.3683095238095238 0.06950477845351868 0.019345238095238096
0 0.4360382276281494 0.3727738095238095 0.024978279756733276 0.022321428571428572
0 0.3996524761077324 0.3727738095238095 0.023892267593397045 0.025297619047619048
0 0.3735881841876629 0.37351190476190477 0.023892267593397045 0.02976190476190476
0 0.46372719374456994 0.18452380952380953 0.06950477845351868 0.020833333333333332
1 0.383362293657689 0.18229761904761904 0.07819287576020852 0.025297619047619048
3 0.5033709817549957 0.046130952380952384 0.989357080799305 0.05654761904761905
0 0.41540399652476107 0.5848214285714286 0.15095569070373588 0.02976190476190476
0 0.2215464813205908 0.5342261904761905 0.11511728931364032 0.026785714285714284
0 0.9013900955690703 0.9159285714285714 0.028236316246741965 0.03125
0 0.07602085143353605 0.9114642857142857 0.045612510860121636 0.05803571428571429