3 0.41454545454545455 0.021656516443361754 0.8270837083708371 0.04331303288672351
0 0.039504950495049505 0.15699147381242384 0.030999099909990998 0.054129110840438484
0 0.039504950495049505 0.21045066991473813 0.030999099909990998 0.05549330085261876
0 0.2915301530153015 0.13194884287454323 0.020999099909991038 0.03113276492082826
0 0.18551755175517554 0.521047503045067 0.105013501350135 0.04059683313032892
0 0.8850855085508551 0.024360535931790498 0.11801080108010792 0.03248477466504263
0 0.34953195319531954 0.168489646772229 0.06700270027002694 0.01758830694275274
0 0.4385418541854186 0.18473812423873323 0.06700270027002705 0.01758830694275274
0 0.39003600360036 0.1833861144945189 0.00800180018001799 0.00947624847746647
0 0.8310801080108011 0.243605359317905 0.12201620162016197 0.02976857490864799
0 0.833087308730873 0.2760901339829476 0.126012601260126 0.02976857490864799
0 0.8335823582358236 0.2063824604141291 0.12701170117011693 0.028416565164433596
0 0.34353735373537353 0.3085627283800244 0.053006300630062994 0.0351887941534714
0 0.3935373537353736 0.3092448233861145 0.035004500450044995 0.03383678440925697
0 0.43704770477047705 0.3105968331303289 0.04200720072007197 0.03383678440925697
0 0.4785508550855085 0.3119488428745433 0.04100810081008096 0.03654080389768575
0 0.5205490549054906 0.3078928136419001 0.04100810081008096 0.036540803897685714
0 0.5725562556255626 0.3119488428745433 0.05900990099009896 0.03654080389768575
0 0.3325292529252925 0.3755542021924482 0.029000900090009024 0.04194884287454317
0 0.3645364536453645 0.37962241169305727 0.02500450045004498 0.05007308160779539
0 0.39453645364536455 0.3802923264311815 0.03300630063006297 0.04059683313032892
0 0.42754275427542754 0.37827040194884287 0.030999099909991047 0.03654080389768575
0 0.46004500450045005 0.3802923264311815 0.029999999999999985 0.04059683313032892
0 0.494050405040504 0.37962241169305727 0.029999999999999933 0.04736906211936661
0 0.524050405040504 0.38097442143727156 0.02800180018001791 0.04736906211936661
0 0.5555535553555356 0.37962241169305727 0.029000900090009024 0.03654080389768575
0 0.5870567056705671 0.3802923264311815 0.02400540054005407 0.04059683313032892
0 0.6195589558955896 0.37962241169305727 0.02500450045004498 0.03924482338611453
0 0.33903690369036904 0.4445797807551766 0.044005400540053995 0.03383678440925697
0 0.3930423042304231 0.44661388550548115 0.060009000900089975 0.032484774665042584
2 0.40703870387038704 0.4993909866017052 0.18602160216021604 0.03518879415347136
2 0.40703870387038704 0.603605359317905 0.18001800180018002 0.062253349573690636
2 0.40803780378037796 0.655700365408039 0.18001800180017996 0.03654080389768575
2 0.3715391539153915 0.70510353227771 0.115013501350135 0.035188794153471495
0 0.36504050405040506 0.5427040194884287 0.09400540054005395 0.024360535931790498
0 0.39204320432043205 0.9432886723507918 0.15001800180018 0.027064555420219277
0 0.4385418541854186 0.9128380024360536 0.04100810081008096 0.017588306942752808
0 0.8140774077407741 0.36946406820950056 0.038001800180018024 0.02165651644336172
0 0.843087308730873 0.34781973203410477 0.09601260126012608 0.02165651644336172