0 0.5957692307692307 0.17927710843373498 0.09479638009049769 0.06024096385542171
0 0.6954298642533937 0.18 0.09158371040723987 0.04731927710843371
0 0.7681447963800905 0.045903614457831324 0.09911764705882341 0.09180722891566265
0 0.9195248868778281 0.050210843373493984 0.14760180995475114 0.10039156626506024
0 0.4907239819004525 0.34352409638554215 0.09588235294117646 0.04445783132530118
0 0.49558823529411766 0.39156626506024095 0.08834841628959278 0.03728915662650601
0 0.10341628959276018 0.3478313253012048 0.10558823529411765 0.03584337349397592
0 0.17346153846153847 0.3930120481927711 0.23916289592760182 0.043042168674698816
0 0.11527149321266969 0.4381927710843373 0.11420814479638007 0.03584337349397584
0 0.46918552036199096 0.45897590361445784 0.048484162895927614 0.04304216867469886
0 0.46540723981900456 0.497710843373494 0.0387782805429864 0.03728915662650601
0 0.4912669683257918 0.5500602409638554 0.10341628959276014 0.03584337349397584
0 0.48751131221719457 0.5959638554216868 0.08941176470588232 0.027259036144578346
0 0.49289592760181 0.641867469879518 0.1023529411764706 0.03584337349397584
0 0.5289819004524887 0.6827409638554216 0.15945701357466066 0.03156626506024102
0 0.5176696832579185 0.732921686746988 0.16484162895927604 0.025813253012048173
0 0.510656108597285 0.777409638554217 0.12065610859728503 0.04304216867469877
0 0.518212669683258 0.8218674698795181 0.1551357466063349 0.022951807228915676
0 0.5074434389140271 0.8742168674698796 0.12065610859728503 0.03298192771084351
0 0.513891402714932 0.9222590361445783 0.14004524886877823 0.043042168674698685
3 0.4093891402714932 0.5292469879518071 0.7584615384615385 0.8663253012048193
0 0.9050226244343891 0.1441566265060241 0.18540723981900462 0.058795180722891555