0 0.36915711947626845 0.5472284644194756 0.03636661211129301 0.03191011235955049
0 0.4082569558101473 0.5451560549313359 0.03454991816693947 0.03606741573033706
0 0.44553191489361704 0.5486142322097378 0.03454991816693947 0.03191011235955049
0 0.4837234042553192 0.5472284644194756 0.03454991816693947 0.03191011235955049
0 0.5196399345335515 0.5500124843945069 0.03909983633387887 0.034681647940074875
0 0.559189852700491 0.546541822721598 0.03273322422258593 0.03329588014981268
0 0.5951063829787234 0.5430711610486891 0.04273322422258595 0.03745318352059925
0 0.9033469721767595 0.18726591760299627 0.1354828150572831 0.027740324594257213
2 0.9028887070376431 0.24830212234706614 0.1436661211129296 0.03606741573033706
0 0.3718821603927987 0.40088639200998755 0.041824877250409176 0.06103620474406989
0 0.4159819967266775 0.39880149812734084 0.04091653027823236 0.05965043695380771
0 0.4596317512274959 0.3995006242197253 0.033641571194762604 0.058264669163545516
0 0.5046399345335515 0.40088639200998755 0.038191489361702184 0.05270911360799005
0 0.5532815057283142 0.40365792759051183 0.04819148936170221 0.06380774032459427
0 0.5960147299509002 0.39811485642946315 0.04091653027823241 0.06103620474406989
0 0.6392062193126024 0.39880149812734084 0.040008183306055725 0.05965043695380771
0 0.684214402618658 0.40019975031210986 0.04091653027823241 0.062421972534332085
0 0.7278559738134207 0.39811485642946315 0.04273322422258595 0.058264669163545516
0 0.3723404255319149 0.470936329588015 0.03728314238952533 0.05965043695380771
0 0.41598199672667757 0.46955056179775284 0.03728314238952542 0.05687890137328333
0 0.46099018003273323 0.470936329588015 0.040008183306055725 0.05965043695380771
0 0.5064566284779051 0.46400749063670416 0.038191489361702184 0.05965043695380771
0 0.549189852700491 0.4646941323345818 0.038191489361702184 0.055480649188514426
0 0.5955646481178396 0.4702496878901373 0.040008183306055725 0.06103620474406989
0 0.4787234042553192 0.22194756554307116 0.07001636661211125 0.019425717852684148
1 0.37824877250409167 0.5798252184769038 0.061833060556464765 0.019425717852684078
1 0.4127986906710311 0.24621722846441949 0.1272995090016367 0.026354556803995025
1 0.3900736497545008 0.22541822721598004 0.0854664484451718 0.012484394506866416
0 0.39279869067103107 0.14495630461922596 0.09456628477905069 0.02358302122347068
3 0.5 0.026354556803995007 1 0.052709113607990014
0 0.3100572831423895 0.1574406991260924 0.02182487725040913 0.037453183520599266
1 0.37870703764320784 0.9800249687890137 0.06637479541734861 0.02912609238451926