0 0.45372596153846156 0.14635603345280765 0.016025641025641024 0.02986857825567503
0 0.09866185897435897 0.6503942652329749 0.05909455128205128 0.09109916367980884
0 0.15725160256410256 0.6533811230585425 0.052083333333333336 0.09109916367980884
0 0.21384615384615385 0.6526284348864994 0.05108173076923077 0.08960573476702509
0 0.2724358974358974 0.6503942652329749 0.05809294871794872 0.08811230585424133
0 0.33052884615384615 0.6489008363201911 0.05809294871794872 0.09707287933094384
0 0.3871233974358974 0.6489008363201911 0.055088141025641024 0.09109916367980884
0 0.44771634615384615 0.6526284348864994 0.06009615384615385 0.1015531660692951
0 0.8814102564102564 0.3651493428912784 0.1282051282051282 0.03733572281959379
0 0.8799118589743591 0.40696535244922344 0.12119391025641026 0.034348864994026285
0 0.8814102564102564 0.4465352449223417 0.1282051282051282 0.032855436081242535
0 0.8954326923076923 0.523452807646356 0.07411858974358974 0.022401433691756272
0 0.8954326923076923 0.5480884109916367 0.06610576923076923 0.014934289127837515
0 0.8463541666666666 0.5757228195937873 0.05809294871794872 0.01941457586618877
0 0.9144631410256411 0.24492234169653523 0.05008012820512821 0.014934289127837515
0 0.8889262820512821 0.2001194743130227 0.053084935897435896 0.017921146953405017
0 0.5533894230769231 0.26060931899641576 0.011017628205128206 0.016427718040621268
0 0.6009615384615384 0.2635961768219833 0.07011217948717949 0.022401433691756272
0 0.5158253205128205 0.4472879330943847 0.0641025641025641 0.07317801672640382
0 0.5168269230769231 0.523452807646356 0.06009615384615385 0.08512544802867383
0 0.5814342948717949 0.4502747909199522 0.06510416666666667 0.07019115890083633
0 0.6440304487179487 0.45101553166069297 0.06810897435897435 0.07765830346475508
0 0.7121394230769231 0.4495221027479092 0.07211538461538461 0.07765830346475508
0 0.5038060897435898 0.6093189964157706 0.034054487179487176 0.05675029868578255
0 0.5058092948717948 0.6720430107526881 0.042067307692307696 0.06869772998805257
0 0.5463782051282051 0.6100716845878136 0.043068910256410256 0.06421744324970131
0 0.5854407051282051 0.6115651135005974 0.04106570512820513 0.06421744324970131
0 0.6275080128205128 0.6115651135005974 0.04106570512820513 0.06421744324970131
0 0.6670673076923077 0.6108124253285544 0.04006410256410257 0.05675029868578255
0 0.7061298076923077 0.6123058542413381 0.04006410256410257 0.06571087216248507
0 0.749198717948718 0.6137992831541219 0.04006410256410257 0.06272401433691756
0 0.9089583333333334 0.025388291517323774 0.06310096153846154 0.026881720430107527
1 0.8789102564102566 0.6137992831541219 0.12319711538461539 0.044802867383512544
2 0.8839182692307693 0.6705495818399044 0.1372195512820513 0.04778972520908005
3 0.43469551282051283 0.025388291517323774 0.8633814102564102 0.04181600955794504
0 0.5393669871794872 0.24492234169653523 0.1171875 0.026881720430107527