3 0.4421410788381743 0.029516908212560384 0.8805892116182573 0.05367149758454106
1 0.9082489626556017 0.7004830917874396 0.13278008298755187 0.04830917874396135
2 0.9091784232365144 0.758852657004831 0.1420000000000001 0.038913043478260904
0 0.03227385892116182 0.15632850241545893 0.03319502074688797 0.052330917874396116
0 0.030887966804979253 0.20329710144927537 0.03411618257261411 0.04696859903381641
0 0.03227385892116182 0.25228260869565217 0.029510373443983405 0.042946859903381644
0 0.031352697095435686 0.3005917874396135 0.03319502074688797 0.04562801932367146
0 0.029966804979253112 0.35091787439613525 0.037809128630705395 0.04696859903381641
0 0.03227385892116182 0.39855072463768115 0.03319502074688797 0.04830917874396135
0 0.03319502074688797 0.456256038647343 0.03687966804979253 0.06172705314009663
0 0.20009128630705394 0.5864251207729468 0.11064730290456434 0.03221014492753618
0 0.4209294605809129 0.2670410628019324 0.1097261410788382 0.018792270531400968
0 0.4435186721991702 0.2831400966183575 0.011062240663900354 0.0160990338164251
0 0.4979253112033195 0.2851570048309179 0.07007468879668054 0.02549516908212562
0 0.8630705394190872 0.23952898550724638 0.05532780082987558 0.020132850241545912
0 0.9123983402489627 0.3267632850241546 0.06362655601659757 0.02281400966183573
0 0.8769045643153528 0.36030193236714975 0.08114522821576771 0.02549516908212562
0 0.9082489626556017 0.43276570048309176 0.14015767634854762 0.03355072463768113
0 0.907792531120332 0.4777294685990338 0.13739419087136925 0.026835748792270565
0 0.9100995850622408 0.5153019323671498 0.1383153526970955 0.03221014492753618
0 0.4024896265560166 0.4656521739130435 0.07653112033195023 0.021473429951690787
0 0.6104232365145228 0.48443236714975846 0.047950207468879645 0.021473429951690787
0 0.38865560165975105 0.5045652173913043 0.048871369294605796 0.0187922705314009
0 0.3960331950207469 0.5991666666666667 0.050713692946058105 0.12748792270531395
0 0.4490539419087137 0.6025241545893719 0.05532780082987553 0.11809178743961349
0 0.5057593360995851 0.6031884057971014 0.05440663900414933 0.12479468599033822
0 0.38589211618257263 0.7071980676328502 0.035958506224066426 0.04025362318840571
0 0.4287717842323651 0.7071980676328502 0.040572614107883855 0.04025362318840571
0 0.38773443983402495 0.7702657004830917 0.037809128630705346 0.04562801932367146
0 0.43799170124481324 0.7709299516908213 0.059012448132780046 0.04159420289855079
0 0.4873195020746888 0.7695893719806763 0.037809128630705346 0.04428743961352666
0 0.5606307053941908 0.7689251207729468 0.10326970954356851 0.042946859903381575
0 0.9206970954356847 0.6031884057971015 0.07653112033195004 0.030869565217391308
0 0.9031784232365144 0.6340579710144928 0.037809128630705346 0.02281400966183587
0 0.4043319502074689 0.8306521739130435 0.07284647302904562 0.042946859903381575
0 0.47395020746887967 0.832657004830918 0.060854771784232306 0.052330917874396046
0 0.5371120331950208 0.831316425120773 0.058091286307053944 0.052330917874396046
0 0.5965892116182573 0.8319927536231884 0.060854771784232306 0.04562801932367146
0 0.6768132780082987 0.831316425120773 0.09590041493775929 0.038913043478260904
0 0.7690207468879667 0.8346739130434783 0.09220746887966796 0.042946859903381575
0 0.4038755186721992 0.8715821256038647 0.07007468879668045 0.04428743961352666
0 0.33563485477178423 0.15902173913043477 0.022132780082987517 0.036231884057971016
0 0.9266970954356847 0.02683574879227053 0.07192531120331956 0.03757246376811594
0 0.870448132780083 0.6595531400966184 0.05717012448132779 0.02281400966183587