0 0.5328685258964143 0.3332889963724305 0.12350597609561753 0.02871825876662636
0 0.8919362549800798 0.42926239419588874 0.13247011952191234 0.039298669891172915
0 0.8884462151394422 0.47158403869407495 0.13545816733067728 0.039298669891172915
0 0.8874501992031872 0.7028415961305925 0.13346613545816732 0.03325272067714631
0 0.48406374501992033 0.5932648125755744 0.03386454183266932 0.037787182587666265
0 0.5149402390438247 0.5917533252720677 0.035856573705179286 0.037787182587666265
0 0.5473147410358565 0.5962877871825877 0.030876494023904383 0.04383313180169287
0 0.5786852589641435 0.5909915356711004 0.027888446215139442 0.04836759371221282
0 0.6145418326693227 0.5902418379685611 0.029880478087649404 0.037787182587666265
0 0.6469163346613546 0.5962877871825877 0.0348605577689243 0.05592503022974607
0 0.6807808764940239 0.5917533252720677 0.030876494023904383 0.037787182587666265
0 0.7171314741035857 0.5872188633615477 0.027888446215139442 0.04685610640870617
0 0.7505019920318725 0.5894800483675937 0.03286852589641434 0.04534461910519952
0 0.7828685258964143 0.5940145102781137 0.025896414342629483 0.04232164449818621
0 0.7823745019920318 0.648428053204353 0.04083665338645418 0.051390568319226115
0 0.7843665338645418 0.6892382103990327 0.026892430278884463 0.03325272067714631
0 0.7833705179282868 0.7421402660217654 0.02888446215139442 0.04534461910519952
0 0.749003984063745 0.6401209189842805 0.027888446215139442 0.037787182587666265
0 0.74800796812749 0.6915114873035066 0.029880478087649404 0.04383313180169287
0 0.749003984063745 0.7398790810157194 0.029880478087649404 0.03476420798065296
0 0.7156414342629482 0.7406287787182587 0.030876494023904383 0.039298669891172915
0 0.7146454183266933 0.6854655380894801 0.030876494023904383 0.037787182587666265
0 0.7131474103585658 0.6401209189842805 0.029880478087649404 0.03476420798065296
0 0.6787888446215139 0.648428053204353 0.03286852589641434 0.04534461910519952
0 0.6822709163346613 0.6975574365175332 0.029880478087649404 0.040810157194679564
0 0.6867569721115537 0.7406287787182587 0.02888446215139442 0.039298669891172915
0 0.647410358565737 0.7459250302297461 0.035856573705179286 0.04685610640870617
0 0.6105577689243028 0.7345828295042321 0.03386454183266932 0.039298669891172915
0 0.647410358565737 0.69 0.029880478087649404 0.037787182587666265
0 0.6489083665338645 0.6416324062877872 0.026892430278884463 0.03174123337363966
0 0.6170358565737052 0.6423821039903265 0.026892430278884463 0.05743651753325272
0 0.5841673306772909 0.6446553808948005 0.02888446215139442 0.037787182587666265
0 0.5512988047808765 0.6431438935912939 0.026892430278884463 0.040810157194679564
0 0.5159362549800797 0.6461668681983072 0.029880478087649404 0.040810157194679564
0 0.48456573705179284 0.6461668681983072 0.026892430278884463 0.049879081015719466
0 0.48306772908366535 0.6907496977025392 0.02390438247011952 0.039298669891172915
0 0.5199203187250996 0.6839540507859734 0.029880478087649404 0.04685610640870617
0 0.5493067729083665 0.69 0.026892430278884463 0.037787182587666265
0 0.580183266932271 0.6915114873035066 0.0249003984063745 0.04685610640870617
0 0.6160398406374502 0.6915114873035066 0.0249003984063745 0.04383313180169287
0 0.579187250996016 0.7391172914147521 0.022908366533864542 0.04232164449818621
0 0.5463187250996016 0.7391172914147521 0.03286852589641434 0.04232164449818621
0 0.5179282868525896 0.7391172914147521 0.021912350597609563 0.04534461910519952
0 0.48456573705179284 0.7406287787182587 0.03286852589641434 0.039298669891172915
0 0.4815776892430279 0.7935308343409916 0.026892430278884463 0.04836759371221282
0 0.5154422310756972 0.7889963724304716 0.022908366533864542 0.04232164449818621
0 0.546812749003984 0.7965538089480049 0.021912350597609563 0.04836759371221282
0 0.5816733067729084 0.7874848851269649 0.021912350597609563 0.04534461910519952
0 0.6155378486055777 0.7844619105199516 0.029880478087649404 0.04534461910519952
0 0.5154422310756972 0.8645707376058042 0.08864541832669323 0.03325272067714631
1 0.8909402390438248 0.6431438935912939 0.13844621513944222 0.040810157194679564
0 0.5941274900398407 0.28189842805320436 0.07868525896414343 0.02267230955259976
1 0.5049800796812749 0.28189842805320436 0.08964143426294821 0.02267230955259976
1 0.50199203187251 0.023434099153567103 0.9960159362549801 0.04685610640870617