2 0.262621789193977 0.02538787023977433 0.08768821966341896 0.019746121297602257
2 0.3728963684676705 0.028208744710860368 0.07440212577502214 0.01692524682651622
2 0.46722763507528786 0.02609308885754584 0.06465899025686449 0.015514809590973202
0 0.9570416297608503 0.22073342736248236 0.03100088573959256 0.02679830747531735
0 0.46944198405668736 0.25952045133991536 0.05137289636846767 0.031029619181946404
0 0.7316209034543845 0.33709449929478136 0.06200177147918512 0.022566995768688293
0 0.5243578387953941 0.5867418899858956 0.01771479185119575 0.036671368124118475
0 0.41054030115146145 0.8110014104372355 0.10186005314437556 0.076163610719323
0 0.5155004428697962 0.807475317348378 0.10628875110717449 0.07475317348377997
0 0.6213463241806909 0.810296191819464 0.09300265721877768 0.07757404795486601
0 0.7298494242692648 0.811706629055007 0.10097431355181577 0.07757404795486601
0 0.9610274579273693 0.5267983074753173 0.010628875110717449 0.02679830747531735
0 0.06997342781222321 0.8342736248236954 0.03897254207263064 0.0691114245416079
0 0.11736049601417184 0.8349788434414669 0.043401240035429584 0.07052186177715092
0 0.16651904340124005 0.8363892806770099 0.04074402125775022 0.07052186177715092
0 0.21523472099202834 0.8335684062059239 0.03897254207263064 0.07052186177715092
0 0.26439326837909655 0.8342736248236954 0.045172719220549155 0.07475317348377997
0 0.33392382639503987 0.8321579689703809 0.0141718334809566 0.03385049365303244
0 0.023029229406554472 0.8244005641748943 0.015943312666076175 0.02679830747531735
3 0.18069087688219662 0.9372355430183357 0.30823737821080605 0.09732016925246827