0 0.5058243727598566 0.18537666174298376 0.06720430107526881 0.03692762186115214
0 0.0931899641577061 0.8670605612998523 0.07885304659498207 0.06794682422451995
0 0.1868279569892473 0.8641063515509602 0.07258064516129033 0.053175775480059084
0 0.2728494623655914 0.8685376661742984 0.07437275985663082 0.0620384047267356
0 0.3593189964157706 0.8685376661742984 0.05734767025089606 0.059084194977843424
0 0.4489247311827957 0.8663220088626292 0.08422939068100359 0.05760709010339734
0 0.5443548387096774 0.8685376661742984 0.06899641577060932 0.056129985228951254
0 0.6384408602150538 0.8692762186115214 0.06720430107526881 0.07533234859675036
0 0.7271505376344086 0.8685376661742984 0.08154121863799284 0.0620384047267356
0 0.8221326164874552 0.8677991137370753 0.08333333333333333 0.06942392909896603
0 0.9148745519713262 0.8663220088626292 0.07885304659498207 0.05465288035450517
0 0.46012544802867383 0.9423929098966026 0.08154121863799284 0.050221565731166914
0 0.5519713261648745 0.946824224519941 0.07706093189964158 0.053175775480059084
0 0.5 0.7031019202363368 0.15053763440860216 0.047267355982274745