3 0.39996828752642705 0.1054325259515571 0.4722198731501057 0.21085351787773934
0 0.5017864693446089 0.1652249134948097 0.08124735729386894 0.06769319492502883
0 0.5819556025369979 0.16397923875432524 0.06980972515856233 0.06231833910034604
1 0.6346088794926005 0.6830795847750866 0.21618393234672303 0.03863898500576701
1 0.6165961945031712 0.6431372549019608 0.19072938689217767 0.03257208765859286
1 0.6272093023255815 0.5970588235294118 0.2098520084566596 0.030380622837370214
1 0.5893657505285412 0.5546020761245675 0.12991543340380554 0.03773933102652829
1 0.6208245243128964 0.5102537485582468 0.20341437632135315 0.03208765859284896
1 0.20415433403805497 0.7194117647058824 0.2643657505285413 0.03517877739331027
1 0.15602536997885835 0.6788927335640139 0.17233615221987317 0.03025374855824685
1 0.1365750528541226 0.6376355247981546 0.12286469344608882 0.03310265282583627
1 0.16337209302325584 0.5965397923875433 0.18069767441860465 0.02933102652825837
1 0.15232558139534882 0.5537139561707035 0.1585940803382664 0.029031141868512064
1 0.14051797040169134 0.5114648212226067 0.12651162790697676 0.02757785467128024
2 0.5071247357293869 0.80520184544406 0.831892177589852 0.11640138408304507
0 0.4530232558139535 0.9304267589388696 0.09471458773784358 0.04678200692041516
0 0.5606976744186046 0.9310841983852365 0.09071881606765321 0.048085351787774
0 0.7383298097251586 0.08220299884659746 0.08128964059196626 0.03717416378316031
0 0.8241966173361522 0.08213379469434832 0.068044397463002 0.03993079584775087
0 0.9160782241014799 0.08423298731257209 0.0932452431289641 0.03835063437139562
0 0.9042494714587738 0.16862745098039214 0.061659619450317046 0.03990772779700118
0 0.8234778012684989 0.1693540945790081 0.071892177589852 0.0384659746251442
0 0.7347885835095137 0.16941176470588235 0.07156448202959835 0.03570934256055361