0 0.12074342701722575 0.11504658385093168 0.07335448776065275 0.035295031055900615
0 0.2151133272892113 0.11576086956521739 0.07912058023572077 0.028229813664596284
0 0.3099002719854941 0.11434782608695652 0.07252946509519492 0.031055900621118012
0 0.4067452402538531 0.11576086956521739 0.10796917497733458 0.02540372670807451
0 0.515947416137806 0.11998447204968943 0.08077062556663638 0.0197670807453416
0 0.6090843155031732 0.1171583850931677 0.07912058023572074 0.028229813664596284
0 0.7059292837715322 0.11645962732919254 0.07994560290117866 0.03246894409937888
0 0.7912330009066183 0.11645962732919254 0.06428830462375347 0.03246894409937888
0 0.8703535811423391 0.1171583850931677 0.07252946509519492 0.031055900621118012
0 0.9527742520398913 0.11504658385093168 0.06263825929283774 0.023990683229813646
0 0.9231006346328195 0.1545807453416149 0.057697189483227655 0.029642857142857148
0 0.8332638259292838 0.16021739130434784 0.09231187669990928 0.023990683229813646
0 0.7158204895738893 0.15880434782608696 0.10137805983680864 0.02681677018633542
0 0.6062012692656391 0.16021739130434784 0.08983680870353573 0.023990683229813646
0 0.5110063463281959 0.16093167701863353 0.06758839528558473 0.028229813664596284
0 0.4083862194016319 0.16093167701863353 0.10137805983680875 0.0197670807453416
0 0.2930009066183137 0.15951863354037268 0.10137805983680875 0.02259316770186337
0 0.19409791477787852 0.16021739130434784 0.056872166817769736 0.023990683229813646
0 0.11868540344514959 0.15951863354037268 0.06758839528558477 0.02540372670807451
0 0.13764279238440616 0.2689130434782609 0.2357207615593835 0.06635093167701867
0 0.382429737080689 0.2752639751552795 0.23902085222121486 0.07622670807453412
0 0.6255666364460563 0.27032608695652177 0.24396192203082495 0.0748136645962733
0 0.8687035358114233 0.2717391304347826 0.23737080689029913 0.0748136645962733
0 0.9630734360834089 0.37267080745341613 0.05192203082502265 0.04234472049689438
0 0.035856754306436985 0.3712577639751553 0.04203082502266546 0.031055900621118012
0 0.08572076155938349 0.37267080745341613 0.04120580235720763 0.028229813664596284
0 0.1512420670897552 0.374083850931677 0.07005439709882139 0.031055900621118012
0 0.22335448776065278 0.37267080745341613 0.06428830462375337 0.033881987577639744
0 0.28970988213961923 0.3712577639751553 0.04533091568449683 0.039518633540372654
0 0.3671804170444243 0.37267080745341613 0.07500453309156846 0.028229813664596284
1 0.7063372620126926 0.3747826086956522 0.1038531278331822 0.04940993788819879
2 0.8485131459655484 0.3712577639751553 0.17225747960108784 0.04234472049689438