0 0.02630260521042084 0.19510226049515608 0.037575150300601205 0.01883745963401507
0 0.07703406813627255 0.19712594187298169 0.03882765531062124 0.020182992465016147
0 0.1377755511022044 0.19578040904198063 0.05511022044088176 0.014800861141011841
0 0.216062124248497 0.2004843918191604 0.06137274549098196 0.01883745963401507
0 0.28119238476953906 0.1991388589881593 0.04133266533066132 0.013455328310010764
0 0.35509018036072143 0.19443487621097955 0.04884769539078156 0.020182992465016147
0 0.13026052104208416 0.13455328310010764 0.24048096192384769 0.05382131324004306
0 0.12212424849699398 0.06458557588805167 0.09143286573146292 0.01883745963401507
0 0.374498997995992 0.13858988159311086 0.24048096192384769 0.045748116254036596
0 0.6156112224448897 0.1352314316469322 0.24173346693386774 0.04709364908503767
0 0.8479458917835672 0.13119483315392896 0.2154308617234469 0.04709364908503767
1 0.6932665330661323 0.19981700753498385 0.09644288577154309 0.028256189451022606
0 0.777184368737475 0.22807319698600645 0.04133266533066132 0.022874058127018298
2 0.8404308617234469 0.19779332615715822 0.17284569138276554 0.03229278794402583