0 0.1129559118236473 0.10364820846905537 0.06558116232464932 0.014804560260586325
0 0.20950901803607214 0.10364820846905537 0.07287575150300603 0.017768729641693806
0 0.3001503006012024 0.10438110749185668 0.06831663326653302 0.019250814332247547
0 0.3998897795591182 0.10513029315960912 0.09837675350701398 0.020732899022801298
0 0.504188376753507 0.10438110749185668 0.07742484969939883 0.016286644951140065
0 0.600751503006012 0.10068403908794789 0.07742484969939878 0.02073289902280131
0 0.6959418837675351 0.0984527687296417 0.08380761523046103 0.019250814332247547
0 0.7788276553106213 0.10141693811074919 0.05647294589178347 0.025162866449511406
0 0.8626352705410821 0.10289902280130293 0.07105210420841691 0.019250814332247568
0 0.9382364729458917 0.10364820846905537 0.0546593186372745 0.017768729641693806
0 0.11158316633266532 0.14213355048859935 0.06103206412825651 0.020732899022801288
0 0.18855711422845692 0.1436156351791531 0.05101202404809616 0.020732899022801288
0 0.29013026052104207 0.1436156351791531 0.09928857715430865 0.020732899022801288
0 0.4003507014028056 0.1406514657980456 0.09200400801603212 0.026644951140065123
0 0.505561122244489 0.1428827361563518 0.0710521042084168 0.022214983713355074
0 0.5975551102204409 0.14140065146579803 0.08562124248496998 0.019250814332247547
0 0.7086873747494989 0.14140065146579803 0.09473947895791579 0.025162866449511382
0 0.8230060120240481 0.14213355048859935 0.09382765531062134 0.020732899022801288
0 0.9159218436873747 0.13843648208469056 0.05374749498998006 0.013322475570032584
0 0.13026052104208416 0.24947882736156352 0.22954909819639283 0.06366449511400657
0 0.36982965931863726 0.24503257328990227 0.24412825651302603 0.06959283387622153
0 0.6125851703406814 0.24578175895765472 0.2413927855711423 0.0592182410423453
0 0.8553507014028056 0.25022801302931597 0.23865731462925857 0.06514657980456026
0 0.023226452905811622 0.33460912052117264 0.03734468937875751 0.023697068403908814
0 0.07697394789579158 0.34498371335504885 0.040991983967935866 0.020732899022801333
0 0.1402805611222445 0.3457166123778502 0.06922845691382767 0.019250814332247547
0 0.21042084168336672 0.3390553745928339 0.05647294589178358 0.026644951140065168
0 0.2819238476953908 0.33832247557003253 0.039168336673346724 0.022214983713355025
0 0.3525250501002004 0.33832247557003253 0.0710521042084168 0.031091205211726345
1 0.6918336673346693 0.34201954397394135 0.09928857715430854 0.044413680781758925
2 0.835310621242485 0.3412866449511401 0.16760521042084167 0.048859934853420196
0 0.7797394789579157 0.38643322475570036 0.04918837675350693 0.038501628664495094