3 0.9392749244712991 0.29519067796610177 0.06102719033232629 0.5903707627118644
0 0.8391238670694864 0.5934533898305085 0.09335347432024169 0.06123940677966096
0 0.7404833836858006 0.5949046610169492 0.09244712990936556 0.055677966101694856
0 0.6428277945619336 0.5919915254237288 0.09199395770392749 0.05620762711864401
0 0.5452447129909366 0.5923940677966102 0.09018126888217523 0.05276483050847452
0 0.4485679758308157 0.5942478813559322 0.09018126888217523 0.05435381355932198
0 0.3515105740181269 0.5935805084745763 0.09093655589123867 0.053029661016949094
0 0.25317220543806646 0.5941101694915255 0.09063444108761329 0.05197033898305079
0 0.15778247734138973 0.593718220338983 0.09169184290030212 0.05541313559322028
0 0.8852749244712992 0.20605932203389832 0.04214501510574018 0.05764830508474578
0 0.11035045317220543 0.20579449152542373 0.0391238670694864 0.05288135593220341