2 0.8334158415841584 0.18918345705196182 0.17277227722772276 0.036235418875927905
0 0.773019801980198 0.21820784729586426 0.05198019801980198 0.0285471898197243
1 0.6886138613861386 0.1947507953340403 0.09603960396039604 0.030402969247083793
0 0.8513663366336633 0.12742311770943796 0.23589108910891088 0.04845174973488865
0 0.6094059405940594 0.1290137857900318 0.22475247524752476 0.04527041357370095
0 0.37884158415841584 0.13205726405090137 0.2264851485148515 0.04712619300106044
0 0.13366336633663367 0.13299045599151643 0.23366336633663368 0.04261930010604453
0 0.3533465346534653 0.1903711558854719 0.07153465346534653 0.025896076352067886
0 0.28217821782178215 0.19316012725344645 0.055445544554455446 0.03358430540827149
0 0.21534653465346534 0.19169671261930013 0.060396039603960394 0.0285471898197243
0 0.14666336633663365 0.19050901378579005 0.06905940594059407 0.02828207847295866
0 0.08329702970297029 0.19302226935312833 0.04133663366336634 0.020593849416755055
0 0.03453465346534654 0.18932131495227997 0.03787128712871287 0.017423117709437972
0 0.41386138613861384 0.06075291622481442 0.061386138613861385 0.02540827147401908
0 0.3422079207920792 0.060222693531283136 0.06410891089108911 0.03707317073170731
0 0.2747524752475248 0.06048780487804878 0.060396039603960394 0.031240721102863196
0 0.21955445544554456 0.062078472958642626 0.04405940594059406 0.028059384941675498
0 0.16522772277227724 0.059957582184517494 0.05173267326732673 0.0216967126193001
0 0.10532673267326732 0.0611558854718982 0.050742574257425746 0.021961823966065757