0 0.8704504504504504 0.1412379421221865 0.08625625625625633 0.026720257234726697
0 0.8542742742742743 0.10172025723472669 0.08392392392392384 0.03344051446945337
0 0.7449149149149149 0.1017202572347267 0.10377377377377385 0.02271704180064309
0 0.6432332332332332 0.10279742765273311 0.07890890890890884 0.02057877813504824
0 0.5576476476476476 0.10332797427652732 0.07124124124124132 0.030225080385852098
0 0.4693093093093093 0.1040032154340836 0.08641641641641645 0.03155948553054662
0 0.37204204204204205 0.10266881028938907 0.08875875875875872 0.02887459807073956
0 0.26635635635635635 0.10239549839228296 0.10927927927927927 0.02405144694533763
0 0.14073073073073072 0.10360128617363344 0.11494494494494494 0.035048231511254024
0 0.14473473473473475 0.14567524115755626 0.12295295295295294 0.0330225080385852
0 0.27127127127127126 0.14083601286173633 0.11411411411411411 0.03020900321543407
0 0.3808008008008008 0.14485530546623793 0.07790790790790796 0.027524115755627018
0 0.46405405405405403 0.14364951768488746 0.07424424424424421 0.037974276527331194
0 0.5741641641641642 0.1435209003215434 0.12095095095095088 0.03556270096463023
0 0.6821821821821822 0.14258842443729902 0.07840840840840833 0.029405144694533748
0 0.7726926926926927 0.1423151125401929 0.08425425425425433 0.02458199356913182
0 0.35685685685685686 0.3377652733118971 0.07507507507507508 0.02747588424437295
0 0.28387387387387386 0.34070739549839224 0.047547547547547545 0.026945337620578765
0 0.21746746746746748 0.3417845659163987 0.06156156156156156 0.024790996784565943
0 0.14356356356356356 0.3401768488745981 0.06389389389389388 0.03872990353697745
0 0.07966966966966968 0.3385691318327974 0.03953953953953954 0.031221864951768513
0 0.033453453453453456 0.3405787781350482 0.04387387387387387 0.0245337620578778
0 0.7831231231231232 0.38678456591639876 0.05005005005005005 0.041929260450160745
1 0.6962862862862863 0.3420418006430868 0.10493493493493486 0.05104501607717042
2 0.8397597597597597 0.3412379421221865 0.17167167167167166 0.04729903536977494
0 0.1373073073073073 0.2489389067524116 0.23656656656656655 0.06848874598070744
0 0.37846846846846843 0.2468006430868167 0.23340340340340338 0.06205787781350486
0 0.6157857857857858 0.24881028938906752 0.23256256256256255 0.06607717041800647
0 0.8588588588588588 0.2466720257234727 0.23490490490490498 0.07036977491961412