0 0.1332121212121212 0.14091693635382954 0.24116161616161616 0.052588996763754045
0 0.37942424242424244 0.13619201725997843 0.24873737373737373 0.05124056094929881
0 0.6256363636363637 0.13687162891046387 0.2335858585858586 0.052588996763754045
0 0.8680606060606061 0.1388888888888889 0.24116161616161616 0.04854368932038835
0 0.030303030303030304 0.1975512405609493 0.03535353535353535 0.025620280474649405
0 0.07828282828282829 0.2022653721682848 0.04040404040404041 0.018878101402373247
0 0.14015151515151514 0.20159654800431498 0.05808080808080808 0.017529665587918016
0 0.2178080808080808 0.2022653721682848 0.059343434343434344 0.021574973031283712
0 0.2834646464646465 0.2029449838187702 0.04924242424242424 0.020226537216828478
0 0.35858585858585856 0.2029449838187702 0.0707070707070707 0.02831715210355987
0 0.7872525252525252 0.23395900755124055 0.04671717171717172 0.02831715210355987
1 0.7045454545454546 0.20361380798274 0.10101010101010101 0.02696871628910464
2 0.8465959595959596 0.20159654800431498 0.17297979797979798 0.02831715210355987