0 0.6026630434782609 0.30659477866061297 0.08090579710144921 0.14202043132803632
0 0.8187228260869566 0.14964812712826334 0.07452898550724635 0.13097616345062427
0 0.926286231884058 0.3091827468785471 0.07760869565217397 0.13685584562996592
0 0.6043115942028985 0.14861520998864927 0.07802536231884068 0.12787741203178205
0 0.7122916666666667 0.3041543700340522 0.1004619565217392 0.13918274687854712
0 0.8179981884057972 0.30841089670828603 0.07514492753623192 0.13324631101021564
0 0.9254619565217391 0.14346197502837685 0.07596920289855062 0.13561861520998864
0 0.7122916666666667 0.14745743473325765 0.08399456521739132 0.13535754824063564
0 0.17405797101449275 0.3086606129398411 0.08090579710144927 0.14202043132803632
0 0.4976811594202899 0.3112485811577752 0.07760869565217397 0.13685584562996597
0 0.38939311594202897 0.31047673098751416 0.07514492753623192 0.13324631101021564
0 0.28368659420289855 0.30622020431328034 0.1004619565217391 0.13918274687854712
0 0.17879528985507245 0.14681044267877413 0.07802536231884057 0.12787741203178207
0 0.28368659420289855 0.1495232690124858 0.08399456521739132 0.13535754824063564
0 0.496856884057971 0.145527809307605 0.07596920289855068 0.13561861520998866
0 0.38805253623188407 0.145266742338252 0.07452898550724635 0.1309761634506243
0 0.06855072463768117 0.307627695800227 0.0769927536231884 0.13995459704880817