0 0.9494028520499109 0.21204353083434102 0.049019607843137254 0.023264812575574376
0 0.9535561497326204 0.4060338573155986 0.014786096256684622 0.01991535671100366
0 0.12558823529411767 0.9484401451027812 0.22848484848484849 0.05603385731559845
0 0.36876114081996436 0.9440507859733979 0.23476827094474162 0.05383313180169284
0 0.609812834224599 0.9469286577992745 0.23882352941176474 0.050810157194679545
0 0.8550089126559716 0.9426723095525998 0.23295008912655982 0.05108827085852479
0 0.4026916221033868 0.799782345828295 0.10209447415329764 0.06211608222490918
0 0.5096434937611408 0.8004715840386941 0.0972281639928698 0.06349455864570737
0 0.614777183600713 0.799782345828295 0.10087344028520505 0.06211608222490918
0 0.7236452762923351 0.7969044740024184 0.10188948306595359 0.06513905683192248
0 0.5165329768270944 0.6310761789600967 0.013778966131907341 0.014909310761789514
0 0.5165329768270944 0.6455018137847642 0.013778966131907341 0.010773881499395505
0 0.725169340463458 0.3148125755743652 0.06644385026737964 0.02652962515114876
3 0.17278966131907308 0.7515598548972188 0.3107308377896613 0.08438935912938327