0 0.9571696428571428 0.17244827586206896 0.04436607142857148 0.02955172413793106
0 0.9570982142857143 0.4428793103448276 0.017723214285714203 0.03810344827586211
0 0.7302589285714286 0.31210344827586206 0.06626785714285717 0.03301724137931031
1 0.6315625 0.650551724137931 0.3027321428571428 0.04827586206896552
0 0.7294910714285714 0.8117586206896552 0.10240178571428576 0.09482758620689655
0 0.6206785714285714 0.8132413793103448 0.10240178571428576 0.08917241379310349
0 0.5145089285714286 0.8133793103448276 0.09933035714285714 0.09158620689655173
0 0.4070892857142857 0.8135172413793103 0.102125 0.09401724137931029
0 0.5327142857142857 0.21998275862068967 0.05064285714285717 0.044896551724137944
0 0.27120535714285715 0.9205862068965518 0.04241071428571429 0.08186206896551727
0 0.22349107142857144 0.9178793103448276 0.04185714285714285 0.08725862068965509
0 0.17417857142857143 0.9219310344827587 0.04226785714285712 0.08455172413793097
0 0.12569642857142857 0.9189655172413793 0.04436607142857143 0.085103448275862
0 0.07764285714285714 0.920844827586207 0.044500000000000005 0.08670689655172407
0 0.3228214285714286 0.8347931034482758 0.017303571428571425 0.03529310344827591
0 0.2949910714285714 0.8333103448275861 0.016044642857142882 0.03017241379310345
0 0.04799107142857143 0.8335862068965517 0.0703125 0.045793103448275765