0 0.47610459873760147 0.2326086956521739 0.05590622182146077 0.03333333333333333
0 0.7412082957619477 0.3130434782608696 0.06853020739404869 0.034782608695652174
0 0.7276825969341749 0.4057971014492754 0.04508566275924256 0.028985507246376812
0 0.1532912533814247 0.8217391304347826 0.04328223624887286 0.06956521739130435
0 0.20333633904418394 0.8239130434782609 0.045987376014427414 0.07391304347826087
0 0.412082957619477 0.9304347826086956 0.10099188458070334 0.07536231884057971
0 0.521190261496844 0.9289855072463769 0.09918845807033363 0.07246376811594203
0 0.6307484220018035 0.9282608695652174 0.1018935978358882 0.07391304347826087
0 0.7398557258791705 0.922463768115942 0.10009017132551848 0.06231884057971015
0 0.9648331830477908 0.19855072463768117 0.03606853020739405 0.02608695652173913
0 0.5103697024346258 0.7398550724637681 0.05410279531109107 0.04492753623188406
3 0.1776375112714157 0.9434782608695652 0.30297565374211 0.09565217391304348
1 0.21596032461677186 0.025362318840579712 0.062218214607754736 0.02753623188405797
1 0.1145175834084761 0.03188405797101449 0.10640216411181244 0.02318840579710145
1 0.3237150586113616 0.031159420289855074 0.08836789900811542 0.02753623188405797
1 0.8958521190261497 0.758695652173913 0.15599639314697927 0.02463768115942029