0 0.08424698795180723 0.2513440860215054 0.08753765060240964 0.026881720430107527
0 0.03530120481927711 0.10215053763440861 0.05365210843373494 0.021505376344086023
0 0.1016566265060241 0.10013978494623656 0.04894578313253012 0.01747311827956989
0 0.7191265060240963 0.09073118279569892 0.0037650602409638554 0.0013440860215053765
0 0.21743222891566266 0.24865591397849462 0.05082831325301205 0.024193548387096774
0 0.28944277108433736 0.2520215053763441 0.05176957831325301 0.01747311827956989
0 0.3445030120481928 0.25268817204301075 0.030120481927710843 0.026881720430107527
0 0.3981551204819277 0.2540322580645161 0.04894578313253012 0.026881720430107527
0 0.45134036144578316 0.25 0.05176957831325301 0.02956989247311828
0 0.5148719879518072 0.2506774193548387 0.047063253012048195 0.028225806451612902
0 0.5817018072289156 0.24798924731182795 0.060240963855421686 0.020161290322580645
0 0.6546536144578313 0.2506774193548387 0.05176957831325301 0.01747311827956989
0 0.7214834337349397 0.2540322580645161 0.03670933734939759 0.016129032258064516
0 0.7779593373493977 0.2567204301075269 0.046121987951807226 0.01881720430107527
0 0.7374849397590362 0.17069892473118278 0.032944277108433735 0.01881720430107527
0 0.796784638554217 0.1693548387096774 0.04047439759036144 0.024193548387096774
0 0.8659638554216867 0.17406451612903226 0.05271084337349398 0.01747311827956989
0 0.9356174698795181 0.176752688172043 0.03576807228915663 0.01478494623655914
0 0.7299548192771085 0.0974516129032258 0.08000753012048192 0.020161290322580645
0 0.7981927710843374 0.09879569892473118 0.04141566265060241 0.01478494623655914
0 0.8518448795180723 0.10080645161290322 0.0338855421686747 0.013440860215053764
0 0.8970256024096386 0.09879569892473118 0.043298192771084335 0.01747311827956989
0 0.9615060240963856 0.09811827956989247 0.04235692771084337 0.013440860215053764
2 0.4136897590361446 0.16196774193548386 0.3416792168674699 0.038978494623655914
3 0.5022590361445783 0.03924731182795699 0.9954819277108434 0.07849462365591398