0 0.014619883040935672 0.06643167028199566 0.02126528442317916 0.02440347071583514
0 0.04685273790536948 0.06778741865509762 0.03123338649654439 0.01898047722342733
0 0.08007974481658692 0.06914316702819957 0.035220627325890486 0.016268980477223426
0 0.11995215311004784 0.06575921908893709 0.029904306220095694 0.020336225596529277
0 0.15982456140350876 0.06778741865509762 0.035220627325890486 0.021691973969631236
0 0.19803296119085592 0.068470715835141 0.03322700691121744 0.020336225596529277
0 0.23225943646996278 0.068470715835141 0.024587985114300905 0.014913232104121467
0 0.07144072301967039 0.021019522776572663 0.035220627325890486 0.028470715835140995
0 0.8489526847421585 0.025759219088937094 0.025917065390749602 0.02982646420824295
0 0.8951355661881978 0.02304772234273319 0.04651780967570441 0.04067245119305857
0 0.9360074428495482 0.021691973969631236 0.019271664008506113 0.03524945770065076
0 0.9755449229133439 0.020336225596529284 0.04784688995215311 0.04067245119305857
0 0.9685699096225413 0.068470715835141 0.061802232854864435 0.02847071583514099
0 0.20202020202020202 0.19251626898047722 0.017278043593833066 0.02440347071583514
0 0.8037639553429028 0.1904880694143167 0.012626262626262626 0.028470715835141
2 0.4648484848484849 0.02304772234273319 0.7276714513556619 0.04067245119305857
0 0.7017543859649122 0.692114967462039 0.06113769271664009 0.01762472885032538
0 0.2202977139819245 0.692114967462039 0.04585326953748006 0.0067787418655097615
0 0.39972355130249865 0.6907592190889371 0.09104199893673579 0.01762472885032538
0 0.5299734183944711 0.6894034707158352 0.03389154704944185 0.014913232104121476