2 0.449800539083558 0.02837837837837838 0.7405660377358491 0.043243243243243246
1 0.8483827493261455 0.031762162162162155 0.03099730458221024 0.031081081081081076
1 0.8921832884097035 0.033783783783783786 0.05121293800539083 0.043243243243243246
0 0.9353099730458221 0.02837837837837838 0.02830188679245283 0.04864864864864865
0 0.9733854447439354 0.0223027027027027 0.04649595687331536 0.041891891891891894
0 0.7934663072776281 0.47635675675675676 0.018194070080862535 0.02027027027027027
0 0.7975094339622643 0.45 0.05727762803234501 0.016216216216216217
0 0.7796495956873315 0.581081081081081 0.04716981132075472 0.043243243243243246
0 0.6516172506738545 0.5993297297297298 0.04851752021563342 0.02837837837837838
0 0.6684636118598383 0.47635675675675676 0.02021563342318059 0.014864864864864866
0 0.6694770889487871 0.45 0.06132075471698113 0.016216216216216217
0 0.5374016172506739 0.4527027027027027 0.057277628032345075 0.021621621621621623
0 0.5434663072776281 0.47635675675675676 0.0195417789757413 0.014864864864864866
0 0.5212291105121294 0.595945945945946 0.04784366576819407 0.02702702702702703
0 0.3935309973045822 0.596627027027027 0.04986522911051213 0.033783783783783786
0 0.40936927223719677 0.45068108108108107 0.014150943396226415 0.014864864864864866
0 0.26449056603773585 0.6168972972972973 0.04245283018867924 0.033783783783783786
0 0.2816711590296496 0.4743243243243243 0.013477088948787063 0.013513513513513514
1 0.26482479784366575 0.5891891891891892 0.05121293800539083 0.01891891891891892
1 0.41139083557951484 0.5675675675675675 0.08827493261455525 0.02702702702702703
1 0.642522911051213 0.4777081081081081 0.03032345013477089 0.014864864864864866
1 0.7719029649595688 0.4743243243243243 0.03436657681940701 0.016216216216216217
1 0.38207547169811323 0.45 0.03234501347708895 0.010810810810810811
1 0.2553908355795148 0.47702702702702704 0.03369272237196765 0.021621621621621623