0 0.24374001065530101 0.11405672009864365 0.02663825253063399 0.03390875462392109
0 0.2930207778369739 0.11713933415536375 0.043953116675546085 0.030826140567200986
0 0.35329248801278634 0.11637484586929715 0.05394246137453383 0.03545006165228114
0 0.4095631326584976 0.11405672009864365 0.04794885455514118 0.036991368680641186
0 0.4588438998401705 0.1155980271270037 0.02930207778369739 0.03390875462392109
0 0.49913692061800746 0.11791615289765721 0.03529568460309004 0.04778051787916153
0 0.5680607352157698 0.1155980271270037 0.04661694192860948 0.04315659679408138
0 0.6233351092168353 0.11483353884093711 0.05327650506126798 0.03545006165228114
0 0.6899307405434204 0.11251541307028361 0.05194459243473628 0.03390875462392109
0 0.5014651038891849 0.02620221948212084 0.13718700053276506 0.02157829839704069
3 0.5 0.03390875462392109 1 0.06781750924784218
0 0.8810602024507193 0.11175092478421701 0.03596164091635589 0.05086313193588163
0 0.9403303143313798 0.12022194821208385 0.06526371870005328 0.055487053020961775
0 0.9866169419286095 0.11097410604192355 0.013985082578582844 0.04315659679408138
0 0.08923814597762386 0.7791368680641184 0.07591901971230687 0.07244143033292232