0 0.08087535680304472 0.13383939774153075 0.08774500475737394 0.050188205771643665
0 0.19188392007611796 0.13244667503136764 0.0877450047573739 0.050188205771643665
0 0.26694576593720265 0.13662484316185697 0.04546146527117029 0.03903387703889584
0 0.33830637488106563 0.13662484316185697 0.07400570884871548 0.033462986198243394
0 0.7844338725023787 0.05506900878293601 0.04440532825880121 0.05716436637390213
0 0.8367649857278783 0.05716436637390213 0.03489058039961948 0.06412797992471769
0 0.890161750713606 0.04740276035131744 0.03383444338725019 0.06412797992471769
0 0.7918363463368221 0.1826348808030113 0.021141769743101835 0.022308657465495575
0 0.8177354900095148 0.18611041405269763 0.02219790675547091 0.023701380175658704
0 0.9451284490960989 0.24745294855708908 0.07823025689819223 0.0989836888331242
0 0.9424928639391056 0.38268506900878296 0.05814462416745947 0.07388958594730237
0 0.9461845861084682 0.644780426599749 0.08668886774500477 0.03207026348808023
0 0.9424928639391056 0.6886951066499373 0.08563273073263558 0.033462986198243505
0 0.9414272121788773 0.7144792973651193 0.08563273073263558 0.023701380175658846
1 0.648058991436727 0.5799498117942284 0.3594481446241674 0.04461731493099115
3 0.4551189343482398 0.91732747804266 0.7495528068506184 0.09759096612296107
0 0.1247478591817317 0.7528230865746549 0.06131303520456707 0.0892220828105394
0 0.19188392007611796 0.7542158092848181 0.062378686964795434 0.080853199498118
0 0.26112274024738347 0.754918444165621 0.06343482397716459 0.07946047678795475
0 0.3298477640342531 0.7528230865746549 0.05920076117982876 0.07806775407779175
0 0.3975071360608944 0.7528230865746549 0.05708848715509039 0.080853199498118
0 0.49423406279733595 0.7312170639899623 0.04546146527117029 0.06273525721455459
0 0.5465651760228355 0.7319071518193225 0.04862987630827773 0.05855708908406534
0 0.6385442435775452 0.7353952321204517 0.12052331113225506 0.05716436637390206
0 0.5301807802093245 0.7876787954830614 0.11523311132254992 0.04461731493099115
2 0.5048144624167459 0.05089084065244668 0.29073263558515694 0.054366373902132996