0 0.06958373668925459 0.11183315038419318 0.08833494675701839 0.03704720087815587
0 0.20511132623426911 0.11800219538968167 0.04719264278799613 0.030186608122941824
0 0.271055179090029 0.11800219538968167 0.03630203291384317 0.02469813391877058
0 0.33639883833494677 0.11594950603732163 0.045982575024201354 0.02332601536772777
0 0.7883639883833494 0.04185510428100988 0.032671829622458855 0.04253567508232711
0 0.8416069699903195 0.041163556531284305 0.042352371732817036 0.04939626783754116
0 0.8918199419167473 0.038419319429198684 0.03630203291384317 0.054884742041712405
0 0.797434656340755 0.15642151481888036 0.02420135527589545 0.019209659714599342
0 0.8228460793804453 0.15779363336992316 0.01452081316553727 0.01646542261251372
0 0.9517231364956438 0.20856201975850713 0.07865440464666021 0.07409440175631174
0 0.9511132623426912 0.33068057080131724 0.055663117134559535 0.06311745334796927
0 0.9517231364956438 0.39723380900109767 0.05687318489835431 0.05900109769484083
0 0.9517231364956438 0.47200878155872666 0.05445304937076476 0.06311745334796927
0 0.952323330106486 0.5577716794731065 0.08470474346563407 0.028814489571899013
0 0.9535333978702807 0.597563117453348 0.08712487899322362 0.02607025246981339
0 0.9511132623426912 0.6243139407244785 0.08470474346563407 0.021953896816684963
0 0.4918973862536302 0.5762897914379802 0.04719264278799613 0.04939626783754116
0 0.6001936108422071 0.5762897914379802 0.15972894482090996 0.05214050493962678
0 0.5469506292352372 0.6298024149286499 0.15488867376573087 0.04939626783754116
0 0.11677637947725072 0.6483315038419319 0.05929332042594385 0.06448957189901207
0 0.1851403678606002 0.6538199780461031 0.060503388189738626 0.06448957189901207
0 0.25714424007744435 0.6538199780461031 0.06413359148112294 0.061745334796926454
0 0.3255082284607938 0.655192096597146 0.06292352371732816 0.06448957189901207
0 0.3938818973862536 0.6483315038419319 0.05929332042594385 0.0672338090010977
1 0.6498063891577929 0.4665203073545554 0.36302032913843174 0.03567508232711306
2 0.5027879961277831 0.038419319429198684 0.29162633107454017 0.038419319429198684
0 0.4507550822846079 0.7985729967069155 0.7562923523717329 0.09330406147091108
0 0.40295256534365925 0.924807903402854 0.0484027105517909 0.02469813391877058