0 0.9009009009009009 0.8917480136208854 0.1833976833976834 0.04398410896708286
0 0.9033204633204633 0.9385698070374574 0.1817889317889318 0.046821793416572076
0 0.9025096525096525 0.979716231555051 0.18018018018018017 0.038308740068104426
1 0.9041184041184042 0.15395005675368897 0.1833976833976834 0.03263337116912599
1 0.9017117117117117 0.12060158910329172 0.18500643500643502 0.028376844494892167
1 0.41344916344916344 0.04186152099886492 0.7625482625482626 0.06668558456299659
0 0.3507078507078507 0.4561634506242906 0.032175032175032175 0.029795686719636776
0 0.05550836550836551 0.4476503972758229 0.04021879021879022 0.04398410896708286
0 0.06435006435006435 0.5150397275822929 0.05791505791505792 0.0170261066969353
0 0.09090090090090089 0.5859818388195233 0.05952380952380952 0.02553916004540295
0 0.287966537966538 0.764755959137344 0.02895752895752896 0.022701475595913734