1 0.4114123581336696 0.04759238521836506 0.7440100882723834 0.05879059350503919
1 0.899281210592686 0.12178051511758119 0.17181588902900377 0.027995520716685332
1 0.8953341740226987 0.1532810750279955 0.18600252206809584 0.020996640537514
0 0.9639092055485498 0.04899216125419933 0.0362547288776797 0.01959686450167973
0 0.8913997477931904 0.8797648376259798 0.174968474148802 0.0377939529675252
0 0.8850945775535939 0.9231578947368421 0.1812736443883985 0.03219484882418813
0 0.8937578814627994 0.971444568868981 0.17969735182849936 0.030795072788353865
0 0.11034047919293821 0.4479283314669653 0.05989911727616646 0.05319148936170213
0 0.16866330390920556 0.45003359462486003 0.05674653215636822 0.051791713325867864
0 0.2340857503152585 0.44932810750279956 0.055170239596469106 0.04479283314669653
0 0.2971374527112232 0.4430347144456887 0.0457124842370744 0.04619260918253079
0 0.34205548549810844 0.4479283314669653 0.015762925598991173 0.0167973124300112
0 0.06620428751576292 0.4472340425531915 0.009457755359394703 0.012597984322508398