0 0.14984702093397748 0.168005082592122 0.0653059581320451 0.05082592121982211
0 0.212914653784219 0.1786022871664549 0.03399355877616749 0.04659466327827194
0 0.24914653784219 0.1729479034307497 0.027729468599033767 0.035298602287166435
0 0.31132850241545895 0.17224904701397714 0.06083735909822871 0.039529860228716664
0 0.3824476650563607 0.17506988564167725 0.022367149758454084 0.03388818297331641
0 0.4370209339774557 0.1764803049555273 0.040257648953301126 0.031054637865311305
0 0.5161916264090177 0.17717916137229986 0.09124798711755228 0.029644218551461224
0 0.8364653784219003 0.059301143583227446 0.05546698872785828 0.0988310038119441
0 0.9017713365539453 0.06424396442185515 0.05546698872785819 0.08894536213468869
0 0.9635024154589372 0.0649428208386277 0.05904186795491138 0.08471410419313849
0 0.8883494363929146 0.16941550190597207 0.0322061191626409 0.028233799237611164
0 0.9505314009661835 0.17012706480304954 0.047415458937197966 0.024002541296060973
0 0.973341384863124 0.3896696315120712 0.02326086956521729 0.03388818297331634
0 0.9451610305958132 0.46307496823379923 0.07246376811594203 0.042350698856416825
0 0.576135265700483 0.901448538754765 0.04652173913043476 0.055057179161372205
0 0.6937761674718196 0.9021601016518425 0.18876006441223836 0.05082592121982211
0 0.8896940418679549 0.901448538754765 0.181610305958132 0.04659466327827201
0 0.05322866344605475 0.3451969504447268 0.06888888888888889 0.1030622617534943
0 0.044734299516908216 0.17435832274459975 0.03578099838969404 0.05505717916137228
1 0.18161030595813205 0.24918678526048285 0.13598228663446055 0.029644218551461224
1 0.33637681159420285 0.25271918678526045 0.13419484702093396 0.031054637865311305
2 0.3135587761674718 0.06 0.3605314009661835 0.06635324015247776
1 0.7675764895330113 0.722858958068615 0.42583735909822873 0.05646759847522243