0 0.1813304721030043 0.14332892998678995 0.032188841201716736 0.03830911492734478
0 0.9259656652360515 0.22589167767503301 0.04935622317596566 0.023778071334214
0 0.9452789699570815 0.43130779392338175 0.05150214592274678 0.062087186261558784
0 0.9109442060085837 0.5264200792602378 0.09227467811158799 0.059445178335535004
0 0.950107296137339 0.6235138705416117 0.018240343347639486 0.021136063408190225
0 0.9517167381974249 0.6961690885072656 0.015021459227467811 0.021136063408190225
0 0.9511802575107297 0.7701453104359313 0.016094420600858368 0.023778071334214
0 0.9522532188841202 0.8480845442536328 0.016094420600858368 0.02906208718626156
0 0.23390557939914164 0.9306472919418758 0.44206008583690987 0.05680317040951123
0 0.7414163090128756 0.9478203434610304 0.4334763948497854 0.05680317040951123
0 0.4313304721030043 0.71334214002642 0.045064377682403435 0.052840158520475564