2 0.5093864468864469 0.03395787139689578 0.4739010989010989 0.056818181818181816
2 0.912893772893773 0.09977827050997783 0.16597985347985358 0.03325942350332594
0 0.8442124542124542 0.03325942350332594 0.04693223443223443 0.02771618625277162
0 0.9220512820512822 0.032572062084257204 0.03548534798534809 0.02078713968957871
0 0.9784798534798534 0.03464523281596452 0.04304029304029304 0.024944567627494457
0 0.042353479853479856 0.2328159645232816 0.04807692307692308 0.024944567627494457
0 0.055521978021978016 0.2660753880266075 0.051510989010989 0.02771618625277162
0 0.07383699633699634 0.3014190687361419 0.09271978021978022 0.026330376940133036
0 0.06239010989010989 0.3353658536585366 0.07898351648351648 0.01385809312638581
0 0.07326007326007326 0.37416851441241683 0.09386446886446886 0.022172949002217297
0 0.04807692307692308 0.40188470066518844 0.0641025641025641 0.022172949002217297
0 0.07097069597069597 0.4351441241685144 0.08012820512820513 0.019401330376940133
0 0.054377289377289376 0.4670177383592018 0.06524725274725275 0.022172949002217297
0 0.052655677655677656 0.5051330376940133 0.054945054945054944 0.026330376940133036
0 0.054377289377289376 0.6506430155210643 0.10874542124542125 0.03187361419068736
0 0.0704029304029304 0.6866740576496674 0.1407967032967033 0.03741685144124168
0 0.04979853479853479 0.7233924611973392 0.09043040293040293 0.03325942350332594
0 0.047509157509157504 0.760809312638581 0.08585164835164835 0.01662971175166297
0 0.061813186813186816 0.7996119733924612 0.09615384615384616 0.022172949002217297
0 0.10302197802197802 0.85019955654102 0.18543956043956045 0.04018847006651885
0 0.2833150183150183 0.2660753880266075 0.042353479853479856 0.03048780487804878
0 0.35771978021978024 0.2653880266075388 0.05837912087912088 0.0291019955654102
0 0.42754578754578754 0.27161862527716185 0.033195970695970696 0.01662971175166297
0 0.4819139194139194 0.2660753880266075 0.04807692307692308 0.024944567627494457
0 0.5563186813186813 0.2653880266075388 0.07097069597069597 0.023558758314855877
0 0.6295787545787546 0.264689578713969 0.061813186813186816 0.024944567627494457
0 0.7142857142857143 0.26954545454545453 0.05952380952380952 0.020787139689578713
0 0.7938461538461539 0.2660753880266075 0.04922161172161172 0.01662971175166297
0 0.9380769230769231 0.264689578713969 0.028617216117216116 0.02771618625277162
0 0.9752747252747253 0.2667738359201774 0.025183150183150184 0.020787139689578713
0 0.9666941391941393 0.18569844789356985 0.06295787545787546 0.024944567627494457
0 0.41495421245421243 0.18362527716186253 0.09958791208791208 0.023558758314855877
0 0.43612637362637363 0.4947339246119734 0.013736263736263736 0.01662971175166297
0 0.44013736263736264 0.7566518847006651 0.017170329670329672 0.024944567627494457