0 0.20572525597269625 0.13317103620474408 0.051194539249146756 0.04161048689138579
0 0.2621331058020478 0.14079900124843944 0.04076791808873718 0.03745318352059925
0 0.32233788395904434 0.13108614232209737 0.04740614334470985 0.05132334581772786
0 0.7238310580204779 0.04716604244694132 0.03697098976109209 0.06380774032459426
0 0.7674402730375427 0.04508114856429463 0.03507679180887364 0.06796504369538077
0 0.8120051194539248 0.04578027465667915 0.04076791808873718 0.0749063670411985
0 0.8674658703071673 0.2261048689138577 0.07963310580204781 0.12207240948813979
0 0.8660409556313993 0.6408614232209738 0.08437713310580204 0.03883895131086137
0 0.8660409556313993 0.6762421972534332 0.07110068259385659 0.018027465667915174
0 0.8703071672354948 0.712996254681648 0.07395051194539255 0.03051186017478159
0 0.5953754266211604 0.729637952559301 0.11945392491467577 0.05826466916354566
0 0.5072013651877133 0.7282521847690387 0.04740614334470985 0.05826466916354566
0 0.46169795221843 0.7247940074906366 0.0417150170648465 0.062421972534332085
0 0.5219027303754266 0.551398252184769 0.16022184300341294 0.0291260923845194
0 0.6835409556313994 0.5486142322097378 0.14789249146757674 0.023583021223470644
0 0.4972525597269624 0.7899875156054931 0.10713310580204774 0.06519350811485647
0 0.10523037542662116 0.9078901373283396 0.03223549488054608 0.02912609238451926
0 0.7465870307167235 0.9092759051186018 0.02180887372013647 0.03191011235955049
3 0.42235494880546076 0.910661672908864 0.6645819112627985 0.09571785268414491
1 0.5986945392491467 0.6138202247191011 0.3232849829351537 0.04855181023720348
0 0.7394795221843004 0.46192259675405745 0.06256825938566547 0.04161048689138582
0 0.7276279863481229 0.18172284644194756 0.02180887372013647 0.03051186017478152
0 0.7489590443686006 0.18032459425717853 0.02465017064846425 0.03051186017478152
0 0.4631228668941979 0.21777777777777776 0.05783276450511943 0.019425717852684148
1 0.08153583617747441 0.13247191011235954 0.12703924914675765 0.05965043695380774
2 0.465494880546075 0.04508114856429463 0.2654522184300342 0.054094881398252186