0 0.1707622203811102 0.15046568627450982 0.06903893951946975 0.03948529411764704
0 0.22783761391880697 0.1552328431372549 0.02853355426677718 0.027230392156862744
0 0.2637365368682684 0.15590686274509805 0.03038111019055506 0.025870098039215705
0 0.3272576636288318 0.1525 0.08193040596520297 0.05174019607843139
0 0.3972162386081193 0.15659313725490195 0.03038111019055506 0.024509803921568627
0 0.4515327257663629 0.15454656862745098 0.05062966031483007 0.042205882352941156
0 0.5293206296603148 0.16475490196078432 0.07732394366197178 0.0408455882352941
0 0.8805136702568351 0.05446078431372549 0.052468931234465555 0.08442401960784313
0 0.9357415078707539 0.046973039215686276 0.041425020712510356 0.07488970588235293
0 0.9859154929577465 0.05269607843137255 0.028169014084507043 0.09803921568627451
0 0.9256172328086164 0.1450122549019608 0.03958574979287506 0.028590686274509818
0 0.9846727423363711 0.15182598039215686 0.030654515327257662 0.028590686274509818
0 0.9763877381938691 0.4391299019607843 0.04722452361226181 0.05583333333333341
2 0.791814415907208 0.6787867647058823 0.41637116818558406 0.03948529411764709
0 0.6025020712510356 0.8578431372549019 0.041425020712510356 0.06535539215686266
0 0.7272410936205468 0.855796568627451 0.18779618889809452 0.05583333333333327
0 0.9151698425849212 0.8585294117647058 0.16966031483015748 0.06399509803921571
0 0.06260149130074565 0.31998774509803923 0.06811930405965202 0.09803921568627451
0 0.06260149130074565 0.43096813725490196 0.0699585749792875 0.11029411764705882
0 0.063976801988401 0.5453431372549019 0.06903893951946975 0.10757352941176468
0 0.0612178956089478 0.6535906862745099 0.06536039768019886 0.09803921568627451
1 0.19792046396023197 0.22466911764705885 0.14176470588235296 0.02995098039215686
1 0.35947804473902234 0.22876225490196078 0.14452361226180618 0.035404411764705865
2 0.3327837613918807 0.04561274509803921 0.36729908864954436 0.05583333333333334