0 0.24385405960945528 0.9592791411042946 0.4241829393627955 0.05855828220858905
0 0.7301644398766701 0.9609662576687116 0.4083042137718396 0.05855828220858905
0 0.8946043165467626 0.47754601226993865 0.08875642343268232 0.06274539877300608
0 0.9315107913669065 0.584217791411043 0.016813977389516854 0.027883435582822007
0 0.9343165467625899 0.6692638036809816 0.016813977389516854 0.027883435582822007
0 0.9333812949640288 0.7543251533742331 0.016813977389516854 0.027883435582822007
0 0.9299280575539569 0.843558282208589 0.016813977389516854 0.027883435582822184
0 0.19527235354573483 0.04670245398773006 0.022425488180883857 0.04322085889570552
0 0.9067523124357657 0.1436196319018405 0.04951695786228167 0.027883435582822098
0 0.7750154162384378 0.22447852760736198 0.014018499486125489 0.0418251533742331
0 0.9249743062692704 0.37855828220858895 0.0467112024665982 0.06832822085889569