0 0.5592503022974608 0.14149560117302054 0.09794437726723096 0.02785923753665689
0 0.9044740024183797 0.07991202346041056 0.1185006045949214 0.036656891495601175
0 0.9183796856106409 0.025659824046920823 0.02781136638452237 0.03372434017595308
0 0.9546553808948005 0.020527859237536656 0.02539298669891173 0.02932551319648094
0 0.6360338573155986 0.5557184750733137 0.2079806529625151 0.02932551319648094
0 0.8579201934703748 0.5586510263929618 0.2140266021765417 0.04105571847507331
0 0.937726723095526 0.4303519061583578 0.07134220072551391 0.024926686217008796
1 0.7406287787182587 0.6282991202346041 0.44619105199516323 0.04838709677419355
0 0.5386940749697703 0.7668621700879765 0.0592503022974607 0.06744868035190615
0 0.6094316807738815 0.7653958944281525 0.060459492140266025 0.07038123167155426
0 0.7261185006045949 0.7661290322580645 0.15598548972188633 0.0718475073313783
0 0.5931076178960096 0.8387096774193549 0.15598548972188633 0.06744868035190615
0 0.07315598548972188 0.6825513196480938 0.07859733978234583 0.09237536656891496
0 0.15840386940749698 0.6840175953079178 0.07496977025392987 0.09824046920821114
0 0.2430471584038694 0.6869501466275659 0.07013301088270858 0.09530791788856305
0 0.3301088270858525 0.6847507331378299 0.07980652962515115 0.08797653958944282
0 0.41777509068923824 0.6818181818181818 0.07376058041112454 0.09090909090909091
3 0.49334945586457074 0.9288856304985337 0.9431680773881499 0.1158357771260997