2 0.516142735768904 0.03652701212789415 0.4566694987255735 0.07304299889746417
2 0.8867884451996602 0.20604189636163175 0.16992353440951571 0.04547960308710033
1 0.05576040781648258 0.031014332965821383 0.03292268479184367 0.03996692392502756
0 0.814570943075616 0.028257993384785 0.07434154630416312 0.05650496141124586
0 0.8910365335598981 0.03307607497243661 0.04672897196261682 0.041345093715545754
0 0.9568819031435853 0.0344542447629548 0.04035683942225998 0.04961411245865491
0 0.949447748513169 0.2742557883131202 0.021240441801189464 0.046857772877618525
0 0.9101529311809685 0.2852811466372657 0.025488530161427356 0.044101433296582136
0 0.7784621920135939 0.2756339581036384 0.0637213254035684 0.03031973539140022
0 0.7041206457094308 0.2818412348401323 0.05097706032285471 0.023428886438809263
0 0.6292523364485981 0.2790848952590959 0.04141886151231946 0.03721058434399118
0 0.5618096856414614 0.2832194046306505 0.0637213254035684 0.0344542447629548
0 0.4874681393372982 0.2852811466372657 0.04672897196261682 0.03583241455347299
0 0.43384027187765506 0.2852811466372657 0.02655055225148683 0.03307607497243661
0 0.3733050127442651 0.27839029768467477 0.030798640611724725 0.03307607497243661
0 0.30639762107051827 0.2742557883131202 0.07327952421410365 0.046857772877618525
0 0.8804163126593033 0.3645314222712238 0.029736618521665252 0.020672546857772877
0 0.8894477485131692 0.6201764057331863 0.02655055225148683 0.013781697905181918
0 0.877765505522515 0.8703197353914002 0.02655055225148683 0.012403528114663727
0 0.09399320305862362 0.7621278941565601 0.09876805437553102 0.027563395810363836
0 0.1072642310960068 0.8020948180815877 0.12956669498725573 0.03583241455347299
0 0.09664401019541206 0.8324145534729879 0.10620220900594732 0.022050716648291068
0 0.0913338997451147 0.8661852260198456 0.09770603228547153 0.023428886438809263
0 0.09239592183517417 0.9033958103638369 0.10832625318606627 0.0344542447629548
0 0.13381478334749364 0.9571444321940463 0.18054375531011044 0.03996692392502756
0 0.09611724723874256 0.6043329658213892 0.07115548003398471 0.023428886438809263
0 0.0908071367884452 0.5767695700110254 0.06903143585386576 0.017916207276736495
0 0.10301614273576891 0.5409371554575524 0.08496176720475786 0.023428886438809263
0 0.08814783347493628 0.5140573318632855 0.0637213254035684 0.019294377067254686
0 0.10355140186915887 0.4768467475192944 0.09027187765505522 0.03307607497243661
0 0.09664401019541206 0.44584343991179715 0.06159728122344945 0.01515986769570011
0 0.10195412064570943 0.41482910694597575 0.08920985556499575 0.027563395810363836
0 0.08868309260832626 0.3783131201764057 0.05841121495327103 0.012403528114663727
0 0.06796941376380629 0.34385887541345095 0.06159728122344945 0.023428886438809263