1 0.7497058823529412 0.6665315315315316 0.4302464228934818 0.05489864864864865
1 0.7511923688394276 0.7305743243243243 0.43124006359300476 0.04504504504504504
1 0.040739268680445154 0.15906531531531531 0.053656597774244835 0.06475225225225226
2 0.30058028616852145 0.0633445945945946 0.35671701112877585 0.05630630630630631
0 0.14705882352941177 0.16047297297297297 0.06160572337042925 0.05912162162162162
0 0.20170906200317965 0.15765765765765766 0.037758346581876 0.05349099099099099
0 0.24891096979332272 0.16188063063063063 0.04471383147853736 0.04786036036036036
0 0.30654213036565975 0.15625 0.07054848966613672 0.05630630630630631
0 0.3656597774244833 0.15343468468468469 0.051669316375198726 0.0365990990990991
0 0.41584260731319556 0.15343468468468469 0.042726550079491256 0.019707207207207207
0 0.4873847376788553 0.16328828828828829 0.08048489666136725 0.039414414414414414
0 0.8197535771065183 0.06615990990990991 0.05961844197138315 0.08727477477477477
0 0.8793720190779014 0.06615990990990991 0.049682034976152624 0.10135135135135136
0 0.9439586645468998 0.06897522522522523 0.05961844197138315 0.09572072072072071
0 0.8793720190779014 0.16399774774774775 0.049682034976152624 0.02956081081081081
0 0.9360095389507154 0.15765765765765766 0.053656597774244835 0.030968468468468468
0 0.9598569157392687 0.3582545045045045 0.021860095389507155 0.03800675675675676
0 0.9300476947535771 0.4166666666666667 0.075516693163752 0.039414414414414414
0 0.6806438791732909 0.8931644144144144 0.19276629570747217 0.06052927927927928
0 0.8749046104928458 0.892454954954955 0.19177265500794913 0.061936936936936936
0 0.5569395866454689 0.8945720720720721 0.04670111287758347 0.06052927927927928
1 0.17538155802861685 0.2294481981981982 0.1381160572337043 0.030968468468468468
1 0.322933227344992 0.22734234234234232 0.13712241653418125 0.03800675675675676
0 0.7422496025437202 0.5905180180180181 0.013910969793322734 0.021114864864864864