2 0.4953187250996017 0.31859137055837566 0.7358167330677291 0.06121827411167514
2 0.4994621513944223 0.3960406091370558 0.7275099601593625 0.05960659898477161
0 0.802211155378486 0.4503680203045685 0.14193227091633467 0.022322335025380752
0 0.6542629482071713 0.4520812182741117 0.116613545816733 0.021522842639593955
1 0.23428286852589644 0.4536675126903553 0.2054382470119522 0.028921319796954267
0 0.4998804780876494 0.5288705583756346 0.7366334661354583 0.07145939086294409
0 0.73 0.6806091370558376 0.11372509960159369 0.0745939086294416
0 0.580796812749004 0.680736040609137 0.10998007968127498 0.07696700507614218
0 0.41729083665338645 0.6823223350253806 0.11496015936254976 0.07379441624365486
0 0.276195219123506 0.6862944162436547 0.11496015936254979 0.0711548223350253
0 0.6382868525896415 0.7658629441624365 0.12119521912350605 0.023020304568528046