0 0.8863445101906641 0.055903614457831326 0.0195595003287311 0.03444687842278204
0 0.85913872452334 0.053844468784227814 0.022682445759368838 0.04129244249726177
0 0.8305391190006575 0.05453450164293538 0.018080210387902695 0.0317196056955093
0 0.8038330046022354 0.055629791894852135 0.018902038132807365 0.029529025191675787
3 0.7910124917817226 0.5303504928806133 0.2167981591058514 0.32835706462212494
0 0.8850295857988166 0.3212048192771084 0.01692965154503616 0.034928806133625395
0 0.8582380013149244 0.3201095290251917 0.019230769230769232 0.03711938663745891
0 0.8348980933596319 0.32257393209200436 0.018573307034845495 0.02671412924424971
0 0.8099934253780408 0.3248959474260679 0.01972386587771203 0.024797371303395384
0 0.7855884286653518 0.316407447973713 0.018573307034845495 0.03629791894852134
0 0.5065746219592373 0.05303395399780942 0.0440499671268902 0.026516976998904717
0 0.4617028270874425 0.052486308871851045 0.02333990795529257 0.027612267250821478
0 0.413379355687048 0.05371303395399781 0.05161078238001315 0.038828039430449074
0 0.35667324128862593 0.052343921139101864 0.040105193951347796 0.025147864184008755
0 0.31229454306377386 0.05385542168674699 0.036817882971729124 0.03035049288061337
3 0.09492439184746877 0.6731106243154436 0.10338593030900724 0.5875903614457831
0 0.4888231426692965 0.8810843373493975 0.034845496383957925 0.0375027382256298