0 0.049019607843137254 0.04755434782608696 0.049019607843137254 0.035326086956521736
0 0.12679487179487178 0.05231521739130434 0.06504524886877829 0.0421195652173913
0 0.19796380090497737 0.04891304347826087 0.058446455505279035 0.02717391304347826
0 0.7565082956259428 0.050956521739130435 0.04996229260935152 0.033967391304347824
0 0.8107088989441931 0.04552173913043479 0.04147812971342383 0.033967391304347824
0 0.8691553544494721 0.04823913043478261 0.049019607843137254 0.028532608695652172
0 0.9177073906485672 0.04823913043478261 0.040535444947209655 0.03125
0 0.9129939668174963 0.006793478260869565 0.0386500754147813 0.01358695652173913
0 0.9653092006033183 0.007478260869565216 0.03205128205128205 0.014945652173913044
0 0.9728506787330317 0.05095652173913043 0.02828054298642534 0.0421195652173913
0 0.17816742081447964 0.6474239130434782 0.2658371040723982 0.09103260869565218
0 0.5123529411764706 0.6467391304347826 0.38178733031674206 0.10054347826086957
0 0.8427601809954751 0.6494565217391305 0.27149321266968324 0.09782608695652174