0 0.03502586206896552 0.10587978142076503 0.0334051724137931 0.028688524590163935
0 0.07812931034482758 0.10109289617486339 0.04418103448275862 0.030054644808743168
0 0.15625 0.10792349726775956 0.07327586206896551 0.0273224043715847
0 0.23545689655172414 0.10997814207650272 0.05495689655172414 0.020491803278688523
0 0.31788793103448276 0.1092896174863388 0.07112068965517242 0.01912568306010929
0 0.40032758620689657 0.10792349726775956 0.061422413793103446 0.01912568306010929
0 0.20150862068965517 0.050546448087431695 0.05387931034482758 0.03278688524590164
0 0.25538793103448276 0.05669945355191257 0.03879310344827586 0.025956284153005466
0 0.32920689655172414 0.05874316939890711 0.08081896551724138 0.02185792349726776
0 0.40086206896551724 0.060109289617486336 0.034482758620689655 0.02185792349726776
0 0.4579741379310345 0.05737704918032787 0.0603448275862069 0.0273224043715847
0 0.8200431034482759 0.015027322404371584 0.07112068965517242 0.02185792349726776
0 0.9024827586206897 0.015027322404371584 0.04202586206896552 0.02459016393442623
0 0.9574396551724139 0.01912568306010929 0.02478448275862069 0.01912568306010929
0 0.8453706896551724 0.05327868852459016 0.029094827586206896 0.03551912568306011
0 0.8787758620689656 0.0580655737704918 0.022629310344827683 0.028688524590163928
0 0.9218793103448277 0.0580655737704918 0.02478448275862069 0.028688524590163928
0 0.9628275862068967 0.0621639344262295 0.0334051724137931 0.034153005464480864
0 0.28448275862068967 0.34085245901639344 0.04741379310344827 0.03415300546448088
0 0.5991379310344828 0.5430382513661202 0.06465517241379311 0.031420765027322405
0 0.9331896551724138 0.34085245901639344 0.05172413793103448 0.031420765027322405
0 0.28610344827586204 0.8873005464480874 0.05495689655172414 0.04234972677595628
0 0.6115344827586207 0.8838797814207651 0.059267241379310345 0.03825136612021858
0 0.6255431034482759 0.6127103825136612 0.020474137931034482 0.036885245901639344
0 0.6282327586206896 0.6659890710382513 0.010775862068965518 0.04234972677595628
0 0.6287758620689655 0.7185792349726776 0.02693965517241379 0.03825136612021858
2 0.8593793103448277 0.2561530054644809 0.2187500000000001 0.03961748633879782
1 0.06412068965517241 0.2520546448087432 0.07866379310344827 0.03415300546448088
1 0.17025862068965517 0.2540983606557377 0.10775862068965517 0.03825136612021858
0 0.8044224137931034 0.05260109289617486 0.03987068965517242 0.03688524590163934