0 0.040077989601386484 0.23976293103448276 0.03682842287694974 0.032327586206896554
0 0.09098786828422877 0.23841594827586207 0.03466204506065858 0.03502155172413793
0 0.14785961871750433 0.23976293103448276 0.033578856152513 0.02693965517241379
0 0.19714038128249567 0.24649784482758622 0.04116117850953206 0.032327586206896554
0 0.24371750433275563 0.24178879310344828 0.043327556325823226 0.022898706896551723
0 0.2902946273830156 0.2404418103448276 0.0389948006932409 0.017510775862068964
0 0.33362218370883884 0.24380387931034483 0.03249566724436742 0.02693965517241379
0 0.39049393414211436 0.24245689655172414 0.04224436741767764 0.013469827586206896
0 0.45493934142114384 0.23976293103448276 0.03682842287694974 0.02693965517241379
0 0.031958405545927215 0.1050646551724138 0.035745233968804156 0.02693965517241379
0 0.09423743500866551 0.11045258620689655 0.05415944540727903 0.029633620689655173
0 0.16519064124783361 0.11247844827586206 0.06824090121317157 0.028286637931034482
0 0.23559792027729637 0.10439655172413792 0.06824090121317157 0.03636853448275862
0 0.31520797227036396 0.1070905172413793 0.07149046793760831 0.020204741379310345
0 0.40565857885615253 0.10978448275862068 0.08340554592720971 0.017510775862068964
0 0.1998526863084922 0.05590517241379311 0.05090987868284229 0.025592672413793104
0 0.25996533795493937 0.059946120689655165 0.05199306759098787 0.030980603448275853
0 0.332001733102253 0.06330818965517242 0.05957538994800693 0.024245689655172414
0 0.39915944540727905 0.0572521551724138 0.031412478336221836 0.022898706896551723
0 0.4527729636048527 0.05321120689655172 0.05632582322357019 0.03367456896551723
0 0.8086048526863084 0.053211206896551726 0.040077989601386484 0.028286637931034482
0 0.8513864818024264 0.05590517241379311 0.028162911611785094 0.025592672413793104
0 0.8865944540727904 0.05522629310344827 0.018414211438474968 0.024245689655172414
0 0.9245060658578858 0.05859913793103448 0.029246100519930675 0.025592672413793097
0 0.9597053726169844 0.05859913793103449 0.028162911611785094 0.014816810344827586
0 0.9087954939341422 0.01953663793103448 0.04549393414211438 0.022898706896551723
0 0.962417677642981 0.016163793103448277 0.03791161178509532 0.024245689655172414
3 0.8367677642980936 0.43979525862068963 0.27621317157712316 0.3003771551724138