3 0.8267065446868402 0.37672095548317036 0.26002814919071077 0.572529858849077
0 0.9266361717100633 0.03248642779587405 0.024278676988036593 0.03171552660152009
0 0.8982266009852218 0.033029315960912055 0.02199155524278677 0.030629750271444087
0 0.8676988036593948 0.030988056460369163 0.022519352568613652 0.0374158523344191
0 0.8362068965517241 0.037372421281216074 0.026389866291344124 0.032801302931596096
0 0.5069528501055595 0.030314875135722043 0.055770584095707246 0.025200868621064066
0 0.4603307529908515 0.032073832790445164 0.022343420126671357 0.024386536373507055
0 0.4057916959887403 0.03167209554831705 0.054011259676284305 0.027915309446254078
0 0.3461505981703026 0.028957654723127037 0.04380717804363125 0.0333441910966341
0 0.2962702322308234 0.033300760043431056 0.04081632653061224 0.024657980456026064
0 0.661505981703026 0.15271444082519 0.03237156931738212 0.057198697068403914
3 0.08365939479239971 0.3807926167209554 0.10995777621393385 0.5806731813246471
3 0.4230330752990851 0.15990228013029317 0.5177691766361717 0.09980456026058633
0 0.6544686840253343 0.6389359391965256 0.05348346235045742 0.026384364820846856
0 0.38933849401829695 0.6404343105320305 0.047501759324419426 0.020684039087947834
0 0.3881069669247009 0.988056460369164 0.04433497536945813 0.023887079261672096
0 0.6558761435608726 0.988056460369164 0.045038705137227304 0.023887079261672096