0 0.06292261457550714 0.05894962486602358 0.05259203606311044 0.03751339764201501
0 0.12162283996994741 0.059624866023579845 0.06292261457550714 0.028135048231511247
0 0.20473328324567994 0.06028938906752412 0.06949661908339594 0.03215434083601286
0 0.38552216378662657 0.13933547695605572 0.0403831705484598 0.03483386923901393
0 0.4348234410217881 0.13867095391211146 0.048835462058602556 0.030814576634512324
0 0.49070623591284745 0.13665594855305466 0.03474830954169797 0.02947481243301179
0 0.5559729526671675 0.13063236870310824 0.06010518407212622 0.030814576634512324
0 0.6343951915852742 0.13263665594855306 0.049774605559729526 0.024115755627009645
0 0.7546055597295268 0.060964630225080384 0.06292261457550723 0.03617363344051446
0 0.8128324567993991 0.05760986066452305 0.04789631855747558 0.02679528403001072
0 0.8687077385424493 0.059624866023579845 0.04695717505634861 0.03349410503751339
0 0.9264688204357626 0.05894962486602358 0.03850488354620586 0.02679528403001072
0 0.8893688955672426 0.01607717041800643 0.03944402704733283 0.024115755627009645
0 0.9555822689706988 0.02077170418006431 0.05540946656649136 0.02009646302250804
0 0.914725770097671 0.13331189710610933 0.12396694214876033 0.03885316184351554
0 0.9649737039819686 0.055605573419078236 0.023478587528174305 0.030814576634512317
0 0.8025018782870024 0.37714898177920686 0.019722013523666416 0.05493033226152197
0 0.2268069120961683 0.37848874598070736 0.036626596543951916 0.04957127545551983
3 0.8649511645379414 0.8444587352625937 0.22915101427498122 0.30894962486602356