0 0.12195121951219512 0.3629976580796253 0.13588850174216027 0.40398126463700235
0 0.2665505226480836 0.36007025761124123 0.14285714285714285 0.40398126463700235
0 0.4094076655052265 0.3564168618266979 0.13588850174216027 0.4025175644028103
0 0.553574912891986 0.36007025761124123 0.13850174216027875 0.40398126463700235
0 0.6986062717770035 0.359344262295082 0.14982578397212543 0.40837236533957844
0 0.8445156794425088 0.36007025761124123 0.13850174216027875 0.4127634660421546
0 0.1210801393728223 0.8000585480093677 0.13937282229965156 0.39988290398126464
0 0.26393728222996515 0.7991803278688525 0.13937282229965156 0.40105386416861827
0 0.4125435540069686 0.7991803278688525 0.14076655052264808 0.4016393442622951
0 0.5544459930313589 0.8015222482435597 0.1332752613240418 0.39695550351288056
0 0.6990452961672474 0.8015222482435597 0.14372822299651575 0.39695550351288056
0 0.8432055749128919 0.7991803278688525 0.13937282229965156 0.4016393442622951