0 0.49288034188034197 0.15139415481832544 0.9230769230769231 0.050027646129541845
0 0.49429914529914526 0.20471169036334916 0.9316239316239316 0.04344391785150079
0 0.5113931623931623 0.2586887835703002 0.9259230769230768 0.04080963665086885
0 0.5042735042735043 0.3133214849921011 0.9515641025641025 0.05265797788309634
0 0.5014273504273505 0.3738823064770932 0.9572649572649573 0.05002764612954189
0 0.5 0.4291745655608215 0.9658119658119658 0.04739336492890995
0 0.5142478632478633 0.48512243285939965 0.9259230769230768 0.05397709320695106
0 0.49288034188034197 0.5516074249605055 0.9344700854700854 0.04475908372827801
0 0.5128205128205128 0.6029502369668247 0.9173760683760683 0.05265797788309634
0 0.49145299145299143 0.6588981042654029 0.960111111111111 0.04080963665086885
0 0.49429914529914526 0.7839652448657188 0.9544188034188035 0.05134281200631911
0 0.08547008547008547 0.08096366508688783 0.06267521367521366 0.035545023696682464
1 0.8903162393162394 0.8504462875197472 0.13959829059829054 0.03949447077409163
1 0.8917350427350427 0.9287796208530806 0.15384615384615385 0.04607819905213273