1 0.49288034188034197 0.32977883096366506 0.9287777777777778 0.05924170616113744
1 0.5 0.4100829383886256 0.9031367521367522 0.07240521327014215
0 0.5042735042735043 0.48249210110584523 0.905982905982906 0.06714060031595577
0 0.5113931623931623 0.5575315955766194 0.9202307692307693 0.08030410742496048
0 0.5042735042735043 0.6398104265402843 0.9173760683760683 0.07898894154818326
0 0.5014273504273505 0.9096879936808846 0.9401709401709402 0.06582543443917854
1 0.6125384615384615 0.2646129541864139 0.10826495726495733 0.0315955766192733
0 0.8860427350427351 0.2665876777251185 0.17094017094017094 0.019747235387045814
0 0.05555555555555555 0.08688783570300158 0.05982905982905983 0.03949447077409163
0 0.7165213675213675 0.08359794628751974 0.09401709401709402 0.03817930489731438
0 0.8148119658119658 0.08491311216429699 0.0797692307692307 0.03817930489731437
0 0.9316239316239316 0.08293838862559241 0.08547008547008547 0.03686018957345972