0 0.06980341880341881 0.08425355450236967 0.06552991452991452 0.028961295418641383
0 0.7207948717948718 0.08491311216429699 0.06837606837606838 0.03028041074249606
0 0.8247863247863247 0.08557266982622433 0.07692307692307693 0.026330963665086894
0 0.9373247863247864 0.08096366508688783 0.10826495726495733 0.02238151658767773
1 0.23931623931623933 0.49631516587677726 0.29629914529914536 0.0315955766192733
1 0.30057264957264956 0.5588467614533965 0.40741025641025636 0.017112954186413874
0 0.49288034188034185 0.6003159557661928 0.455837606837607 0.023696682464454975
0 0.8874615384615384 0.6450750394944708 0.07122222222222216 0.028961295418641363
0 0.915957264957265 0.7148499210110585 0.07692307692307693 0.023696682464454975
0 0.8290598290598291 0.709585308056872 0.10256410256410256 0.026330963665086915
0 0.13817948717948716 0.7115600315955767 0.22506837606837604 0.009214060031595549
0 0.34045299145299146 0.794498420221169 0.1794871794871795 0.022381516587677754
0 0.5883162393162393 0.7951540284360189 0.3162393162393162 0.026330963665086915
0 0.8974358974358975 0.7661927330173776 0.0968632478632478 0.03422985781990524
0 0.08974358974358974 0.9116627172195892 0.09971794871794873 0.05134281200631911
0 0.22792307692307695 0.9024486571879937 0.12535897435897433 0.05397709320695106
0 0.6353247863247863 0.9156121642969984 0.6666666666666665 0.06187598736176938