3 0.5014273504273504 0.49960505529225907 0.7065555555555554 0.2093206951026856
0 0.9344700854700854 0.1428396524486572 0.05698290598290604 0.03291074249605057
0 0.943017094017094 0.1941824644549763 0.05698290598290604 0.03291074249605057
0 0.9401709401709402 0.24684044233807267 0.05698290598290604 0.03291074249605053
0 0.9373162393162394 0.30740126382306476 0.05698290598290604 0.03291074249605053
0 0.9316239316239316 0.3679581358609795 0.05698290598290604 0.03291074249605053
0 0.9373162393162394 0.42193522906793046 0.05698290598290604 0.03291074249605053
0 0.9259230769230768 0.48249210110584523 0.05698290598290604 0.03291074249605053
0 0.943017094017094 0.5364691943127962 0.05698290598290604 0.03291074249605053
0 0.9401709401709402 0.594391785150079 0.05698290598290604 0.03291074249605053
1 0.5 0.7872551342812006 0.9373247863247864 0.05002764612954189
1 0.5014273504273505 0.870193522906793 0.9344700854700854 0.05265797788309634
0 0.07835042735042735 0.08162322274881516 0.05412820512820513 0.028961295418641383
0 0.3418803418803419 0.5529225908372828 0.3019914529914529 0.05265797788309634
0 0.6609658119658121 0.55423775671406 0.29629914529914536 0.05002764612954189