0 0.10826495726495727 0.5371248025276462 0.15384615384615385 0.07372432859399687
0 0.28205128205128205 0.5371248025276462 0.15384615384615385 0.07109004739336493
0 0.4558376068376069 0.5384399684044233 0.15384615384615385 0.07109004739336493
0 0.6267777777777778 0.5384399684044233 0.15384615384615385 0.07109004739336493
0 0.7977179487179488 0.5371248025276462 0.15384615384615385 0.07109004739336493
0 0.11395726495726496 0.18891390205371245 0.15384615384615385 0.03554502369668244
0 0.29202564102564105 0.18891390205371245 0.1111111111111111 0.03554502369668244
0 0.45441880341880336 0.1928633491311216 0.1111111111111111 0.03554502369668244
0 0.6196581196581197 0.1928633491311216 0.1111111111111111 0.03554502369668244
0 0.782051282051282 0.19022906793048977 0.1111111111111111 0.035545023696682485
0 0.9387521367521366 0.1915481832543444 0.1111111111111111 0.035545023696682464
2 0.49288034188034197 0.1336216429699842 0.9515641025641025 0.04870853080568722
0 0.12963247863247862 0.6951026856240127 0.1851880341880342 0.042128751974723565
0 0.3304871794871795 0.6964178515007898 0.13105982905982907 0.042128751974723565
0 0.47863247863247865 0.6951026856240127 0.13105982905982905 0.042128751974723565
0 0.6666666666666666 0.6977330173775672 0.20513675213675212 0.042128751974723565
0 0.8547008547008547 0.6977330173775672 0.13105982905982907 0.042128751974723565
0 0.07835042735042735 0.9366745655608214 0.07123076923076924 0.05134281200631911
0 0.24786324786324787 0.9340402843601895 0.0968717948717949 0.05134281200631911
0 0.4245042735042735 0.9366745655608214 0.0968717948717949 0.05134281200631911
0 0.5811965811965812 0.9366745655608214 0.0968717948717948 0.05134281200631911
0 0.7435897435897436 0.9366745655608214 0.0968717948717948 0.05134281200631911
0 0.9145299145299145 0.9353554502369669 0.11396581196581199 0.05397709320695106
3 0.5 0.34821090047393366 1 0.26724723538704576