0 0.11965811965811966 0.19813191153238546 0.2108290598290598 0.0408096366508689
0 0.3418803418803419 0.20010663507109006 0.21082905982905983 0.05265797788309638
0 0.5626752136752137 0.1948380726698262 0.21367521367521367 0.04739336492890993
0 0.7407435897435897 0.19747235387045814 0.10826495726495733 0.03949447077409163
0 0.9017094017094017 0.19813191153238546 0.08831623931623925 0.030280410742496034
0 0.6923076923076923 0.27317140600315953 0.12535897435897442 0.03291074249605053
0 0.8304871794871794 0.2744865718799368 0.08262393162393168 0.03291074249605053
0 0.9387435897435897 0.2738270142180095 0.08831623931623925 0.03422985781990524
0 0.7051282051282052 0.09083728278041074 0.07122222222222216 0.03686018957345972
0 0.8333333333333334 0.09281200631911532 0.09401709401709402 0.03817930489731437
0 0.9344700854700854 0.08886255924170616 0.06267521367521361 0.032910742496050555
1 0.17378632478632483 0.08820300157977885 0.23931623931623933 0.03949447077409164
0 0.5014273504273505 0.8050276461295418 0.9230769230769231 0.0566074249605055
0 0.480059829059829 0.8583451816745655 0.23076923076923078 0.036860189573459684
0 0.09544444444444446 0.9314099526066351 0.1111111111111111 0.05924170616113744
0 0.2977179487179487 0.9281200631911533 0.1282051282051282 0.0631911532385466
0 0.5042735042735043 0.9320695102685624 0.11965811965811966 0.06582543443917854
0 0.7037008547008547 0.9327290679304897 0.13675213675213677 0.06714060031595577
0 0.9045555555555554 0.9399684044233807 0.15100000000000005 0.06055687203791466
3 0.5 0.7527646129541864 1 0.49447077409162715