0 0.811965811965812 0.1402053712480253 0.07407692307692314 0.03291074249605057
0 0.9131025641025641 0.14218009478672985 0.05982905982905983 0.0315955766192733
0 0.1638205128205128 0.13954581358609794 0.06552991452991454 0.028961295418641408
0 0.07407692307692308 0.1402053712480253 0.07407692307692307 0.02764612954186414
0 0.09117094017094017 0.5930766192733018 0.10826495726495726 0.035545023696682464
0 0.24358974358974358 0.5937322274881516 0.15669230769230771 0.03422985781990524
0 0.8846153846153846 0.5937322274881516 0.1623931623931624 0.0315955766192733
0 0.7450170940170939 0.8004225908372828 0.4814786324786326 0.06055687203791466
0 0.25498290598290596 0.7997630331753555 0.47578632478632477 0.0566074249605055
0 0.10113675213675213 0.20076224328593995 0.10541025641025642 0.027646129541864118
0 0.2507094017094017 0.20010663507109008 0.09686324786324788 0.023696682464455
0 0.4772051282051282 0.20273696682464457 0.2535641025641026 0.023696682464454975
0 0.7350427350427351 0.20208135860979465 0.17094017094017094 0.019747235387045835
1 0.8846153846153846 0.20076224328593997 0.05412820512820506 0.01711295418641392
1 0.6395982905982907 0.3350434439178515 0.6695128205128207 0.05134281200631911