0 0.13446153846153847 0.08443127962085308 0.12655555555555556 0.02850710900473934
0 0.3250940170940171 0.08443127962085308 0.14079487179487182 0.027045813586097953
0 0.491982905982906 0.08625592417061612 0.08858974358974367 0.019004739336492892
0 0.6430598290598291 0.08662322274881518 0.11231623931623938 0.02120063191153239
0 0.7965128205128205 0.08735387045813586 0.07435042735042736 0.01827409162717219
0 0.9436324786324786 0.08662322274881518 0.10599145299145318 0.02120063191153239
0 0.12417948717948717 0.14035150078988942 0.15345299145299146 0.02339257503949448
0 0.29899145299145297 0.14144944707740914 0.10757264957264959 0.016812796208530826
0 0.44294871794871793 0.13998420221169036 0.09807692307692308 0.024123222748815183
0 0.6050940170940171 0.14035150078988942 0.14079487179487182 0.02631516587677725
0 0.7791111111111111 0.14071484992101108 0.11231623931623938 0.024123222748815183
0 0.9420512820512821 0.13998420221169036 0.10915384615384618 0.019735387045813596
0 0.08384615384615385 0.19481042654028435 0.08226495726495726 0.02120063191153239
0 0.26813675213675214 0.19554107424960507 0.21040170940170938 0.02412322274881516
0 0.5149230769230769 0.1940797788309637 0.21356410256410252 0.025584518167456567
0 0.6976410256410257 0.1944431279620853 0.07593162393162387 0.0204660347551343
0 0.8471367521367521 0.1944431279620853 0.1312991452991454 0.0204660347551343
0 0.10203418803418803 0.9287322274881518 0.09017094017094017 0.05189968404423375
0 0.30215384615384616 0.9283649289099526 0.08858974358974357 0.04678515007898896
0 0.49515384615384617 0.9287322274881518 0.10757264957264949 0.04312796208530798
0 0.6992222222222223 0.9305568720379147 0.06644444444444446 0.048246445497630276
0 0.8977606837606839 0.9294628751974724 0.13129914529914521 0.044589257503949306