0 0.9558376068376068 0.07832938388625593 0.05982905982905983 0.025011848341232223
0 0.5028461538461538 0.4357543443917851 0.3732222222222223 0.04739336492890995
0 0.12250427350427351 0.1968127962085308 0.15384615384615385 0.030280410742496034
2 0.6395982905982907 0.19747235387045814 0.6695128205128207 0.05002764612954187
1 0.49288034188034197 0.26790284360189576 0.9116837606837608 0.05397709320695106
1 0.2364700854700855 0.31200631911532384 0.4387435897435898 0.03422985781990524
1 0.2905982905982906 0.3501856240126382 0.5299145299145299 0.0315955766192733
1 0.2321965811965812 0.3837559241706161 0.4017094017094017 0.02764612954186414
0 0.905982905982906 0.31398104265402843 0.10826495726495733 0.022381516587677754
0 0.9145299145299145 0.346891785150079 0.12535897435897442 0.022381516587677754
0 0.9131025641025641 0.38046208530805686 0.11681196581196587 0.023696682464454975