0 0.12393162393162394 0.1527132701421801 0.207974358974359 0.034229857819905195
0 0.06125641025641027 0.08820300157977885 0.1111111111111111 0.03949447077409164
0 0.16096581196581197 0.09610189573459717 0.08262393162393164 0.04739336492890996
0 0.8461538461538461 0.09676145339652449 0.10256410256410256 0.04080963665086888
0 0.9554102564102563 0.09412717219589258 0.0874615384615384 0.04080963665086887
0 0.10399145299145299 0.041469194312796206 0.20797435897435898 0.019747235387045814
0 0.3347606837606838 0.1454699842022117 0.18518803418803415 0.03291074249605057
0 0.49002564102564106 0.15073854660347552 0.10256410256410256 0.02764612954186414
0 0.6324786324786325 0.14678909952606636 0.1424529914529915 0.03291074249605057
0 0.7678034188034188 0.14415481832543445 0.1452991452991453 0.04607819905213269
1 0.3547008547008547 0.23894154818325433 0.6296324786324787 0.04607819905213273
1 0.21937606837606838 0.33570300157977884 0.36467521367521366 0.026330963665086915
1 0.272076923076923 0.5272511848341233 0.4700854700854701 0.02764612954186414
1 0.18946153846153843 0.7661927330173776 0.28205128205128205 0.023696682464454975
1 0.25356410256410256 0.7234083728278041 0.4159572649572649 0.022381516587677754
1 0.6296324786324786 0.7694826224328594 0.29629914529914536 0.02764612954186414
0 0.8945897435897436 0.5292259083728278 0.08547008547008547 0.013163507109004711
0 0.8903162393162394 0.3350434439178515 0.12250427350427344 0.02764612954186414
0 0.9658119658119658 0.15073854660347552 0.028487179487179427 0.014482622432859384
0 0.915957264957265 0.7655331753554502 0.08831623931623925 0.02764612954186414
0 0.9074102564102565 0.8056872037914692 0.08262393162393168 0.04475908372827801
0 0.9074102564102565 0.8971840442338073 0.1111111111111111 0.04344391785150079