0 0.48860683760683765 0.9063981042654028 0.9487179487179487 0.07767377567140603
0 0.5071196581196581 0.7609281200631912 0.9287777777777778 0.06055687203791466
0 0.5014273504273505 0.6983925750394945 0.9173760683760683 0.04870853080568718
0 0.49288034188034197 0.6404699842022117 0.9230769230769231 0.04870853080568718
0 0.5 0.5825434439178515 0.9145299145299145 0.05134281200631911
0 0.49429914529914526 0.5233017377567141 0.9202307692307693 0.05397709320695106
0 0.49429914529914526 0.46537519747235384 0.9202307692307693 0.05397709320695106
0 0.49429914529914526 0.4002093206951027 0.9202307692307693 0.055292259083728236
0 0.49288034188034197 0.3422867298578199 0.9173760683760683 0.05002764612954189
1 0.5 0.2823854660347551 0.9202307692307693 0.0566074249605055
0 0.0584017094017094 0.07964849921011058 0.07692307692307693 0.04080963665086887
0 0.7222222222222222 0.08359794628751974 0.1111111111111111 0.03554502369668245
0 0.8190854700854702 0.08557266982622432 0.06552991452991459 0.03159557661927329
0 0.943017094017094 0.08359794628751974 0.0797692307692307 0.04607819905213271
1 0.5012820512820513 0.615521327014218 0.9974358974358974 0.7681674565560821