2 0.5014273504273505 0.1362559241706161 0.9344700854700854 0.04870853080568722
0 0.11253846153846153 0.19023301737756715 0.15100000000000002 0.030280410742496034
0 0.2834786324786325 0.19023301737756718 0.07692307692307693 0.027646129541864163
0 0.4515641025641026 0.19023301737756715 0.10541025641025639 0.01711295418641392
0 0.6153846153846154 0.1915481832543444 0.10256410256410256 0.019747235387045814
0 0.7806239316239316 0.19023301737756715 0.0797692307692307 0.025011848341232244
0 0.9444444444444444 0.1915481832543444 0.09401709401709402 0.01711295418641392
0 0.9401709401709402 0.18167456556082148 0.011393162393162331 0.00526461295418643
0 0.13675213675213677 0.2514494470774091 0.1766410256410256 0.042128751974723565
0 0.32905982905982906 0.2514494470774091 0.1282051282051282 0.04475908372827801
0 0.47293162393162397 0.2521050552922591 0.11395726495726495 0.04607819905213273
0 0.6267777777777778 0.25078988941548186 0.1424529914529915 0.04870853080568718
3 0.8589743589743589 0.25078988941548186 0.2763504273504273 0.04870853080568718
0 0.7421623931623931 0.45352685624012634 0.47008547008546997 0.2988428120063191
0 0.8604017094017095 0.7280134281200632 0.1652393162393163 0.026330963665086915
0 0.08262393162393163 0.9366785150078989 0.07976923076923079 0.05134281200631911
0 0.25498290598290596 0.9366785150078989 0.0997179487179487 0.04870853080568718
0 0.415957264957265 0.9353593996840442 0.10826495726495723 0.04607819905213273
0 0.5840427350427351 0.9347037914691944 0.10256410256410256 0.05002764612954189
0 0.7492905982905983 0.9373341232227488 0.07407692307692314 0.04475908372827801
0 0.9188034188034188 0.9353593996840442 0.11681196581196587 0.04870853080568718
0 0.4672393162393162 0.577934439178515 0.03988888888888895 0.028961295418641363
0 0.9415982905982907 0.08425355450236967 0.08831623931623925 0.03686018957345971