0 0.1014957264957265 0.1372432859399684 0.11752136752136752 0.03751974723538705
0 0.2403846153846154 0.1372432859399684 0.1346153846153846 0.041469194312796206
0 0.3814102564102564 0.13576224328593997 0.11752136752136752 0.03653238546603475
0 0.5331196581196581 0.13428120063191154 0.1517094017094017 0.03949447077409163
0 0.6987179487179487 0.1362559241706161 0.15384615384615385 0.035545023696682464
0 0.8728632478632479 0.1402053712480253 0.15598290598290598 0.03751974723538705
0 0.1517094017094017 0.08491311216429699 0.20085470085470086 0.03949447077409163
0 0.36004273504273504 0.08738151658767772 0.16025641025641027 0.03060821484992101
0 0.5438034188034188 0.08195102685624013 0.16452991452991453 0.03751974723538705
0 0.7094017094017094 0.08738151658767772 0.11538461538461539 0.04048183254344392
0 0.8632478632478633 0.08984992101105845 0.1282051282051282 0.02962085308056872
0 0.10042735042735043 0.9261453396524486 0.1623931623931624 0.0631911532385466
0 0.30235042735042733 0.9310821484992101 0.15598290598290598 0.06516587677725119
0 0.5074786324786325 0.9291074249605056 0.14743589743589744 0.06516587677725119
0 0.7008547008547008 0.9296011058451816 0.15384615384615385 0.06220379146919431
0 0.8995726495726496 0.9335505529225908 0.1794871794871795 0.0740521327014218
3 0.30235042735042733 0.24289099526066352 0.5491452991452992 0.09676145339652449