0 0.5057008547008548 0.36861374407582936 0.9202307692307693 0.11321879936808846
0 0.5113931623931625 0.5180371248025277 0.34472649572649566 0.05924170616113744
0 0.11965811965811966 0.7925236966824645 0.1766410256410256 0.10795023696682461
0 0.32194017094017097 0.7964731437598737 0.21652136752136755 0.11584913112164294
0 0.5242136752136752 0.7918641390205371 0.17094017094017094 0.10926935229067933
0 0.7151025641025641 0.7865995260663508 0.19942735042735035 0.11453396524486571
0 0.9084017094017094 0.7839652448657188 0.1814786324786324 0.1066350710900474
0 0.9188034188034188 0.8622946287519747 0.08262393162393168 0.0315955766192733
0 0.915957264957265 0.9228554502369668 0.08831623931623925 0.0315955766192733
0 0.2336153846153846 0.14415481832543445 0.2108290598290598 0.05134281200631911
0 0.40882905982905976 0.13494075829383886 0.14529914529914525 0.05134281200631911
0 0.6025641025641025 0.1402053712480253 0.20228205128205134 0.04607819905213269
0 0.8561282051282052 0.13428120063191154 0.24786324786324795 0.04212875197472352