0 0.509974358974359 0.8385979462875197 0.9116837606837608 0.0631911532385466
0 0.5028461538461538 0.9096879936808846 0.9088290598290598 0.06845576619273298
0 0.1395982905982906 0.146129541864139 0.2165213675213675 0.03949447077409163
0 0.3604017094017094 0.1382306477093207 0.15669230769230771 0.04212875197472352
0 0.5427350427350427 0.14744470774091625 0.15669230769230763 0.028961295418641408
0 0.7165213675213675 0.1454699842022117 0.08831623931623925 0.030280410742496034
0 0.8732222222222222 0.1428396524486572 0.16239316239316248 0.035545023696682464
0 0.6965811965811965 0.08688783570300158 0.11681196581196587 0.05002764612954186
0 0.8148119658119658 0.09017772511848342 0.06267521367521361 0.04080963665086887
0 0.9273504273504274 0.08886255924170616 0.07122222222222216 0.04344391785150079
0 0.17094017094017094 0.08820300157977884 0.2564102564102564 0.042128751974723544
3 0.4985726495726495 0.20998025276461293 0.9401709401709402 0.08557266982622433
3 0.509974358974359 0.35216034755134284 0.9173760683760683 0.19088862559241707
3 0.5 0.624672195892575 0.9829059829059829 0.33833728278041075