0 0.7336153846153847 0.3117544642857143 0.4415982905982905 0.05208482142857146
0 0.792025641025641 0.12425446428571428 0.05698290598290604 0.03125
0 0.7236495726495726 0.12053571428571429 0.04558119658119652 0.02380803571428572
0 0.6609658119658121 0.12276785714285714 0.04558119658119652 0.028272321428571435
0 0.6054102564102565 0.12351339285714287 0.042735042735042736 0.029763392857142853
0 0.5441623931623931 0.12797767857142858 0.06267521367521361 0.029763392857142853
0 0.08262393162393163 0.91815625 0.09117094017094016 0.044642857142857144
0 0.29914529914529914 0.9151785714285714 0.11965811965811966 0.05654910714285718
0 0.49288034188034185 0.90625 0.0797692307692307 0.04166517857142854
0 0.7321965811965812 0.9203883928571429 0.131051282051282 0.049107142857142856
0 0.9287777777777778 0.9188973214285714 0.08547008547008547 0.04612946428571425
0 0.23076923076923078 0.5498526785714286 0.10256410256410256 0.04017857142857143
0 0.5 0.5558035714285714 0.1111111111111111 0.049107142857142856
0 0.7749316239316238 0.5543169642857143 0.10256410256410256 0.043156250000000035
0 0.4259230769230769 0.29836160714285714 0.07122222222222226 0.0342276785714286