0 0.7051282051282052 0.08162322274881516 0.07692307692307693 0.0315955766192733
0 0.8162393162393162 0.08162322274881516 0.07692307692307693 0.03422985781990522
0 0.9358974358974359 0.07964849921011058 0.07122222222222216 0.035545023696682464
0 0.07835042735042735 0.08227883096366509 0.06552991452991452 0.03291074249605055
0 0.3547008547008547 0.08030410742496051 0.05982905982905983 0.026330963665086894
0 0.8276324786324788 0.5298854660347552 0.24216239316239319 0.03817930489731441
0 0.9358974358974359 0.594391785150079 0.0484358974358975 0.04080963665086885
0 0.13959829059829063 0.5950513428120063 0.20512820512820515 0.028961295418641363
0 0.9031367521367522 0.7793562401263823 0.1139572649572649 0.04475908372827801
0 0.9116837606837608 0.8412322274881516 0.10256410256410256 0.04739336492890995
0 0.21652136752136752 0.7550039494470774 0.15954700854700857 0.02764612954186414
0 0.44301709401709405 0.8616390205371248 0.04843589743589745 0.022381516587677754
0 0.33617948717948715 0.9215363349131122 0.0797692307692308 0.03422985781990524
0 0.6937350427350427 0.9202211690363349 0.544162393162393 0.06582543443917854
0 0.13105128205128205 0.9320695102685624 0.10256410256410256 0.023696682464454975
0 0.08404273504273505 0.7530292259083728 0.08831623931623933 0.021062401263823038
0 0.415957264957265 0.5377843601895735 0.03418803418803419 0.017112954186413874
0 0.46153846153846156 0.540414691943128 0.03418803418803419 0.019747235387045814
0 0.5 0.5423894154818325 0.0313418803418804 0.023696682464454975
0 0.5384615384615384 0.5417338072669826 0.028487179487179427 0.022381516587677754
0 0.5811965811965812 0.5410742496050553 0.03418803418803419 0.01843206951026859
0 0.7720769230769231 0.8293838862559242 0.1766410256410257 0.04475908372827801