0 0.960111111111111 0.07832938388625593 0.06267521367521361 0.04080963665086887
0 0.5028461538461538 0.4324644549763033 0.38461538461538464 0.04607819905213273
0 0.905982905982906 0.3113467614533965 0.10826495726495733 0.022381516587677754
0 0.9031367521367522 0.34360189573459715 0.11965811965811966 0.01579778830963665
0 0.9102564102564102 0.3811216429699842 0.11681196581196587 0.022381516587677754
0 0.1296324786324786 0.19549763033175355 0.17948717948717946 0.025011848341232223
2 0.6395982905982907 0.19549763033175355 0.6866068376068377 0.056607424960505526
1 0.46296581196581194 0.2626382306477093 0.8575470085470087 0.04870853080568718
1 0.2151025641025641 0.31398104265402843 0.35612820512820514 0.0250118483412322
1 0.28205128205128205 0.34755134281200634 0.5071196581196581 0.023696682464454975
1 0.2364700854700855 0.38046208530805686 0.3874615384615385 0.021062401263823038