1 0.28205128205128205 0.6832543443917851 0.3646752136752137 0.04739336492890995
0 0.5071196581196582 0.5891271721958926 0.7920256410256409 0.0566074249605055
0 0.8447264957264957 0.6746958925750395 0.11111111111111101 0.04080963665086885
0 0.11965811965811966 0.9347037914691944 0.13105128205128208 0.03422985781990524
0 0.2905982905982906 0.9333846761453396 0.06267521367521371 0.04475908372827801
0 0.49857264957264963 0.9373341232227488 0.0797692307692307 0.03422985781990524
0 0.707974358974359 0.9399684044233807 0.09971794871794878 0.04475908372827801
0 0.9216495726495726 0.9399684044233807 0.05982905982905983 0.03422985781990524
0 0.5113931623931623 0.8260939968404424 0.960111111111111 0.05134281200631911
3 0.49288034188034197 0.47722353870458134 0.9401709401709402 0.4910466034755134
0 0.8931623931623932 0.14941943127962085 0.07122222222222216 0.04344391785150079
0 0.9017094017094017 0.08491311216429699 0.10541025641025635 0.032910742496050555