0 0.13247863247863248 0.0993957345971564 0.07692307692307693 0.03817930489731438
0 0.23504273504273504 0.10268562401263823 0.04843589743589743 0.03949447077409163
0 0.33617948717948715 0.09610189573459717 0.0968632478632479 0.04475908372827803
0 0.09117094017094018 0.15929304897314375 0.10256410256410257 0.026330963665086873
0 0.22792307692307695 0.15929304897314375 0.09117094017094016 0.028961295418641408
0 0.4287777777777778 0.16126777251184835 0.2250683760683761 0.025011848341232244
0 0.6737863247863248 0.16126777251184835 0.1623931623931624 0.025011848341232244
0 0.861820512820513 0.1579778830963665 0.12250427350427354 0.028961295418641408
0 0.5042735042735043 0.5641113744075829 0.3361794871794871 0.03028041074249608
3 0.4985726495726495 0.44365323854660343 0.8547008547008546 0.1579778830963665
0 0.5042735042735043 0.46734992101105843 0.6894615384615386 0.05529225908372828
0 0.9273504273504274 0.7299881516587677 0.11681196581196587 0.0566074249605055
0 0.4985726495726495 0.780675355450237 0.7692307692307692 0.04739336492890995
3 0.5028461538461538 0.6509992101105845 0.7891709401709402 0.2093206951026856