3 0.49857264957264963 0.49960505529225907 0.8490000000000001 0.4726184834123223
0 0.3076923076923077 0.6786453396524487 0.3703675213675213 0.05924170616113744
0 0.6937350427350427 0.6786453396524487 0.3561282051282052 0.0566074249605055
0 0.8447264957264957 0.08425355450236967 0.09401709401709392 0.03422985781990522
0 0.9373247863247864 0.08359794628751974 0.06837606837606838 0.03554502369668245
0 0.10399145299145299 0.9300947867298578 0.08262393162393161 0.04607819905213273
0 0.3076923076923077 0.926804897314376 0.09117094017094013 0.05265797788309634
0 0.5085470085470085 0.926804897314376 0.12250427350427344 0.05265797788309634
0 0.7008547008547008 0.9314099526066351 0.0968632478632478 0.04607819905213273
0 0.9002820512820512 0.9287796208530806 0.131051282051282 0.05397709320695106
0 0.9145299145299145 0.16126777251184835 0.03988888888888895 0.030280410742496034