0 0.19230769230769232 0.7161650868878356 0.23647008547008552 0.028961295418641363
0 0.8888888888888888 0.7194589257503949 0.10826495726495733 0.035545023696682464
3 0.5057008547008548 0.48578199052132703 0.8632478632478633 0.4212756714060032
0 0.14102564102564102 0.8056872037914692 0.15099999999999997 0.07898894154818326
0 0.32194017094017097 0.8004225908372828 0.18233333333333338 0.07898894154818326
0 0.5042735042735043 0.8043720379146919 0.1139572649572649 0.07635466034755131
0 0.6780598290598291 0.8023973143759874 0.1424529914529915 0.0750394944707741
0 0.8675213675213675 0.80173775671406 0.1282051282051282 0.0816232227488152
0 0.10256410256410256 0.9215363349131122 0.10256410256410256 0.05792654028436022
0 0.2977179487179487 0.9208807266982623 0.10541025641025645 0.0566074249605055
0 0.5 0.9096879936808846 0.19088034188034186 0.09215244865718797
0 0.7022820512820512 0.9221958925750395 0.13959829059829054 0.05924170616113744
0 0.8988632478632479 0.9241706161137441 0.11681196581196587 0.06055687203791466
0 0.09258974358974359 0.08425355450236967 0.08262393162393161 0.042128751974723544
0 0.2222222222222222 0.1402053712480253 0.039888888888888877 0.02764612954186414
0 0.9088290598290598 0.18891390205371247 0.05128205128205128 0.025011848341232244
0 0.8233589743589744 0.08293838862559241 0.06837606837606838 0.03422985781990522
0 0.9259230769230768 0.08491311216429699 0.06837606837606838 0.04080963665086888
2 0.4772051282051282 0.08622827804107426 0.6011367521367522 0.05134281200631913
0 0.8461538461538461 0.1408649289099526 0.2108290598290599 0.034229857819905195