0 0.9344700854700854 0.08227883096366509 0.06837606837606838 0.03028041074249606
0 0.7321965811965812 0.08096366508688783 0.05128205128205128 0.03028041074249606
0 0.06552991452991454 0.08227883096366509 0.06267521367521368 0.025011848341232223
0 0.8361794871794872 0.08096366508688783 0.05412820512820506 0.02764612954186414
0 0.8717948717948718 0.17772511848341233 0.17094017094017094 0.0315955766192733
0 0.38746153846153847 0.3501856240126382 0.0968632478632479 0.04739336492890995
0 0.801991452991453 0.3547906793048973 0.08831623931623925 0.04344391785150079
0 0.3604017094017094 0.7991034755134281 0.10541025641025645 0.05002764612954189
0 0.7777777777777778 0.7977883096366508 0.0968632478632478 0.04739336492890995
0 0.8746410256410257 0.6226974723538705 0.1652393162393163 0.023696682464454975
0 0.8361794871794871 0.9281200631911533 0.09401709401709392 0.05002764612954189
0 0.5028461538461538 0.9314099526066351 0.11681196581196587 0.05134281200631911
0 0.16666666666666666 0.9307543443917852 0.11681196581196578 0.05002764612954189
0 0.06694871794871794 0.13428120063191154 0.07692307692307693 0.03686018957345973
0 0.18376068376068377 0.13164691943127962 0.07692307692307693 0.034229857819905195
0 0.3162393162393162 0.13164691943127962 0.07407692307692304 0.02106240126382308
0 0.4472905982905983 0.13164691943127962 0.06267521367521366 0.018432069510268545