0 0.7022307692307692 0.07791074249605055 0.0858632478632479 0.0435821484992101
0 0.8143333333333334 0.0793483412322275 0.0858632478632479 0.04892575039494472
0 0.930888888888889 0.07986176935229068 0.09476068376068367 0.051184834123222736
0 0.07162393162393162 0.08109794628751975 0.07652136752136753 0.038850710900473935
0 0.3207521367521367 0.3092772511848341 0.2437863247863248 0.03145339652448661
3 0.4971452991452992 0.506003159557662 0.9942820512820513 0.11532385466034756
0 0.15503418803418803 0.7538151658767773 0.24779487179487186 0.0604383886255925
0 0.38566666666666666 0.7534913112164296 0.18729059829059833 0.0604383886255925
0 0.6180769230769231 0.7498775671406004 0.1872905982905982 0.0604383886255925
0 0.8398119658119658 0.7503751974723539 0.1872905982905982 0.0604383886255925
0 0.9076239316239317 0.7825315955766192 0.11076923076923069 0.04481437598736169
0 0.9087008547008547 0.8381240126382307 0.11076923076923069 0.04974723538704583
0 0.6548461538461537 0.9233056872037915 0.629042735042735 0.07667851500789875
0 0.10187179487179487 0.923823064770932 0.12634188034188035 0.054269352290679244