0 0.5142478632478633 0.615454186413902 0.7777777777777779 0.05134281200631911
0 0.5042735042735043 0.4120576619273301 0.25070940170940165 0.14218009478672985
0 0.15241880341880343 0.1428396524486572 0.2877521367521368 0.04344391785150079
0 0.3703675213675214 0.14941943127962085 0.13105128205128208 0.05660742496050555
0 0.5626752136752137 0.13691548183254346 0.2535641025641026 0.05265797788309638
0 0.698008547008547 0.14218009478672985 0.10826495726495733 0.04739336492890995
0 0.861820512820513 0.1382306477093207 0.17378632478632483 0.03949447077409163
0 0.7037008547008547 0.08886255924170616 0.09117094017094024 0.03817930489731437
0 0.8091196581196581 0.08886255924170616 0.0968632478632478 0.04080963665086888
0 0.9230769230769231 0.09149684044233806 0.10826495726495733 0.04080963665086887
0 0.5014273504273504 0.7767259083728278 0.08547008547008547 0.04475908372827801
0 0.11538461538461539 0.9287796208530806 0.12250427350427354 0.06450631911532383
0 0.32335897435897437 0.9261453396524486 0.13959829059829063 0.06450631911532383
0 0.4886068376068376 0.9281200631911533 0.1452991452991453 0.0631911532385466
0 0.6994273504273505 0.9274605055292259 0.09971794871794878 0.06714060031595577
0 0.9116837606837608 0.926804897314376 0.16523931623931618 0.0631911532385466
3 0.5042735042735043 0.46471958925750395 0.8262136752136753 0.5318601895734597