0 0.052709401709401714 0.08096366508688783 0.04843589743589743 0.03028041074249606
0 0.08831623931623932 0.12572274881516587 0.07976923076923079 0.014482622432859384
0 0.7037008547008547 0.08162322274881516 0.07407692307692314 0.03422985781990522
0 0.8319059829059829 0.08227883096366509 0.06267521367521361 0.035545023696682464
0 0.9344700854700854 0.08030410742496051 0.07407692307692314 0.023696682464454975
0 0.9259230769230768 0.12704186413902055 0.05128205128205128 0.01711295418641392
0 0.13675213675213677 0.186283570300158 0.18233333333333338 0.02764612954186414
0 0.8233589743589743 0.3620339652448657 0.27920512820512816 0.04739336492890995
0 0.4501452991452991 0.3877053712480253 0.039888888888888904 0.011848341232227487
0 0.4088290598290598 0.45879541864139023 0.0484358974358974 0.011848341232227487
1 0.7977179487179487 0.4594510268562401 0.24501709401709398 0.021062401263823038
0 0.9415982905982907 0.5713546603475513 0.07692307692307693 0.021062401263823038
0 0.5840427350427351 0.6305963665086888 0.26780341880341874 0.028961295418641363
0 0.33617948717948715 0.7128751974723538 0.24501709401709398 0.019747235387045814
0 0.6538461538461539 0.9221958925750395 0.6068376068376068 0.06187598736176938
0 0.9102564102564102 0.780675355450237 0.07692307692307693 0.0315955766192733
0 0.9017094017094017 0.8300434439178516 0.05982905982905983 0.03028041074249608
0 0.28205128205128205 0.9182464454976303 0.06267521367521371 0.035545023696682464