0 0.10256410256410256 0.2211690363349131 0.11965811965811966 0.03949447077409163
0 0.2606837606837607 0.22445892575039497 0.16809401709401706 0.035545023696682464
0 0.45726495726495725 0.223803317535545 0.1794871794871795 0.028961295418641363
0 0.6239316239316239 0.2303830963665087 0.10826495726495733 0.028961295418641363
0 0.8205128205128205 0.22182859399684043 0.19942735042735035 0.035545023696682464
0 0.12963247863247862 0.2738270142180095 0.1623931623931624 0.03422985781990524
0 0.33617948717948715 0.2771208530805687 0.1766410256410256 0.035545023696682464
0 0.10968376068376069 0.40350315955766186 0.1339059829059829 0.03817930489731436
0 0.2678034188034188 0.403503159557662 0.0968632478632479 0.03291074249605057
0 0.42164957264957265 0.4041587677725119 0.12535897435897433 0.03686018957345973
0 0.5769230769230769 0.40547788309636656 0.1282051282051282 0.03422985781990524
0 0.10683760683760683 0.533175355450237 0.11681196581196578 0.0315955766192733
0 0.25498290598290596 0.5318601895734597 0.11681196581196578 0.0315955766192733
0 0.40028205128205124 0.5292259083728278 0.11681196581196578 0.036860189573459684
0 0.5584017094017094 0.533175355450237 0.11965811965811966 0.042128751974723565
0 0.7151025641025641 0.5318601895734597 0.13675213675213677 0.036860189573459684
0 0.13247863247863248 0.5838586097946287 0.16809401709401706 0.035545023696682464
0 0.3433076923076923 0.5825434439178515 0.17378632478632483 0.03817930489731441
0 0.5341880341880342 0.5838586097946287 0.15100000000000005 0.035545023696682464
0 0.7108290598290598 0.5838586097946287 0.15100000000000005 0.04080963665086885
0 0.1339059829059829 0.6378357030015798 0.18233333333333332 0.03817930489731441
0 0.30911965811965814 0.6378357030015798 0.10541025641025645 0.035545023696682464
0 0.4558376068376069 0.6384952606635071 0.12535897435897436 0.03422985781990524
0 0.6737863247863248 0.634545813586098 0.23076923076923078 0.03949447077409163
0 0.8746410256410255 0.6384952606635071 0.10826495726495723 0.042128751974723565
0 0.14814529914529917 0.6852290679304898 0.2165213675213675 0.04344391785150079
0 0.3433076923076923 0.6872037914691943 0.12250427350427354 0.042128751974723565
0 0.48717948717948717 0.6924684044233806 0.10826495726495727 0.03422985781990524
0 0.2606837606837607 0.1428396524486572 0.44159829059829064 0.03817930489731436
0 0.7250683760683762 0.1382306477093207 0.45869230769230757 0.05265797788309638
0 0.0811965811965812 0.08096366508688783 0.042735042735042736 0.019747235387045814
0 0.21937606837606838 0.7629028436018958 0.36467521367521366 0.014482622432859428
0 0.8888888888888888 0.8530805687203792 0.1424529914529915 0.01579778830963665
0 0.25356410256410256 0.9274605055292259 0.4501452991452991 0.05397709320695106
0 0.7364700854700854 0.9294352290679304 0.45869230769230757 0.05529225908372828
1 0.3333333333333333 0.8451816745655608 0.5925897435897435 0.0315955766192733