3 0.4971538461538462 0.7905489731437599 0.9373247863247864 0.1829897314375987
0 0.5 0.5502883096366509 0.8347606837606838 0.06055687203791466
0 0.8048461538461538 0.08622827804107426 0.09401709401709402 0.03554502369668248
0 0.905982905982906 0.08622827804107426 0.08547008547008547 0.03817930489731438
0 0.8062649572649572 0.6444194312796209 0.25641025641025633 0.05924170616113744
0 0.5128205128205128 0.64836887835703 0.27350427350427353 0.0566074249605055
0 0.20797435897435898 0.6516587677725119 0.2678034188034188 0.06582543443917854
0 0.08262393162393163 0.9353593996840442 0.14245299145299145 0.05397709320695106
0 0.2962991452991453 0.9406279620853081 0.10256410256410256 0.05924170616113744
4 0.5071196581196582 0.9221958925750395 0.14814529914529914 0.05397709320695106
0 0.6923076923076923 0.9294352290679304 0.1139572649572649 0.06582543443917854
0 0.8846153846153846 0.9287796208530806 0.1111111111111111 0.05924170616113744
0 0.9131025641025641 0.7227488151658767 0.08262393162393168 0.0315955766192733