0 0.0811965811965812 0.1362559241706161 0.08262393162393164 0.02764612954186414
0 0.1762820512820513 0.13460900473933649 0.0625128205128205 0.017330173775671403
0 0.26942735042735044 0.1334518167456556 0.05876068376068376 0.016176935229067945
0 0.3788205128205128 0.13460900473933649 0.0875128205128205 0.016176935229067945
0 0.4882222222222222 0.13432069510268563 0.06626495726495724 0.016753554502369653
0 0.6113675213675214 0.13460900473933649 0.12752136752136756 0.016176935229067945
0 0.7637606837606837 0.13540284360189572 0.12209401709401702 0.016299368088467606
0 0.8872136752136752 0.13571484992101104 0.05969230769230772 0.015671406003159537
0 0.13294871794871796 0.2031042654028436 0.17906837606837606 0.03761058451816746
0 0.32761538461538464 0.20247630331753552 0.175 0.03886650868878358
0 0.5406068376068376 0.20278830963665087 0.21570085470085465 0.03949052132701422
0 0.7712222222222223 0.20247630331753552 0.2048461538461539 0.04137440758293839
0 0.923837606837607 0.20216429699842023 0.07325641025641029 0.03949052132701422
0 0.09835042735042734 0.928696682464455 0.07461538461538463 0.050774091627172356
0 0.29641880341880344 0.9318325434439179 0.08004273504273503 0.04952211690363362
0 0.5005811965811965 0.9302646129541864 0.11123931623931632 0.04889415481832551
0 0.7 0.9312045813586097 0.07325641025641029 0.04701421800947866
0 0.9007777777777779 0.9280687203791469 0.13837606837606845 0.050774091627172356