0 0.07122222222222221 0.08754739336492891 0.06837606837606838 0.03291074249605055
0 0.9287777777777778 0.08820300157977885 0.10256410256410256 0.03159557661927331
0 0.8076923076923077 0.08688783570300158 0.07692307692307693 0.026330963665086894
0 0.11395726495726496 0.1408649289099526 0.08547008547008547 0.0315955766192733
0 0.2777777777777778 0.14744470774091625 0.19658119658119658 0.04212875197472352
0 0.46296581196581194 0.14218009478672985 0.15100000000000002 0.034229857819905195
0 0.6566923076923077 0.1408649289099526 0.13959829059829054 0.04212875197472352
0 0.8148119658119658 0.1382306477093207 0.0797692307692307 0.034229857819905195
0 0.9542735042735043 0.14277251184834122 0.09145299145299145 0.03830963665086888
0 0.08831623931623932 0.1941824644549763 0.09117094017094016 0.04870853080568722
0 0.25498290598290596 0.19549763033175355 0.19658119658119658 0.04344391785150079
0 0.5170940170940171 0.19483807266982622 0.2934444444444444 0.044759083728278054
0 0.7621111111111111 0.19615718799368093 0.20228205128205134 0.04739336492890998
0 0.9329059829059829 0.19648499210110584 0.13418803418803418 0.0485781990521327
0 0.7378888888888889 0.24420616113744079 0.08547008547008547 0.02764612954186414
0 0.8190854700854702 0.424565560821485 0.3105384615384616 0.03291074249605053
0 0.943017094017094 0.7977883096366508 0.0797692307692307 0.03949447077409163
0 0.9045555555555554 0.9169312796208531 0.10541025641025635 0.05397709320695106
0 0.4971538461538461 0.9129818325434439 0.36182051282051275 0.04344391785150079
0 0.9358974358974359 0.9735387045813586 0.09401709401709402 0.022381516587677754
3 0.5 0.3626895734597157 1 0.19088862559241707