3 0.5057008547008547 0.6937875197472354 0.7207948717948719 0.48973143759873616
0 0.5042735042735043 0.8780924170616113 0.5868974358974359 0.06055687203791466
0 0.9202307692307693 0.48644154818325436 0.05128205128205128 0.03291074249605053
0 0.13532478632478637 0.19220774091627174 0.17948717948717952 0.03949447077409165
0 0.2848974358974359 0.19418246445497633 0.09117094017094013 0.035545023696682485
0 0.45726495726495725 0.1948380726698262 0.1452991452991453 0.03949447077409161
0 0.6096837606837607 0.19615718799368093 0.131051282051282 0.03949447077409165
0 0.7848974358974359 0.1928633491311216 0.12250427350427344 0.03554502369668244
0 0.9454444444444445 0.19352290679304898 0.10741025641025648 0.028961295418641383
0 0.943017094017094 0.08688783570300158 0.0968632478632478 0.03949447077409163
0 0.8319059829059829 0.08557266982622433 0.08547008547008547 0.03686018957345971
0 0.8931623931623932 0.13494075829383886 0.07692307692307693 0.030280410742496034
2 0.4971538461538462 0.13757109004739335 0.9202307692307693 0.04870853080568722
0 0.08547008547008547 0.9353593996840442 0.08547008547008547 0.06450631911532383
0 0.9397435897435897 0.926804897314376 0.1188034188034188 0.06845576619273298