0 0.09686324786324786 0.1382306477093207 0.14245299145299145 0.03949447077409163
0 0.27635042735042736 0.14152053712480253 0.14814529914529917 0.0408096366508689
0 0.43732478632478633 0.1428396524486572 0.09971794871794869 0.03817930489731436
0 0.5669487179487179 0.13954581358609794 0.0968632478632478 0.04212875197472352
0 0.7207948717948718 0.13889020537124802 0.11965811965811966 0.03817930489731436
0 0.8960085470085469 0.13757109004739335 0.13390598290598296 0.03291074249605057
0 0.7977179487179488 0.07898894154818326 0.0797692307692307 0.03949447077409163
0 0.9245042735042736 0.077673775671406 0.09401709401709402 0.03686018957345971
0 0.0754957264957265 0.08030410742496051 0.07122222222222223 0.028961295418641383
0 0.6923076923076923 0.1961571879936809 0.23361538461538456 0.03686018957345973
0 0.9074102564102565 0.1968127962085308 0.15100000000000005 0.03554502369668244
0 0.09686324786324786 0.9347037914691944 0.10826495726495726 0.06055687203791466
0 0.29344444444444445 0.9353593996840442 0.12535897435897433 0.07240521327014215
0 0.5113931623931625 0.9347037914691944 0.09401709401709402 0.05792654028436022
0 0.698008547008547 0.9248301737756714 0.08547008547008547 0.0566074249605055
0 0.8960085470085469 0.9373341232227488 0.09971794871794878 0.06055687203791466
0 0.9002820512820512 0.8471563981042654 0.08547008547008547 0.03028041074249608