1 0.5014273504273505 0.2915995260663507 0.9002820512820512 0.0750394944707741
1 0.5028461538461538 0.3758570300157978 0.9259230769230768 0.04344391785150079
1 0.5185213675213676 0.4298301737756714 0.905982905982906 0.04870853080568718
1 0.5113931623931623 0.48709715639810425 0.9544188034188035 0.05265797788309634
1 0.5170940170940171 0.5390995260663507 0.8860427350427351 0.04607819905213273
1 0.5113931623931623 0.5937322274881516 0.8974358974358975 0.04475908372827801
1 0.4643846153846154 0.6404699842022117 0.8148119658119659 0.03291074249605053
1 0.5427350427350427 0.6858886255924171 0.8290598290598291 0.042128751974723565
1 0.5512820512820513 0.7201145339652448 0.8176666666666668 0.026330963665086915
0 0.08974358974358974 0.09610189573459717 0.05412820512820511 0.042128751974723544
0 0.5057008547008548 0.9070576619273302 0.943017094017094 0.06845576619273298