0 0.12963247863247862 0.2211690363349131 0.15100000000000002 0.036860189573459684
0 0.30911965811965814 0.22511848341232227 0.16809401709401706 0.042128751974723565
0 0.5 0.2257780410742496 0.1794871794871795 0.0487085308056872
0 0.688034188034188 0.2211690363349131 0.15669230769230763 0.042128751974723544
0 0.8561282051282052 0.22511848341232227 0.16239316239316248 0.03949447077409163
0 0.13105128205128205 0.2790955766192733 0.15384615384615385 0.042128751974723565
0 0.1267777777777778 0.4225908372827804 0.19088034188034186 0.11058451816745656
0 0.31908547008547006 0.4179818325434439 0.18233333333333338 0.10926935229067933
0 0.24786324786324787 0.6299368088467614 0.47863247863247865 0.04607819905213273
0 0.24643589743589742 0.6970774091627172 0.47578632478632477 0.05924170616113744
0 0.7464358974358974 0.6951026856240127 0.49002564102564117 0.05002764612954189
0 0.17094017094017094 0.5469984202211691 0.2792051282051283 0.035545023696682464
0 0.509974358974359 0.7754067930489731 0.9572649572649573 0.08952211690363351
0 0.8518547008547007 0.8748025276461295 0.09117094017094013 0.04344391785150079
0 0.1339059829059829 0.8748025276461295 0.06267521367521366 0.035545023696682464
0 0.05982905982905983 0.9320695102685624 0.06267521367521366 0.04475908372827801
0 0.2977179487179487 0.9419431279620853 0.09971794871794869 0.04344391785150079
0 0.49002564102564106 0.9379936808846762 0.08547008547008547 0.04607819905213273
0 0.7151025641025641 0.9373341232227488 0.10256410256410256 0.04739336492890995
0 0.9116837606837608 0.9399684044233807 0.12535897435897442 0.04739336492890995