0 0.5738522954091816 0.01984126984126984 0.09425149700598807 0.03968253968253968
0 0.6936127744510978 0.01543650793650794 0.08316367265469055 0.030859788359788358
0 0.8111576846307385 0.014695767195767194 0.07429141716566871 0.02939153439153439
0 0.9092914171656686 0.010291005291005292 0.05766467065868261 0.020582010582010583
0 0.9658483033932136 0.14843915343915343 0.03548902195608777 0.0352777777777778
0 0.18906187624750498 0.013227513227513227 0.038812375249500985 0.02351851851851852
0 0.155249500998004 0.01543650793650794 0.03104790419161678 0.030859788359788358
0 0.9287025948103792 0.5739285714285715 0.032155688622754516 0.05144179894179892
0 0.9298103792415169 0.6540211640211641 0.038812375249501097 0.04703703703703711
0 0.9303592814371258 0.7407407407407407 0.05100798403193603 0.05584656084656088
0 0.9309181636726547 0.8311243386243387 0.04768463073852293 0.06320105820105816
0 0.9353493013972056 0.9163756613756613 0.0499001996007984 0.05144179894179907