0 0.0529287226534933 0.11183465458663647 0.035285815102328866 0.039637599093997736
0 0.10012702893436838 0.11041902604756512 0.06439661256175018 0.03680634201585504
0 0.147318278052223 0.11113250283125707 0.03352152434721242 0.026896942242355604
0 0.18172194777699366 0.11041902604756512 0.03705010585744531 0.022650056625141562
0 0.24127028934368383 0.10830124575311438 0.06086803105151729 0.026896942242355604
0 0.29772759350741 0.10830124575311438 0.0326393789696542 0.032559456398640996
0 0.3405081157374735 0.10971687429218573 0.045871559633027525 0.029728199320498302
0 0.8142201834862385 0.11183465458663647 0.02646436132674665 0.014156285390713477
0 0.852152434721242 0.11396375990939976 0.028228652081863093 0.01840317100792752
0 0.8852364149611857 0.10900339750849378 0.023817925194071984 0.02548131370328426
0 0.9214043754410728 0.10900339750849378 0.030875088214537758 0.028312570781426953
0 0.9522794636556106 0.10830124575311438 0.020289343683839098 0.02406568516421291
0 0.9844742413549753 0.11041902604756512 0.022935779816513763 0.019818799546998868
0 0.9068454481298518 0.037519818799547 0.014114326040931546 0.021234428086070217
0 0.9328722653493297 0.04105322763306908 0.013232180663373325 0.022650056625141562
0 0.9606563161609033 0.03893544733861835 0.012350035285815103 0.02406568516421291
0 0.9897671136203247 0.04020385050962627 0.020465772759350742 0.02378255945639864
0 0.9862385321100917 0.2272140430351076 0.02117148906139732 0.03539071347678369
0 0.9518348623853211 0.4784824462061155 0.0776287932251235 0.019818799546998868
0 0.9509527170077628 0.5782899207248018 0.06704304869442484 0.01840317100792752
0 0.963302752293578 0.6115515288788222 0.04234297812279464 0.01698754246885617
0 0.9747706422018348 0.6412797281993206 0.028228652081863093 0.014156285390713477
0 0.7555610444601271 0.9513023782559457 0.06086803105151729 0.028312570781426953
2 0.17907551164431898 0.03893544733861835 0.20642201834862386 0.04388448471121178