0 0.05026390197926484 0.0822766217870257 0.033515551366635254 0.03671970624235006
0 0.10262959472196041 0.0822766217870257 0.050263901979264856 0.03128518971848226
0 0.14451460885956646 0.08024479804161568 0.02722902921771912 0.02447980416156671
0 0.18640904806786052 0.08363525091799265 0.02303487276154571 0.01767441860465116
0 0.2361545711592837 0.08636474908200735 0.0555042412818096 0.01767441860465116
0 0.2942695570216777 0.08567931456548347 0.03560791705937792 0.021762545899632803
0 0.33459000942507067 0.08091799265605876 0.030367577756833204 0.012239902080783354
0 0.8126484448633365 0.08432068543451653 0.027229029217719226 0.021762545899632803
0 0.8529688972667295 0.08499388004895961 0.024090480678605038 0.014957160342717256
0 0.8875306314797361 0.08908200734394126 0.02827521206409048 0.00952264381884945
0 0.9210367577756834 0.08839657282741738 0.02827521206409048 0.0190452876376989
0 0.9503581526861452 0.08703794369645043 0.015711592836946345 0.016315789473684224
0 0.985966069745523 0.08839657282741738 0.017803958529688853 0.016315789473684224
0 0.9016682375117813 0.030599755201958383 0.027229029217719226 0.01767441860465116
0 0.9315080113100849 0.03128518971848226 0.01780395852968907 0.021762545899632807
0 0.9592648444863336 0.03128518971848226 0.014665409990574878 0.016315789473684214
0 0.9817813383600378 0.03195838433292533 0.021988689915174296 0.025838433292533658
0 0.9915174363807728 0.18053855569155447 0.016965127238454288 0.025703794369645042
0 0.9655419415645617 0.4154712362301102 0.041885014137606084 0.014957160342717291
0 0.9671159283694627 0.4453977968176254 0.01780395852968896 0.014957160342717291
0 0.9482657869934026 0.3848714810281518 0.06179076343072579 0.01631578947368426
0 0.890612629594722 0.7139902080783355 0.21876531573986818 0.12511627906976747
0 0.04607917059377945 0.8581517747858017 0.07540056550424128 0.07615667074663406
0 0.13142318567389255 0.8622276621787026 0.08273327049952874 0.07072215422276619
0 0.21782280867106504 0.8567931456548348 0.0795852968897267 0.0625581395348836
0 0.3016022620169651 0.854749082007344 0.0691140433553252 0.06663402692778464
0 0.1654665409990575 0.9689963280293757 0.3099811498586239 0.04488372093023265
0 0.4916776625824693 0.9676376988984088 0.3089349670122526 0.039436964504284
0 0.7419604147031102 0.9451897184822522 0.051310084825636246 0.029914320685434582
1 0.8524410933081998 0.8615544675642595 0.27437323279924614 0.03128518971848219
3 0.17436380772855797 0.02788249694002448 0.20630537229029217 0.03671970624235006