0 0.059276995305164316 0.08750588235294117 0.031690140845070415 0.030882352941176472
0 0.10739906103286384 0.08750588235294117 0.05985915492957746 0.03676470588235294
0 0.15375586854460094 0.08456470588235293 0.023474178403755867 0.022058823529411766
0 0.18779342723004694 0.08676470588235294 0.025821596244131457 0.020588235294117647
0 0.2423755868544601 0.08750588235294117 0.07394366197183098 0.039705882352941174
0 0.29694835680751175 0.08456470588235293 0.025821596244131457 0.025
0 0.3438967136150235 0.08603529411764706 0.051643192488262914 0.027941176470588237
0 0.8169014084507042 0.09044705882352941 0.03990610328638498 0.030882352941176472
0 0.8509389671361502 0.08970588235294118 0.03286384976525822 0.020588235294117647
0 0.8855680751173709 0.08603529411764706 0.036384976525821594 0.027941176470588237
0 0.9178403755868545 0.08529411764705883 0.023474178403755867 0.014705882352941176
0 0.9489483568075118 0.0838235294117647 0.01995305164319249 0.014705882352941176
0 0.9776995305164319 0.08603529411764706 0.03286384976525822 0.01911764705882353
0 0.903755868544601 0.037505882352941174 0.025821596244131457 0.033823529411764704
0 0.9325164319248826 0.030152941176470584 0.02464788732394366 0.030882352941176465
0 0.9618591549295775 0.025 0.029342723004694836 0.03235294117647059
0 0.9913145539906103 0.028682352941176464 0.015492957746478873 0.024999999999999994
0 0.9653802816901409 0.4022117647058823 0.04342723004694836 0.010294117647058823
0 0.9706572769953051 0.42574117647058823 0.028169014084507043 0.013235294117647059
0 0.9860375586854461 0.16911764705882354 0.026056338028169014 0.029411764705882353
0 0.8210140845070423 0.2580941176470588 0.012910798122065728 0.01911764705882353
0 0.7852112676056338 0.6955882352941176 0.014084507042253521 0.011764705882352941
0 0.7435492957746479 0.6933882352941176 0.017605633802816902 0.022058823529411766
0 0.7593896713615024 0.7948588235294117 0.08685446009389672 0.04264705882352941
0 0.7365070422535211 0.9705882352941176 0.036384976525821594 0.04411764705882353
0 0.8779342723004695 0.9676470588235294 0.24178403755868544 0.052941176470588235
0 0.17253521126760563 0.9367647058823529 0.32629107981220656 0.058823529411764705
0 0.5005915492957747 0.9360352941176471 0.32511737089201875 0.057352941176470586
1 0.021718309859154926 0.08456470588235293 0.04107981220657277 0.03676470588235294
2 0.18016901408450703 0.029411764705882353 0.21244131455399062 0.03529411764705882