2 0.17851198871650212 0.031893424036281176 0.21244710860366714 0.03826530612244898
0 0.057743300423131166 0.10204081632653061 0.018511988716502115 0.034013605442176874
0 0.09873060648801128 0.10629251700680271 0.06346967559943582 0.025510204081632654
0 0.14809590973201692 0.10487528344671201 0.028208744710860368 0.01984126984126984
0 0.18203808180535966 0.10770975056689343 0.023801128349788436 0.022675736961451247
0 0.23404795486600846 0.10487528344671201 0.06964033850493653 0.022675736961451247
0 0.29707334273624825 0.10558956916099772 0.029971791255289138 0.021258503401360544
0 0.34114950634696756 0.10629251700680271 0.04231311706629055 0.025510204081632654
0 0.81188293370945 0.10487528344671201 0.026445698166431594 0.01984126984126984
0 0.851114245416079 0.10345804988662131 0.030853314527503527 0.02834467120181406
0 0.8899012693935121 0.10487528344671201 0.023801128349788436 0.01984126984126984
0 0.9176657263751763 0.10700680272108844 0.021156558533145273 0.015589569160997732
0 0.9542524682651623 0.10417233560090702 0.016748942172073344 0.018424036281179137
0 0.9824612129760226 0.10062358276643991 0.016748942172073344 0.022675736961451247
0 0.9062059238363893 0.03614512471655328 0.019393511988716503 0.02125850340136054
0 0.9313328631875882 0.034013605442176874 0.009696755994358252 0.025510204081632654
0 0.9599788434414669 0.038979591836734696 0.021156558533145273 0.02976190476190476
0 0.986953455571227 0.036848072562358274 0.02609308885754584 0.032879818594104306
0 0.987750352609309 0.21825396825396826 0.009696755994358252 0.022675736961451247
0 0.8026304654442878 0.45776643990929705 0.053772919605077574 0.036848072562358274
0 0.9507263751763048 0.4258843537414966 0.05729901269393512 0.021258503401360544
0 0.9635049365303244 0.4875283446712018 0.04055007052186178 0.017006802721088437
0 0.9714386459802539 0.5208390022675737 0.019393511988716503 0.012755102040816327