0 0.05582278481012658 0.11540137614678898 0.023734177215189875 0.03870412844036697
0 0.10241209563994373 0.11467889908256881 0.053621659634317864 0.03727064220183486
0 0.15251758087201125 0.11683486238532109 0.02549226441631505 0.030103211009174312
0 0.18855836849507734 0.11683486238532109 0.034282700421940926 0.01576834862385321
0 0.23778481012658229 0.11324541284403669 0.06065400843881857 0.03153669724770642
0 0.290084388185654 0.11467889908256881 0.02988748241912799 0.03153669724770642
0 0.33843178621659636 0.11253440366972477 0.02988748241912799 0.02436926605504587
0 0.8082841068917019 0.11540137614678898 0.0290084388185654 0.01576834862385321
0 0.8473980309423348 0.11467889908256881 0.026371308016877638 0.014334862385321102
0 0.8812447257383967 0.11324541284403669 0.023734177215189875 0.017201834862385322
0 0.9159634317862166 0.11683486238532109 0.02812939521800281 0.01576834862385321
0 0.944971870604782 0.11181192660550458 0.019338959212376935 0.025802752293577983
0 0.9783755274261603 0.11540137614678898 0.026371308016877638 0.02150229357798165
0 0.9005836849507737 0.0430045871559633 0.020218002812939524 0.03153669724770642
0 0.9282700421940928 0.0451605504587156 0.01230661040787623 0.030103211009174312
0 0.9559634317862167 0.0451605504587156 0.020218002812939524 0.02436926605504587
0 0.9871659634317862 0.0430045871559633 0.015822784810126583 0.028669724770642203
0 0.8016877637130801 0.47161697247706424 0.04571026722925457 0.03153669724770642
0 0.9880450070323488 0.23079128440366972 0.017580872011251757 0.028669724770642203
0 0.7304852320675106 0.9281880733944954 0.04043600562587905 0.053038990825688075
0 0.8961884669479607 0.9346330275229358 0.05186357243319269 0.03727064220183486
0 0.9687060478199718 0.9367889908256881 0.04571026722925457 0.030103211009174312
1 0.8522362869198313 0.8192431192660551 0.28568917018284107 0.06163990825688073
2 0.17888888888888888 0.0430045871559633 0.21360759493670886 0.04873853211009174
0 0.9586005625879045 0.5038761467889908 0.0360407876230661 0.01863532110091743
0 0.9660689170182841 0.5368463302752293 0.02461322081575246 0.01576834862385321