0 0.027972602739726023 0.09303721488595439 0.033105022831050226 0.033013205282112844
0 0.0587945205479452 0.09229291716686674 0.028538812785388126 0.03451380552220888
0 0.23972602739726026 0.036770708283313316 0.0410958904109589 0.02551020408163265
2 0.8778538812785388 0.04201680672268908 0.21689497716894976 0.039015606242496996
0 0.17579908675799086 0.9558823529411765 0.317351598173516 0.045018007202881155
0 0.4903013698630137 0.9581392557022809 0.3162100456621005 0.052521008403361345
0 0.7460091324200914 0.9791476590636254 0.08333333333333333 0.02851140456182473
0 0.726027397260274 0.8726050420168067 0.0136986301369863 0.025510204081632654
0 0.771689497716895 0.8741056422569028 0.01598173515981735 0.025510204081632654
0 0.8099360730593608 0.6760264105642256 0.014840182648401826 0.016506602641056422
0 0.775689497716895 0.5919927971188476 0.03767123287671233 0.0585234093637455
0 0.775689497716895 0.5034573829531813 0.04680365296803653 0.07953181272509004
0 0.791095890410959 0.36990396158463384 0.06164383561643835 0.031512605042016806
0 0.9788858447488585 0.1883313325330132 0.023972602739726026 0.040516206482593034
0 0.9429223744292238 0.39615846338535415 0.045662100456621 0.00900360144057623
0 0.95662100456621 0.42242496998799517 0.0182648401826484 0.013505402160864346
0 0.9360730593607306 0.34289315726290515 0.05707762557077625 0.013505402160864346