0 0.04301305970149254 0.8572783251231527 0.0777332089552239 0.06704433497536953
0 0.12541044776119403 0.8545443349753694 0.07669776119402986 0.07525862068965505
0 0.16843283582089552 0.9749630541871921 0.31612873134328356 0.04789408866995086
0 0.4861100746268657 0.9768719211822661 0.294365671641791 0.046256157635467914
0 0.7281343283582089 0.9599014778325123 0.0238432835820895 0.02326354679802968
0 0.8986287313432836 0.9667487684729064 0.05389925373134326 0.02326354679802968
0 0.9613432835820895 0.9688054187192118 0.04457089552238814 0.01916256157635461
0 0.7535261194029851 0.7895443349753695 0.08914179104477607 0.032844827586206986
0 0.7530037313432836 0.6746059113300492 0.06944029850746274 0.0218965517241379
0 0.9577145522388061 0.3735591133004926 0.04145522388059707 0.013682266009852234
0 0.9691138059701494 0.39955665024630543 0.02694962686567152 0.013682266009852234
0 0.9452705223880598 0.34619458128078817 0.058041044776119426 0.01641625615763552
0 0.9862126865671642 0.18541871921182265 0.019692164179104597 0.02326354679802954
0 0.8032742537313433 0.08826354679802956 0.031091417910447693 0.015049261083743841
0 0.8431809701492538 0.08483990147783252 0.030055970149253756 0.021896551724137934
0 0.8846361940298508 0.08757389162561577 0.02176305970149247 0.021896551724137934
0 0.914179104477612 0.08415024630541872 0.020727611940298533 0.01778325123152709
0 0.9416417910447762 0.0834729064039409 0.015550373134328426 0.016416256157635475
0 0.9784421641791046 0.08620689655172414 0.02487873134328365 0.013682266009852234
0 0.9012220149253731 0.028731527093596058 0.019692164179104386 0.021896551724137934
0 0.9235074626865671 0.026687192118226604 0.016585820895522362 0.02326354679802956
0 0.9494216417910447 0.031477832512315264 0.02487873134328365 0.019162561576354677
0 0.977919776119403 0.02805418719211823 0.032126865671641844 0.028731527093596058
0 0.059598880597014924 0.0834729064039409 0.017621268656716427 0.024630541871921183
0 0.10675373134328359 0.08757389162561577 0.06219216417910449 0.03284482758620689
0 0.15132462686567164 0.08483990147783252 0.022798507462686565 0.024630541871921183
0 0.18242537313432836 0.08073891625615764 0.02694962686567163 0.024630541871921183
0 0.23943097014925374 0.08415024630541872 0.0704850746268657 0.025997536945812798
0 0.29436567164179106 0.08141625615763547 0.03524253731343281 0.023263546798029566
0 0.3373787313432836 0.08210591133004927 0.03627798507462685 0.03284482758620689
2 0.17879664179104476 0.02805418719211823 0.21041044776119402 0.039679802955665026