0 0.061960966542750934 0.08567931456548347 0.022713754646840147 0.0353610771113831
0 0.10687732342007435 0.09384332925336597 0.06299256505576208 0.04352509179926561
0 0.1554089219330855 0.08975520195838434 0.027881040892193308 0.0326438188494492
0 0.18896840148698885 0.09111383108935128 0.024786245353159868 0.0353610771113831
0 0.24060408921933085 0.0877233782129743 0.07228624535315982 0.03671970624235006
0 0.29946096654275095 0.08839657282741738 0.04543680297397768 0.02719706242350061
0 0.34180297397769516 0.08703794369645043 0.04130111524163574 0.0326438188494492
0 0.8095817843866171 0.09111383108935128 0.0309758364312267 0.021762545899632803
0 0.8514033457249071 0.08975520195838434 0.040269516728624465 0.021762545899632803
0 0.8854832713754647 0.08703794369645043 0.03614312267658002 0.013598531211750288
0 0.9185223048327138 0.08567931456548347 0.03200743494423797 0.016315789473684218
0 0.945371747211896 0.08839657282741738 0.01549256505576215 0.021762545899632803
0 0.9778996282527881 0.09179926560587515 0.0227137546468402 0.028555691554467553
0 0.9020074349442379 0.03536107711138311 0.027881040892193308 0.04352509179926561
0 0.9262732342007435 0.03195838433292533 0.01858736059479554 0.03128518971848226
0 0.955185873605948 0.030599755201958383 0.01238847583643116 0.03128518971848226
0 0.9758364312267658 0.03467564259485924 0.0309758364312267 0.03943696450428397
0 0.9830669144981412 0.1835985312117503 0.01652416356877342 0.035361077111383095
0 0.7594981412639406 0.7853977968176254 0.09396840148698875 0.03400244798041612
0 0.7357527881040892 0.6765973072215422 0.01755576208178448 0.02040391676866594
0 0.7786059479553903 0.6759118727050184 0.02065055762081787 0.019045287637698832
0 0.8968401486988847 0.966952264381885 0.05473048327137556 0.04352509179926554
0 0.9608643122676581 0.9683108935128519 0.05473048327137545 0.04624235006119948
0 0.49256505576208176 0.9703549571603427 0.3159851301115242 0.04760097919216658
0 0.16986988847583645 0.9723867809057528 0.314953531598513 0.05167686658506735
0 0.05111524163568773 0.8595104039167687 0.07951672862453532 0.08432068543451665
0 0.11926579925650559 0.8608690330477357 0.05473048327137545 0.08432068543451665
2 0.18639405204460965 0.03195838433292533 0.20962825278810412 0.03671970624235006
1 0.029433085501858736 0.0931578947368421 0.027881040892193308 0.034002447980416156
0 0.8674070631970261 0.23936352509179926 0.01446096654275088 0.01631578947368419