0 0.9768391608391609 0.11257309941520467 0.032342657342657344 0.02046783625730994
0 0.9798951048951049 0.23391812865497075 0.017482517482517484 0.03508771929824561
0 0.9794615384615385 0.04313450292397661 0.018356643356643356 0.03070175438596491
0 0.01792307692307692 0.11184795321637427 0.0236013986013986 0.03654970760233918
0 0.9453706293706294 0.11257309941520467 0.0236013986013986 0.02046783625730994
0 0.9541118881118882 0.044596491228070176 0.018356643356643356 0.03070175438596491
0 0.9431818181818182 0.4692982456140351 0.057692307692307696 0.029239766081871343
0 0.9130279720279721 0.11403508771929824 0.032342657342657344 0.02046783625730994
0 0.8763146853146854 0.11257309941520467 0.032342657342657344 0.02046783625730994
0 0.9261398601398603 0.04167251461988304 0.018356643356643356 0.03070175438596491
0 0.8422237762237763 0.11257309941520467 0.032342657342657344 0.02046783625730994
0 0.1853146853146853 0.10964912280701754 0.033216783216783216 0.03216374269005848
0 0.8981678321678322 0.040210526315789474 0.018356643356643356 0.03070175438596491
0 0.1486013986013986 0.1111111111111111 0.027972027972027972 0.03216374269005848
0 0.2355804195804196 0.11257309941520467 0.062062937062937064 0.029239766081871343
0 0.8037622377622379 0.11403508771929824 0.032342657342657344 0.02046783625730994
0 0.34265734265734266 0.1111111111111111 0.04895104895104895 0.03216374269005848
0 0.2945804195804196 0.10964912280701754 0.033216783216783216 0.03216374269005848
0 0.09921678321678322 0.11330994152046783 0.056818181818181816 0.021929824561403508
0 0.057692307692307696 0.11257309941520467 0.015734265734265736 0.023391812865497075