0 0.05535607420706164 0.11120495495495496 0.016457211250748054 0.028153153153153154
0 0.09463195691202872 0.11332207207207207 0.04862357869539198 0.026745495495495496
0 0.1342788749251945 0.11120495495495496 0.020197486535008975 0.02533783783783784
0 0.16644524236983843 0.10698198198198199 0.020197486535008975 0.019707207207207207
0 0.2105804907241173 0.11191441441441441 0.056104129263913824 0.03519144144144144
0 0.2535906642728905 0.11542792792792793 0.023937761819269897 0.030968468468468468
0 0.2999700777977259 0.10346846846846847 0.028426092160383006 0.026745495495495496
0 0.697935368043088 0.11050675675675675 0.03141831238779174 0.021114864864864864
0 0.7289826451226811 0.11191441441441441 0.020197486535008975 0.015484234234234234
0 0.7570317175344106 0.10838963963963964 0.02244165170556553 0.019707207207207207
0 0.7903231597845602 0.11332207207207207 0.014213046080191503 0.02393018018018018
0 0.8176241771394375 0.11120495495495496 0.011968880909634948 0.019707207207207207
0 0.8411909036505087 0.10698198198198199 0.018701376421304608 0.02252252252252252
0 0.7738659485338122 0.035900900900900895 0.01570915619389587 0.026745495495495493
0 0.8022920406941951 0.042939189189189195 0.012716935966487134 0.026745495495495496
0 0.8209934171154998 0.04504504504504504 0.011220825852782765 0.02533783783783784
0 0.8467983243566727 0.039414414414414414 0.013464991023339317 0.028153153153153154
2 0.1574685816876122 0.038716216216216216 0.17878515858767205 0.04926801801801802
0 0.19337522441651706 0.9128716216216216 0.05311190903650509 0.043637387387387386
0 0.2685517654099342 0.9100563063063063 0.06433273488928785 0.03800675675675676
0 0.3478456014362657 0.9121621621621622 0.05834829443447038 0.0365990990990991
0 0.4155475763016158 0.9107545045045045 0.04862357869539198 0.0365990990990991
0 0.48025134649910234 0.9093468468468469 0.05535607420706164 0.0365990990990991
0 0.5371035308198684 0.9149774774774775 0.04039497307001795 0.04504504504504504
0 0.6029323758228605 0.907240990990991 0.05385996409335727 0.04926801801801802
0 0.6728785158587672 0.9079391891891891 0.045631358467983246 0.04786036036036036
0 0.2244165170556553 0.9705855855855856 0.05385996409335727 0.03800675675675676
0 0.3010951526032316 0.9691779279279279 0.06956912028725314 0.03519144144144144
0 0.3762716935966487 0.9698761261261262 0.06283662477558348 0.04222972972972973
0 0.45032914422501497 0.9698761261261262 0.04937163375224417 0.028153153153153154
0 0.5184021543985637 0.9670608108108109 0.04937163375224417 0.033783783783783786
0 0.5797426690604428 0.9684684684684685 0.03590664272890485 0.033783783783783786
0 0.6418312387791741 0.9677702702702703 0.04039497307001795 0.02956081081081081
0 0.7424476361460204 0.9698761261261262 0.045631358467983246 0.014076576576576577
0 0.9649910233393177 0.9670608108108109 0.016457211250748054 0.02533783783783784
3 0.8475463794135248 0.7871621621621622 0.2872531418312388 0.42567567567567566