0 0.8869089236430543 0.03259183673469388 0.022713891444342278 0.050428571428571434
0 0.9132566697332107 0.0343265306122449 0.022713891444342278 0.050428571428571434
0 0.9390432382704692 0.03355102040816327 0.022713891444342278 0.050428571428571434
0 0.9642594296228152 0.03404081632653061 0.022713891444342278 0.050428571428571434
0 0.019586016559337626 0.12848979591836734 0.02207911683532659 0.04775510204081631
0 0.05412143514259429 0.12757142857142856 0.023146274149034037 0.04804081632653062
0 0.10001839926402943 0.12797959183673469 0.0642134314627415 0.04357142857142859
0 0.14908003679852808 0.12783673469387755 0.028601655933762626 0.03614285714285716
0 0.1808095676172953 0.1299591836734694 0.026016559337626522 0.044857142857142866
0 0.2318859245630175 0.12551020408163266 0.061462741490340415 0.038918367346938765
0 0.28901563937442504 0.12506122448979592 0.03894204231830731 0.038000000000000006
0 0.33434222631094757 0.1290408163265306 0.04086476540938359 0.05040816326530613
2 0.17659613615455383 0.03318367346938776 0.21041398344066234 0.05702040816326531
0 0.7947470101195953 0.1226938775510204 0.03230910763569447 0.04728571428571429
0 0.8303863845446182 0.1219795918367347 0.03230910763569447 0.04728571428571429
0 0.8650413983440662 0.12234693877551021 0.03230910763569447 0.04728571428571428
0 0.9006715731370745 0.12491836734693877 0.03230910763569447 0.04728571428571429
0 0.9321251149954002 0.12528571428571428 0.024921803127874915 0.04728571428571428
0 0.9635786568537259 0.1256530612244898 0.03230910763569447 0.04728571428571429
0 0.036715731370745165 0.3242857142857143 0.061030358785648574 0.043204081632653095
0 0.04626494940202392 0.3855918367346939 0.08013799448022078 0.03751020408163264
0 0.024011039558417664 0.44081632653061226 0.03480220791168353 0.04165306122448985
0 0.027368905243790247 0.49224489795918364 0.041517939282428695 0.03273469387755106
0 0.028969641214351423 0.6729183673469388 0.04553817847286108 0.04036734693877545
0 0.021738730450781965 0.726938775510204 0.03521619135234591 0.032918367346938766
0 0.026954921803127876 0.7855918367346939 0.04233670653173873 0.03477551020408156
0 0.04807727690892364 0.8423061224489796 0.08375344986200553 0.04740816326530616
0 0.03898804047838086 0.8996938775510205 0.06474701011959522 0.044897959183673466
0 0.03232750689972401 0.9524081632653061 0.052253909843606255 0.04034693877551017
0 0.5740754369825207 0.46218367346938777 0.8067341306347747 0.07997959183673468
0 0.5722539098436062 0.5752244897959184 0.8079484820607175 0.0859591836734694
0 0.5712879484820608 0.6901428571428572 0.8099080036798527 0.08277551020408175
0 0.19584176632934683 0.794408163265306 0.05313707451701931 0.06040816326530617