0 0.018163074039362695 0.08413461538461539 0.029287722586691656 0.021033653846153848
0 0.05388940955951265 0.0811298076923077 0.03280224929709466 0.02403846153846154
0 0.09079662605435801 0.08338942307692307 0.02225866916588566 0.01953125
0 0.11656982193064667 0.08939903846153846 0.03397375820056232 0.025540865384615384
0 0.15171508903467665 0.08939903846153846 0.05037488284910965 0.016526442307692308
0 0.19037488284910964 0.08939903846153846 0.02928772258669166 0.016526442307692308
0 0.23957825679475164 0.08489182692307692 0.05037488284910965 0.013521634615384616
0 0.045688847235238986 0.8428485576923077 0.07263355201499531 0.06310096153846154
0 0.1429240862230553 0.8390985576923077 0.07731958762886598 0.052584134615384616
0 0.7644142455482662 0.7902644230769231 0.08552014995313964 0.030048076923076924
0 0.7603092783505154 0.68359375 0.06091846298031865 0.021033653846153848
0 0.9067478912839737 0.9728125 0.046860356138706656 0.034555288461538464
0 0.9746954076850984 0.9711538461538461 0.05060918462980318 0.02403846153846154
0 0.7345360824742269 0.9660456730769231 0.01874414245548266 0.01201923076923077
0 0.1733833177132146 0.9555288461538461 0.30927835051546393 0.045072115384615384
0 0.4896907216494845 0.9547836538461538 0.3069353327085286 0.03756009615384615
2 0.8938612933458294 0.038317307692307685 0.20618556701030927 0.03455528846153846