0 0.06307692307692307 0.10392609699769054 0.02734650670430487 0.03175519630484989
0 0.10762173606210304 0.10392609699769054 0.051164431898376855 0.03175519630484989
0 0.1596683133380381 0.10754041570438798 0.03175723359209598 0.03897228637413395
0 0.18966125617501764 0.10754041570438798 0.029992942836979536 0.033198614318706694
0 0.24523641496118562 0.10969976905311778 0.0652787579393084 0.04907621247113164
0 0.30345800988002825 0.11187066974595843 0.05998588567395907 0.03897228637413395
0 0.34095271700776286 0.1104272517321016 0.039696541990119974 0.03608545034642032
0 0.8151023288637967 0.1111431870669746 0.035285815102328866 0.028868360277136258
0 0.855681016231475 0.11475750577367205 0.02646436132674665 0.027424942263279444
0 0.890529287226535 0.10681293302540416 0.03616796047988709 0.03175519630484989
0 0.9549258997882852 0.10536951501154734 0.025582215949188428 0.02020785219399538
0 0.9848270995059986 0.10754041570438798 0.02893436838390967 0.01010392609699769
0 0.9258151023288639 0.10825635103926097 0.0326393789696542 0.023094688221709007
0 0.9046436132674666 0.04041570438799076 0.02205363443895554 0.037528868360277134
0 0.9333098094565985 0.03536951501154734 0.022935779816513763 0.03897228637413395
0 0.9593366266760763 0.03681293302540415 0.014996471418489768 0.03608545034642032
0 0.9892378263937897 0.03175519630484989 0.020112914608327453 0.04041570438799076
0 0.8552434721242061 0.4893187066974596 0.28140437544107266 0.06928406466512702
0 0.9874735356386732 0.22806004618937645 0.02364149611856034 0.037528868360277134
1 0.8539167254763586 0.9360623556581986 0.28405081157374734 0.08804849884526558
0 0.9553634438955539 0.5889145496535797 0.07057163020465773 0.037528868360277134
0 0.9672759350741003 0.6235565819861432 0.04322512350035286 0.02020785219399538
0 0.971242060691602 0.6553117782909931 0.03352152434721242 0.02020785219399538
1 0.020733944954128437 0.11691685912240185 0.0326393789696542 0.04041570438799076
2 0.1834862385321101 0.03897228637413395 0.2205363443895554 0.06062355658198614