0 0.057692307692307696 0.1047646383467279 0.027972027972027972 0.04305396096440873
0 0.10708391608391608 0.10763490241102182 0.05856643356643357 0.04879448909299656
0 0.15646853146853146 0.11266360505166474 0.02972027972027972 0.035878300803673935
0 0.18925174825174826 0.10692307692307691 0.025349650349650348 0.04161882893226177
0 0.24082517482517482 0.11050516647531573 0.0743006993006993 0.045924225028702644
0 0.29632867132867136 0.10619977037887486 0.038461538461538464 0.03444316877152698
0 0.34353146853146854 0.10619977037887486 0.0472027972027972 0.03731343283582089
0 0.8103146853146853 0.10692307692307691 0.038461538461538464 0.027267508610792194
0 0.847027972027972 0.11337543053960965 0.027972027972027972 0.02870264064293915
0 0.8776223776223776 0.10692307692307691 0.02097902097902098 0.027267508610792194
0 0.9130279720279721 0.11050516647531573 0.030594405594405596 0.022962112514351322
0 0.9462447552447554 0.10979334098737083 0.0236013986013986 0.02439724454649828
0 0.9807692307692307 0.11050516647531573 0.027972027972027972 0.020091848450057407
0 0.8994755244755245 0.04161882893226177 0.027972027972027972 0.03444316877152698
0 0.9265734265734266 0.04090700344431688 0.022727272727272728 0.03874856486796785
0 0.95586013986014 0.040183696900114814 0.021853146853146852 0.03157290470723306
0 0.9812097902097903 0.03947187141216992 0.018356643356643356 0.03300803673938002
0 0.9838321678321679 0.22747416762342135 0.021853146853146852 0.03013777267508611
1 0.8492167832167833 0.8087026406429392 0.27534965034965037 0.07606199770378874
0 0.9654755244755245 0.5252583237657864 0.027097902097902096 0.014351320321469576
0 0.954986013986014 0.49225028702640644 0.03583916083916084 0.01722158438576349
0 0.9444965034965036 0.46140068886337543 0.062062937062937064 0.021526980482204364
0 0.8728181818181819 0.9270952927669346 0.23513986013986013 0.06888633754305395
0 0.7320839160839162 0.9292537313432836 0.04283216783216783 0.06458094144661308
1 0.019230769230769232 0.11194029850746269 0.024475524475524476 0.04305396096440873
2 0.1813846153846154 0.03947187141216992 0.21241258741258742 0.0473593570608496