0 0.9793605059732959 0.10934125269978402 0.032501756851721714 0.018898488120950324
0 0.9834012649332398 0.04522678185745141 0.018446943078004218 0.028347732181425486
0 0.9838369641602249 0.22138228941684665 0.017568517217146872 0.032397408207343416
0 0.9469430780042164 0.43871490280777536 0.05797610681658468 0.026997840172786176
0 0.9579269149683768 0.04657667386609072 0.018446943078004218 0.028347732181425486
0 0.9491426563598033 0.10934125269978402 0.02371749824314828 0.018898488120950324
0 0.9298172874209417 0.0438768898488121 0.018446943078004218 0.028347732181425486
0 0.9166408995080816 0.11069114470842333 0.032501756851721714 0.018898488120950324
0 0.9017076598735068 0.04252699784017279 0.018446943078004218 0.028347732181425486
0 0.8797470133520732 0.10934125269978402 0.032501756851721714 0.018898488120950324
0 0.8454884047786367 0.10934125269978402 0.032501756851721714 0.018898488120950324
0 0.8068376669009136 0.11069114470842333 0.032501756851721714 0.018898488120950324
0 0.2951510892480675 0.1066414686825054 0.03338018271257906 0.029697624190064796
0 0.2358608573436402 0.10934125269978402 0.0623682361208714 0.026997840172786176
0 0.34346451159522134 0.1079913606911447 0.049191848208011243 0.029697624190064796
0 0.14845397048489106 0.1079913606911447 0.028109627547434995 0.029697624190064796
0 0.09882642304989459 0.11002159827213823 0.057097680955727335 0.020248380129589634
0 0.1853478566408995 0.1066414686825054 0.03338018271257906 0.029697624190064796
0 0.057097680955727335 0.10934125269978402 0.015811665495432184 0.02159827213822894
0 0.017132817990161628 0.10867170626349891 0.02371749824314828 0.03374730021598272
0 0.8731553056921996 0.9651727861771058 0.05094869992972593 0.0458963282937365
0 0.9504567814476458 0.9577537796976242 0.0825720309205903 0.060745140388768895
1 0.8520730850316234 0.8612311015118791 0.27933942375263526 0.06749460043196544
0 0.9482642304989459 0.5338876889848813 0.06588193956430077 0.031047516198704102
0 0.9614406184118062 0.568304535637149 0.04128601546029515 0.02159827213822894
0 0.96890372452565 0.5953023758099352 0.022839072382290933 0.018898488120950324