0 0.050783582089552234 0.07887392900856793 0.020727611940298506 0.029914320685434512
0 0.09587686567164179 0.07751529987760097 0.04664179104477612 0.035361077111383116
0 0.14718283582089553 0.0877233782129743 0.022798507462686565 0.02855569155446757
0 0.1793097014925373 0.0877233782129743 0.024878731343283597 0.023121175030599763
0 0.23373134328358208 0.0877233782129743 0.07359141791044775 0.020403916768665844
0 0.2871082089552239 0.0822766217870257 0.03731343283582089 0.02583843329253367
0 0.334785447761194 0.08499388004895961 0.043535447761193995 0.014957160342717256
0 0.8032742537313433 0.08839657282741738 0.02902052238805961 0.021762545899632803
0 0.8411100746268656 0.08975520195838434 0.025914179104477585 0.013598531211750288
0 0.8768656716417911 0.08636474908200735 0.022798507462686617 0.01767441860465116
0 0.9110727611940298 0.08567931456548347 0.018656716417910446 0.016315789473684218
0 0.9426865671641791 0.08636474908200735 0.015550373134328426 0.012239902080783354
0 0.9763712686567165 0.08636474908200735 0.022798507462686617 0.01767441860465116
0 0.8986287313432836 0.028555691554467563 0.022798507462686617 0.029914320685434512
0 0.9255783582089553 0.02991432068543452 0.020727611940298533 0.029914320685434523
0 0.9488992537313433 0.03467564259485924 0.01969216417910449 0.025838433292533658
0 0.9805130597014925 0.025165238678090573 0.012434701492537245 0.01767441860465116
0 0.982070895522388 0.18700122399020808 0.02176305970149247 0.025838433292533675
0 0.7255410447761194 0.7133170134638922 0.04145522388059707 0.04488372093023265
0 0.7752891791044776 0.7126315789473685 0.020727611940298533 0.013598531211750184
0 0.8934514925373134 0.7139902080783355 0.04767723880597006 0.02176254589963277
0 0.9566791044776118 0.7133170134638922 0.045606343283582075 0.01767441860465123
0 0.04353544776119403 0.8554345165238678 0.07462686567164178 0.078873929008568
0 0.13370335820895524 0.856107711138311 0.07048507462686568 0.0802447980416156
0 0.1974533582089552 0.8540758873929009 0.03627798507462685 0.06800489596083224
0 0.11297574626865671 0.9710281517747859 0.20315298507462687 0.04079559363525083
0 0.31612873134328356 0.9683108935128519 0.18863805970149256 0.03807833537331689
0 0.5451865671641791 0.9683108935128519 0.20108208955223875 0.04352509179926554
2 0.1746455223880597 0.02652386780905753 0.208330223880597 0.034002447980416156