0 0.8214022787028922 0.7575800256081946 0.26390008764241907 0.058335467349551785
1 0.8194566170026293 0.6650960307298336 0.2678001752848378 0.049795134443021825
1 0.8554864154250659 0.046235595390524964 0.1957318141980719 0.04125480153649168
0 0.9475109553023663 0.19988476312419975 0.013637160385626595 0.02418693982074262
0 0.040411919368974585 0.09674775928297055 0.02434706397896582 0.022765685019206148
0 0.07037686240140227 0.09786171574903971 0.02434706397896582 0.022765685019206148
0 0.10304119193689745 0.09819462227912931 0.024347063978965806 0.022765685019206148
0 0.13030674846625767 0.09852752880921896 0.024347063978965796 0.022765685019206148
0 0.16513584574934267 0.09727272727272727 0.029754601226993856 0.022765685019206148
0 0.19997370727432076 0.09603072983354674 0.024347063978965845 0.022765685019206148
0 0.23912357581069235 0.09871959026888603 0.039482909728308486 0.022765685019206148
0 0.196897458369851 0.0485787451984635 0.036362839614373366 0.02428937259923175