0 0.020794824399260628 0.07766863905325443 0.020794824399260628 0.028106508875739646
0 0.060656192236598884 0.07988165680473373 0.033502772643253236 0.026627218934911243
0 0.22585951940850277 0.02514792899408284 0.033502772643253236 0.023668639053254437
2 0.8797412199630316 0.03550295857988166 0.19986136783733838 0.029585798816568046
0 0.9814048059149724 0.17159763313609466 0.024260628465804065 0.01775147928994083
0 0.8034935304990758 0.378698224852071 0.05198706099815157 0.029585798816568046
0 0.7821164510166358 0.5214556213017751 0.030036968576709795 0.05473372781065089
0 0.783271719038817 0.6020710059171598 0.030036968576709795 0.05325443786982249
0 0.7509242144177449 0.8757396449704142 0.06700554528650647 0.023668639053254437
0 0.7509242144177449 0.9763313609467456 0.0878003696857671 0.026627218934911243
0 0.16982439926062848 0.9378698224852071 0.3096118299445471 0.04142011834319527
0 0.4898336414048059 0.9349112426035503 0.3142329020332717 0.04142011834319527
0 0.05083179297597042 0.8254437869822485 0.07393715341959335 0.07396449704142012
0 0.13516635859519407 0.8269230769230769 0.07624768946395563 0.06804733727810651
0 0.21950092421441775 0.8291479289940829 0.07624768946395563 0.06360946745562131
0 0.3049907578558225 0.8254437869822485 0.07393715341959335 0.06804733727810651
0 0.3899075785582255 0.8313609467455622 0.0727818853974122 0.07396449704142012