1 0.020763250883392224 0.1025 0.03445229681978799 0.047305045871559634
0 0.05742049469964664 0.1025 0.028268551236749116 0.05017201834862385
0 0.10865724381625441 0.10680045871559632 0.07243816254416961 0.05590596330275229
0 0.15680565371024735 0.11110091743119266 0.03268551236749117 0.047305045871559634
0 0.18595759717314486 0.10680045871559632 0.01678445229681979 0.03870412844036697
0 0.24072791519434628 0.10823394495412844 0.0715547703180212 0.04443807339449541
0 0.299469964664311 0.10894495412844037 0.05123674911660778 0.045871559633027525
0 0.3458515901060071 0.10607798165137615 0.03975265017667844 0.03727064220183486
0 0.8113992932862192 0.10966743119266055 0.03445229681978799 0.01863532110091743
0 0.8542402826855123 0.10823394495412844 0.026501766784452298 0.030103211009174312
0 0.8900212014134277 0.11110091743119266 0.03268551236749117 0.02150229357798165
0 0.9235901060070673 0.10966743119266055 0.02561837455830389 0.02436926605504587
0 0.9562756183745584 0.11037844036697247 0.020318021201413426 0.03153669724770642
0 0.9877243816254417 0.10321100917431193 0.02314487632508834 0.03153669724770642
0 0.9081272084805654 0.034403669724770644 0.028268551236749116 0.040137614678899085
0 0.9324240282685513 0.02723623853211009 0.027385159010600707 0.0430045871559633
0 0.9642261484098941 0.03655963302752293 0.01678445229681979 0.03297018348623853
0 0.9894911660777386 0.03727064220183486 0.0196113074204947 0.03727064220183486
2 0.1872791519434629 0.034403669724770644 0.21908127208480566 0.0430045871559633