0 0.056179775280898875 0.08412042502951594 0.03745318352059925 0.03837072018890201
0 0.10767790262172285 0.08043683589138134 0.05852059925093633 0.03689492325855962
0 0.1539138576779026 0.08043683589138134 0.02691947565543071 0.02804014167650531
0 0.18375468164794007 0.08634002361275088 0.0351123595505618 0.02804014167650531
0 0.2375936329588015 0.08043683589138134 0.060861423220973786 0.03689492325855962
0 0.2949438202247191 0.07821723730814639 0.05149812734082397 0.03837072018890201
0 0.3441011235955056 0.0833884297520661 0.039794007490636704 0.03689492325855962
0 0.8105149812734083 0.08412042502951594 0.038623595505617975 0.023612750885478158
0 0.8462078651685393 0.0833884297520661 0.03277153558052434 0.025088547815820542
0 0.8836610486891385 0.08264462809917356 0.039794007490636704 0.032467532467532464
0 0.9129213483146067 0.07896103896103895 0.039794007490636704 0.025088547815820542
0 0.9421816479400749 0.08043683589138134 0.018726591760299626 0.019185360094451005
0 0.9784644194756554 0.0833884297520661 0.03277153558052434 0.022136953955135773
0 0.9053183520599251 0.0295159386068477 0.029260299625468163 0.03541912632821724
0 0.9269662921348315 0.02878394332939787 0.018726591760299626 0.02508854781582054
0 0.9515449438202247 0.0295159386068477 0.028089887640449437 0.03541912632821724
0 0.9813951310861424 0.024356552538370716 0.03394194756554307 0.033943329397874845
0 0.9860767790262174 0.17488783943329397 0.019897003745318352 0.03689492325855962
0 0.9427715355805244 0.35271546635183 0.06905430711610498 0.023612750885478158
0 0.9579868913857679 0.3778040141676505 0.05032771535580535 0.01475796930342385
0 0.9655898876404494 0.40436835891381345 0.025749063670411985 0.01475796930342385
0 0.7560861423220974 0.7976741440377804 0.09363295880149813 0.030991735537190084
0 0.860252808988764 0.8006257378984651 0.08426966292134831 0.025088547815820542
0 0.11704119850187265 0.935655253837072 0.21769662921348315 0.047225501770956316
0 0.33941947565543074 0.9363990554899646 0.23642322097378277 0.045749704840613935
0 0.5577059925093633 0.9371310507674144 0.1977996254681648 0.04427390791027155
0 0.7268258426966292 0.9732939787485242 0.04681647940074907 0.04279811097992916
0 0.9064887640449438 0.974025974025974 0.040964419475655434 0.032467532467532464
0 0.9556460674157304 0.9725501770956316 0.052668539325842804 0.026564344746162927
0 0.13401685393258428 0.8271900826446281 0.09012172284644195 0.07821723730814639
0 0.22062734082397004 0.8301416765053129 0.08309925093632958 0.07526564344746163
0 0.0474063670411985 0.8301416765053129 0.09012172284644195 0.08116883116883117
1 0.018726591760299626 0.0833884297520661 0.025749063670411985 0.02804014167650531
2 0.17907303370786518 0.026564344746162927 0.20833333333333334 0.03541912632821724