0 0.060007007708479325 0.10032537960954446 0.016643307638402244 0.04338394793926247
0 0.104239663629993 0.09896963123644252 0.05956552207428171 0.04067245119305857
0 0.1506657323055361 0.10032537960954446 0.02452697967764541 0.02982646420824295
0 0.18001401541695866 0.10100867678958785 0.02189908899789769 0.04202819956616052
0 0.24001401541695866 0.10100867678958785 0.05430974071478627 0.04473969631236443
0 0.2951997196916608 0.1050759219088937 0.029782761037140854 0.020336225596529284
0 0.337687456201822 0.1050759219088937 0.03416257883672039 0.025759219088937094
1 0.0223405746320953 0.1050759219088937 0.023651016117729504 0.025759219088937094
0 0.8089558514365803 0.1050759219088937 0.02890679747722495 0.025759219088937094
0 0.8496846531184302 0.10643167028199566 0.03153468815697267 0.031182212581344904
0 0.8860406447091802 0.10372017353579176 0.032410651716888575 0.020336225596529284
0 0.9162578836720392 0.10100867678958785 0.029782761037140854 0.025759219088937094
0 0.9508619481429573 0.10372017353579176 0.01839523475823406 0.02304772234273319
0 0.9788927820602664 0.10168112798264642 0.02890679747722495 0.02982646420824295
0 0.8987386124737211 0.04542299349240781 0.02452697967764541 0.031182212581344904
0 0.9206377014716188 0.036605206073752714 0.019271198318149965 0.03253796095444685
0 0.9561177295024528 0.03593275488069415 0.02890679747722495 0.03389370932754881
0 0.9797687456201822 0.04135574837310196 0.01839523475823406 0.028470715835141
0 0.9793272599859846 0.20675704989154012 0.02102312543798178 0.04202819956616052
0 0.8645760336370008 0.31114967462039045 0.01401541695865452 0.031182212581344904
0 0.73843728100911 0.3043709327548807 0.01751927119831815 0.02304772234273319
0 0.7721653819201122 0.8439587852494577 0.02540294323756132 0.02304772234273319
0 0.7314295725297828 0.8473427331887202 0.026278906797477224 0.03524945770065076
0 0.7502662929222145 0.9773644251626898 0.0937281009110021 0.04311279826464208
2 0.17869656622284513 0.03524945770065076 0.21198318149964962 0.056941431670282