0 0.44287894201424216 0.7713620071684588 0.05213631739572736 0.05824372759856631
0 0.4441505595116989 0.6922102747909199 0.05213631739572736 0.05824372759856631
0 0.38056968463886065 0.7713620071684588 0.05213631739572736 0.05824372759856631
0 0.3780264496439471 0.6951971326164874 0.05213631739572736 0.05824372759856631
0 0.04231943031536113 0.769868578255675 0.052136317395727355 0.05824372759856631
0 0.17711088504577824 0.769868578255675 0.05213631739572736 0.05824372759856631
0 0.31444557477110885 0.7713620071684588 0.05213631739572736 0.05824372759856631
0 0.10844354018311292 0.769868578255675 0.05213631739572736 0.05824372759856631
0 0.24323499491353004 0.769868578255675 0.0521363173957274 0.05824372759856631
0 0.3093591047812818 0.6951971326164874 0.05213631739572736 0.05824372759856631
0 0.2406917599186165 0.6937037037037037 0.0521363173957274 0.05824372759856631
0 0.10590030518819939 0.6937037037037037 0.05213631739572736 0.05824372759856631
0 0.039776195320447606 0.6937037037037037 0.052136317395727355 0.05824372759856631
0 0.1745676500508647 0.6937037037037037 0.05213631739572736 0.05824372759856631
1 0.7648118006103763 0.28169653524492233 0.46032553407934895 0.052234169653524454
0 0.6490946083418108 0.47623655913978497 0.22380467955239064 0.05973715651135006
0 0.9734893184130214 0.958446833930705 0.03306205493387589 0.035842293906810034
0 0.7090742624618515 0.04663082437275986 0.047049847405900305 0.023894862604540025
0 0.979969481180061 0.618183990442055 0.031027466937945065 0.017921146953405017
0 0.882441505595117 0.47209080047789725 0.2250762970498474 0.05973715651135006
0 0.7753407934893184 0.046296296296296294 0.047049847405900305 0.023894862604540025
0 0.7919226856561546 0.008219832735961767 0.04069175991861648 0.016427718040621268
0 0.839206510681587 0.04530465949820789 0.047049847405900305 0.023894862604540025
0 0.8462156663275687 0.008219832735961767 0.04815869786368252 0.016427718040621268
0 0.8940996948118006 0.04413381123058542 0.0254323499491353 0.023894862604540025
0 0.8944964394710071 0.007419354838709678 0.021678535096642873 0.014838709677419355
0 0.9364801627670396 0.04547192353643967 0.02288911495422177 0.023894862604540025
0 0.9309460834181078 0.007419354838709678 0.02779247202441499 0.014838709677419355
0 0.9771719226856561 0.04795698924731183 0.02034587995930824 0.023894862604540025
0 0.9719837232960326 0.00875746714456392 0.031159715157680682 0.014838709677419352