0 0.03643149284253579 0.64 0.057515337423312884 0.05861504907306434
0 0.10608384458077709 0.645452562704471 0.06390593047034765 0.06679389312977099
0 0.17319018404907974 0.6427262813522355 0.07029652351738241 0.06679389312977099
0 0.23773006134969324 0.6393129770992366 0.058793456032719835 0.06815703380588876
0 0.3029141104294479 0.64340239912759 0.05623721881390593 0.06815703380588876
0 0.3744887525562372 0.6461286804798255 0.06390593047034765 0.06815703380588876
0 0.44415132924335377 0.6440894220283533 0.06774028629856851 0.06679389312977099
0 0.03706543967280164 0.7149727371864777 0.05368098159509203 0.06679389312977099
0 0.7061656441717792 0.047033805888767724 0.06007157464212679 0.03407851690294438
0 0.7777402862985685 0.052486368593238825 0.07029652351738241 0.02862595419847328
0 0.8429243353783231 0.049760087241003274 0.03706543967280164 0.02589967284623773
0 0.900439672801636 0.05112322791712105 0.031952965235173825 0.02044711014176663
0 0.9451738241308794 0.05452562704471101 0.031952965235173825 0.019083969465648856
0 0.9815950920245399 0.055212649945474375 0.023006134969325152 0.01772082878953108
0 0.9758486707566462 0.019770992366412214 0.04217791411042945 0.01772082878953108
0 0.9323926380368098 0.014994547437295528 0.029396728016359917 0.021810250817884406
0 0.8908486707566462 0.014994547437295528 0.03578732106339468 0.024536532170119956
0 0.8371676891615542 0.016357688113413305 0.06646216768916155 0.03271537622682661
0 0.7828527607361964 0.010905125408942203 0.03450920245398773 0.021810250817884406
0 0.6460940695296523 0.4300763358778626 0.22878323108384457 0.05588876772082879
0 0.8819018404907976 0.4321155943293348 0.23261758691206544 0.05179934569247546
0 0.7659815950920246 0.49073064340239914 0.46600204498977504 0.05997818974918211
0 0.9810838445807771 0.5627044711014176 0.03783231083844581 0.023991275899672846
0 0.9752044989775052 0.8744601962922574 0.023006134969325152 0.02589967284623773
0 0.600081799591002 0.8628680479825518 0.057515337423312884 0.019083969465648856
3 0.7745398773006135 0.08996728462377317 0.09202453987730061 0.03271537622682661
3 0.7655930470347648 0.961701199563795 0.4550102249488753 0.06952017448200655