0 0.6343612774451097 0.3514332965821389 0.22330339321357284 0.05512679162072767
0 0.8601596806387225 0.3472987872105843 0.22080838323353294 0.057883131201764054
0 0.7503792415169661 0.41965821389195146 0.4453592814371258 0.05374862183020948
0 0.436626746506986 0.34040793825799337 0.0249500998003992 0.041345093715545754
0 0.6917465069860279 0.03169790518191841 0.058632734530938126 0.03031973539140022
0 0.7584830339321357 0.0344542447629548 0.05738522954091816 0.027563395810363836
0 0.8189920159680638 0.03583241455347299 0.0561377245508982 0.03583241455347299
0 0.873253493013972 0.03652701212789416 0.03493013972055888 0.028941565600882027
0 0.9119261477045908 0.03721058434399118 0.03243512974051896 0.03307607497243661
0 0.9524750499001996 0.03790518191841235 0.038672654690618764 0.03721058434399118
0 0.9612075848303393 0.48649393605292174 0.038672654690618764 0.019294377067254686
0 0.9524750499001996 0.7056229327453142 0.031187624750499 0.027563395810363836
0 0.5975548902195609 0.7014884233737596 0.059880239520958084 0.024807056229327454
0 0.03805389221556886 0.6339581036383682 0.056137724550898195 0.05237045203969129
0 0.11040918163672654 0.631896361631753 0.06362275449101797 0.062017640573318635
3 0.7466367265469062 0.7952039691289967 0.46032934131736525 0.07993384785005513
3 0.7597305389221557 0.07579933847850055 0.08483033932135728 0.03858875413450937
0 0.564500998003992 0.9157993384785006 0.06611776447105788 0.03169790518191841
0 0.657435129740519 0.9199338478500552 0.06986027944111776 0.03169790518191841
0 0.7435129740518962 0.9192392502756339 0.06736526946107785 0.03307607497243661
0 0.8327145708582834 0.9192392502756339 0.06362275449101797 0.03307607497243661
0 0.9244011976047904 0.918555678059537 0.07734530938123753 0.0344542447629548