0 0.04597815292949354 0.4218813131313131 0.06695134061569015 0.03407828282828284
0 0.12455809334657399 0.42375 0.06868917576961273 0.04231060606060605
0 0.3713704071499504 0.10303030303030303 0.042661370407149984 0.02681818181818183
0 0.3194240317775571 0.10034090909090909 0.0378848063555114 0.029520202020202016
0 0.2725223435948362 0.10032828282828282 0.029920556107249252 0.0376010101010101
0 0.23276067527308836 0.09763888888888889 0.03307845084409136 0.0403030303030303
0 0.19433962264150942 0.10167929292929292 0.02299900695134064 0.032209595959595945
0 0.1508738828202582 0.10303030303030303 0.037825223435948394 0.02681818181818183
0 0.10899702085402185 0.10303030303030303 0.030387288977159876 0.02681818181818183
0 0.04565044687189672 0.1023611111111111 0.06769612711022842 0.025479797979797988
0 0.6870208540218471 0.04441919191919192 0.06398212512413115 0.038989898989898984
0 0.7561966236345581 0.04375 0.0528798411122145 0.03763888888888889
0 0.8195332671300893 0.044760101010101014 0.042830188679245394 0.043699494949494946
0 0.8746573982125124 0.045770202020202023 0.025888778550148893 0.03359848484848485
0 0.9167825223435949 0.04409090909090909 0.025888778550148893 0.03359848484848485
0 0.9504270109235353 0.04643939393939394 0.025888778550148893 0.03359848484848485
0 0.7659980139026813 0.007045454545454546 0.05023833167825215 0.01407828282828283
0 0.8208440913604766 0.007714646464646465 0.05023833167825215 0.01542929292929293
0 0.8725223435948362 0.00707070707070707 0.02903674280039723 0.01414141414141414
0 0.907090367428004 0.00707070707070707 0.02903674280039723 0.01414141414141414
0 0.951777557100298 0.00707070707070707 0.03896722939424033 0.01414141414141414