3 0.7684544524053224 0.9632414553472988 0.4630910951893552 0.07350606394707836
0 0.9824257932446264 0.5555567805953693 0.03206755373592623 0.016229327453142258
0 0.7636745138178096 0.4892502756339581 0.4571852610030707 0.053902976846747504
0 0.8852200614124872 0.42187431091510474 0.226315250767656 0.052679162072767335
1 0.7579938587512793 0.2639911797133407 0.46513817809621294 0.04532524807056231
0 0.7016990788126919 0.046549062844542445 0.05231320368474913 0.026945975744211686
0 0.7727737973387923 0.04839029768467475 0.0534493346980553 0.02818081587651599
0 0.8387308085977483 0.045942668136714444 0.048904810644831084 0.020826901874310917
0 0.8398771750255885 0.012866593164277839 0.044350051177072594 0.013472987872105846
0 0.9263050153531218 0.014696802646085997 0.017062436028659235 0.014696802646085999
0 0.7801637666325486 0.011025358324145534 0.04094165813715456 0.017155457552370454
0 0.8887717502558854 0.013472987872105845 0.01477993858751285 0.01715545755237045
0 0.8899078812691914 0.0471664829106946 0.026161719549641704 0.023274531422271223
0 0.9314227226202662 0.045942668136714444 0.02501535312180149 0.023274531422271223
0 0.977625383828045 0.043638368246968026 0.02501535312180149 0.024498346196251377
0 0.9707676560900717 0.012249173098125688 0.04003070624360276 0.014696802646085996
0 0.6483828045035824 0.42539140022050714 0.2240429887410439 0.05635060639470784
0 0.37551688843398157 0.6374090407938258 0.05501535312180143 0.05926130099228225
0 0.23861821903787103 0.638787210584344 0.05501535312180143 0.05926130099228225
0 0.10555783009211872 0.6415435501653803 0.05501535312180143 0.05926130099228225
0 0.3102661207778915 0.638787210584344 0.05501535312180143 0.05926130099228225
0 0.0377482088024565 0.6401653803748621 0.05501535312180143 0.05926130099228225
0 0.1772057318321392 0.6401653803748621 0.05501535312180143 0.05926130099228225
0 0.3767963152507677 0.717342888643881 0.05501535312180143 0.05926130099228225
0 0.23989764585465712 0.7187210584343992 0.05501535312180143 0.05926130099228225
0 0.31154554759467756 0.7187210584343992 0.05501535312180143 0.05926130099228225
0 0.1068372569089048 0.7214773980154355 0.05501535312180143 0.05926130099228225
0 0.17848515864892528 0.7200992282249173 0.05501535312180143 0.05926130099228225
0 0.03902763561924257 0.7200992282249173 0.055015353121801426 0.05926130099228225
0 0.44204708290685774 0.6346527012127894 0.05501535312180143 0.05926130099228225
0 0.4433265097236438 0.7159647188533628 0.05501535312180143 0.05926130099228225
3 0.7778915046059366 0.08476295479603087 0.08700102354145343 0.0344542447629548