3 0.7710631895687061 0.08815028901734104 0.09027081243731194 0.03757225433526012
3 0.7604112337011033 0.9443699421965318 0.4551153460381143 0.08526011560693642
0 0.6469408224674023 0.4754335260115607 0.22567703109327983 0.05491329479768786
0 0.879518555667001 0.47616184971098263 0.22191574724172516 0.05346820809248555
1 0.7610330992978936 0.27601156069364163 0.4463390170511535 0.03757225433526012
0 0.7616649949849549 0.5390173410404624 0.4450852557673019 0.05202312138728324
0 0.9710431293881645 0.612 0.04889669007021063 0.02167630057803468
0 0.9597592778335005 0.8497109826589595 0.04137412236710131 0.04046242774566474
0 0.6049448345035106 0.8403236994219653 0.0664493480441324 0.030346820809248554
0 0.048274824473420255 0.6676300578034682 0.061434302908726174 0.06069364161849711
0 0.11659979939819458 0.6705202312138728 0.057673019057171516 0.06647398843930635
0 0.7021063189568706 0.044797687861271675 0.055165496489468405 0.028901734104046242
0 0.7742026078234704 0.04190751445086705 0.0664493480441324 0.028901734104046242
0 0.8368906720160482 0.044797687861271675 0.05641925777331996 0.03757225433526012
0 0.8882948846539619 0.04335260115606936 0.02131394182547643 0.017341040462427744
0 0.9277833500501504 0.04408092485549133 0.03259779338014042 0.024566473988439308
0 0.9716649949849548 0.049861271676300584 0.03259779338014042 0.02167630057803468
0 0.9735506519558677 0.010115606936416185 0.038866599799398195 0.02023121387283237
0 0.9277833500501504 0.0072254335260115606 0.027582748244734202 0.014450867052023121
0 0.8933099297893681 0.008670520231213872 0.023821464393179538 0.017341040462427744
0 0.8431594784353059 0.011560693641618497 0.05140421263791374 0.023121387283236993
0 0.7848545636910732 0.0050635838150289 0.04513540621865597 0.010115606936416185