0 0.7117163412127441 0.04841549295774648 0.04881808838643371 0.017605633802816902
0 0.7791675231243577 0.04915492957746479 0.0578108941418294 0.022007042253521125
0 0.8459712230215827 0.04915492957746479 0.047533401849948614 0.01613849765258216
0 0.8999280575539569 0.04841549295774648 0.019270298047276466 0.017605633802816902
0 0.9391058581706063 0.04548122065727699 0.020554984583761562 0.017605633802816902
0 0.9782939362795477 0.04622065727699531 0.019270298047276466 0.01613849765258216
0 0.78879753340185 0.008802816901408451 0.03340184994861254 0.014671361502347418
0 0.8453237410071942 0.011737089201877934 0.04367934224049332 0.014671361502347418
0 0.8928571428571429 0.014671361502347418 0.017985611510791366 0.011737089201877934
0 0.9307605344295992 0.011009389671361502 0.024409044193216854 0.013204225352112676
0 0.9744398766700925 0.007335680751173709 0.02697841726618705 0.014671361502347418
0 0.6461973278520041 0.38438967136150237 0.223535457348407 0.05575117370892019
0 0.8825796505652621 0.38366197183098594 0.2158273381294964 0.05721830985915493
0 0.7669578622816033 0.45555164319248825 0.4624871531346352 0.05721830985915493
0 0.980863309352518 0.5245070422535211 0.03468653648509764 0.027875586854460094
0 0.617934224049332 0.8509389671361502 0.08221993833504625 0.017605633802816902
0 0.9789311408016445 0.8612089201877934 0.023124357656731757 0.02640845070422535
0 0.03340184994861254 0.6822183098591549 0.0565262076053443 0.061619718309859156
0 0.09956834532374101 0.6822183098591549 0.0578108941418294 0.06455399061032864
0 0.16829393627954778 0.6836854460093896 0.0539568345323741 0.05868544600938967
3 0.7643884892086331 0.9543779342723004 0.44964028776978415 0.07482394366197183