0 0.03854059609455293 0.7066263603385732 0.051387461459403906 0.07103990326481258
0 0.1034224049331963 0.7036033857315599 0.0552415210688592 0.05894800483675937
0 0.17151079136690647 0.7028415961305925 0.06294964028776978 0.06348246674727932
0 0.23959917780061665 0.7043530834340992 0.06038026721479959 0.06348246674727932
0 0.3076875642343268 0.7051148730350665 0.052672147995889006 0.07103990326481258
0 0.37449126413155187 0.7058645707376058 0.06038026721479959 0.06952841596130592
0 0.4432168550873587 0.7028415961305925 0.05909558067831449 0.06952841596130592
0 0.03340184994861254 0.7859733978234583 0.04881808838643371 0.060459492140266025
0 0.1034224049331963 0.7837122128174123 0.0578108941418294 0.06499395405078598
0 0.17343268242548818 0.7897581620314389 0.06166495375128469 0.06499395405078598
0 0.6461973278520041 0.4156590084643289 0.2312435765673176 0.06348246674727932
0 0.8800102774922919 0.4149093107617896 0.2158273381294964 0.05290205562273277
0 0.7677286742034943 0.4939540507859734 0.4645426515930113 0.05441354292623942
0 0.9789311408016445 0.5592503022974608 0.03340184994861254 0.02720677146311971
0 0.9770092497430627 0.8653325272067715 0.024409044193216854 0.03476420798065296
3 0.7624665981500514 0.9560217654171705 0.46120246659815006 0.08313180169286578
0 0.7097944501541624 0.050640870616686824 0.06808838643371018 0.037787182587666265
0 0.7817368961973279 0.05517533252720677 0.07322713257965056 0.040810157194679564
0 0.8440390544707091 0.05290205562273277 0.051387461459403906 0.03325272067714631
0 0.9018499486125385 0.05441354292623942 0.03597122302158273 0.021160822249093107
0 0.9429599177800617 0.05215235792019347 0.02826310380267215 0.02267230955259976
0 0.9782939362795477 0.04761789600967352 0.02697841726618705 0.019649334945586457
0 0.8003597122302158 0.013603385731559855 0.04881808838643371 0.018137847642079808
0 0.8581706063720452 0.01134220072551391 0.04367934224049332 0.01662636033857316
0 0.908273381294964 0.013603385731559855 0.023124357656731757 0.018137847642079808
0 0.9429599177800617 0.01587666263603386 0.025693730729701953 0.019649334945586457
0 0.9786742034943474 0.012853688029020559 0.040596094552929084 0.01662636033857316
3 0.777235354573484 0.09598548972188634 0.09506680369989723 0.03476420798065296