0 0.7068527918781726 0.05071599045346062 0.05583756345177665 0.029832935560859187
0 0.7722131979695431 0.048484486873508356 0.05203045685279188 0.031324582338902146
0 0.8343959390862944 0.05220763723150358 0.05710659898477157 0.029832935560859187
0 0.7836345177664975 0.014916467780429593 0.03680203045685279 0.017899761336515514
0 0.8439086294416244 0.012684964200477331 0.04568527918781726 0.016408114558472554
0 0.8908629441624365 0.011933174224343675 0.012690355329949238 0.014916467780429593
0 0.9238578680203046 0.013424821002386634 0.015228426395939087 0.011933174224343675
0 0.973989847715736 0.00970167064439141 0.03426395939086294 0.019391408114558473
0 0.8902335025380711 0.05071599045346062 0.024111675126903553 0.020883054892601432
0 0.9283045685279188 0.04997613365155132 0.0266497461928934 0.02237470167064439
0 0.9720812182741116 0.05071599045346062 0.025380710659898477 0.020883054892601432
3 0.774751269035533 0.08949880668257756 0.0850253807106599 0.038782816229116945
0 0.038710659898477155 0.6928758949880668 0.057106598984771564 0.06712410501193318
0 0.1065989847715736 0.6928758949880668 0.048223350253807105 0.06414081145584725
0 0.1713197969543147 0.6906324582338902 0.048223350253807105 0.07159904534606205
0 0.24111675126903553 0.6965990453460621 0.04568527918781726 0.059665871121718374
0 0.307746192893401 0.6936157517899761 0.06218274111675127 0.06563245823389022
0 0.37373604060913707 0.6973508353221957 0.05710659898477157 0.06712410501193318
0 0.4359187817258883 0.6951073985680191 0.05456852791878172 0.06563245823389022
0 0.43908629441624364 0.7749164677804296 0.06091370558375635 0.061157517899761336
0 0.3730964467005076 0.77118138424821 0.050761421319796954 0.06264916467780429
0 0.3020304568527919 0.7681980906921241 0.05583756345177665 0.06264916467780429
0 0.23921827411167512 0.77118138424821 0.04949238578680203 0.06563245823389022
0 0.1751269035532995 0.772673031026253 0.050761421319796954 0.059665871121718374
0 0.10025380710659898 0.77118138424821 0.0583756345177665 0.059665871121718374
0 0.036172588832487314 0.7704415274463007 0.05456852791878172 0.0551909307875895
0 0.6434010152284264 0.5325178997613366 0.22588832487309646 0.056682577565632455
0 0.8762741116751269 0.5317780429594272 0.22461928934010153 0.0551909307875895
0 0.7588832487309645 0.5981503579952268 0.4467005076142132 0.04474940334128878
0 0.9784263959390863 0.6667661097852029 0.03553299492385787 0.020883054892601432
0 0.5862944162436549 0.9568973747016707 0.04568527918781726 0.019391408114558473
0 0.9663756345177665 0.9658472553699284 0.0266497461928934 0.028341288782816228
1 0.7626903553299492 0.3013126491646778 0.4543147208121827 0.041766109785202864