1 0.7598481781376518 0.28156886227544914 0.4603137651821862 0.06152095808383234
0 0.6417510121457489 0.4793053892215569 0.22934210526315782 0.06282634730538926
0 0.8745141700404858 0.4768622754491018 0.22535425101214585 0.0592814371257485
0 0.7587753036437247 0.5459760479041916 0.45541497975708506 0.055940119760479086
0 0.9691700404858299 0.6223473053892216 0.037459514170040474 0.027988023952095747
0 0.23953441295546557 0.8496167664670659 0.45969635627530364 0.06722155688622768
0 0.9699595141700406 0.9642634730538922 0.04017206477732799 0.04028742514970072
0 0.04026315789473684 0.693245508982036 0.05506072874493928 0.06942514970059883
0 0.04074898785425101 0.7718443113772455 0.05506072874493926 0.06942514970059883
0 0.10522267206477733 0.693245508982036 0.05506072874493928 0.06942514970059883
0 0.17310728744939272 0.7724431137724551 0.055060728744939245 0.06942514970059883
0 0.17262145748987856 0.6938443113772456 0.055060728744939245 0.06942514970059883
0 0.23858299595141702 0.7736167664670659 0.05506072874493928 0.06942514970059883
0 0.23809716599190284 0.6950179640718563 0.055060728744939245 0.06942514970059883
0 0.30502024291497976 0.7730778443113773 0.055060728744939245 0.06942514970059883
0 0.30453441295546557 0.6944790419161676 0.055060728744939245 0.06942514970059883
0 0.3733805668016194 0.7725389221556886 0.055060728744939245 0.06942514970059883
0 0.3728947368421053 0.6939401197604791 0.055060728744939245 0.06942514970059883
0 0.43932186234817816 0.6939640718562875 0.055060728744939245 0.06942514970059883
0 0.4398076923076923 0.7725628742514971 0.055060728744939245 0.06942514970059883
0 0.10734817813765182 0.7731616766467067 0.05506072874493926 0.06942514970059883
0 0.7822570850202429 0.010718562874251497 0.04214574898785435 0.02003592814371257
0 0.8386842105263158 0.01038323353293413 0.05068825910931167 0.019377245508982035
0 0.887074898785425 0.010706586826347305 0.026973684210526407 0.02140119760479042
0 0.9251821862348178 0.010718562874251497 0.0294433198380566 0.02003592814371257
0 0.9686234817813765 0.010778443113772455 0.04251012145748988 0.02155688622754491
0 0.9690384615384615 0.04868263473053892 0.030556680161943375 0.03413173652694611
0 0.9291295546558704 0.04764071856287425 0.02861336032388662 0.03390419161676647
0 0.8906882591093117 0.047185628742514966 0.029585020242914997 0.03482634730538922
0 0.8352125506072875 0.04591616766467066 0.05099190283400821 0.030455089820359285
0 0.7701113360323887 0.04901796407185629 0.05469635627530361 0.031137724550898204
0 0.7025708502024292 0.049940119760479046 0.06130566801619427 0.0292934131736527