3 0.5031616161616161 0.5006923076923077 0.39015151515151514 0.5260989010989011
0 0.8781616161616161 0.421021978021978 0.22348484848484848 0.05357142857142857
3 0.762 0.9581098901098901 0.45075757575757575 0.07280219780219781
0 0.9731717171717172 0.008087912087912088 0.039505050505050404 0.014648351648351649
0 0.9647878787878787 0.043494505494505495 0.024686868686868743 0.024417582417582417
0 0.9305555555555556 0.04167032967032967 0.024686868686868743 0.023197802197802198
0 0.8895858585858586 0.045637362637362636 0.025818181818181764 0.023197802197802198
0 0.9292929292929293 0.010527472527472527 0.016838383838383913 0.01464835164835165
0 0.8403434343434344 0.04167032967032967 0.048262626262626236 0.020758241758241758
0 0.844 0.008703296703296703 0.04376767676767669 0.013428571428571432
0 0.773989898989899 0.03998901098901099 0.05274747474747477 0.02808791208791209
0 0.8922525252525253 0.009307692307692308 0.014585858585858641 0.0170989010989011
0 0.7126868686868686 0.043648351648351645 0.05162626262626253 0.026857142857142854
0 0.7850707070707071 0.00854945054945055 0.04040404040404041 0.0170989010989011