0 0.7037225548902195 0.045055079559363526 0.04615768463073852 0.02447980416156671
3 0.7678243512974052 0.08917992656058751 0.08556886227544912 0.038164014687882504
0 0.7698403193612774 0.045177478580171355 0.04615768463073852 0.02447980416156671
0 0.7837025948103792 0.008421052631578945 0.03992015968063872 0.016829865361077112
0 0.8347105788423154 0.045055079559363526 0.04615768463073852 0.02447980416156671
0 0.8432934131736527 0.008421052631578945 0.04724550898203585 0.016829865361077112
0 0.8882235528942116 0.007600979192166462 0.021267465069860225 0.015201958384332925
0 0.8858882235528942 0.04578947368421052 0.0249500998003992 0.02447980416156671
0 0.925998003992016 0.046585067319461444 0.02245508982035928 0.02447980416156671
0 0.9633233532934131 0.045055079559363526 0.01996007984031936 0.02447980416156671
0 0.9230039920159681 0.007600979192166462 0.027265469061876185 0.015201958384332925
0 0.9649500998003993 0.007600979192166462 0.03495009980039918 0.015201958384332925
1 0.4069660678642714 0.27063647490820075 0.3947704590818363 0.035361077111383095
1 0.40585828343313374 0.41887392900856796 0.3947704590818364 0.035361077111383095
1 0.40364271457085826 0.6854345165238678 0.3947704590818364 0.035361077111383234
1 0.404750499001996 0.8785556915544676 0.3947704590818364 0.035361077111383234
0 0.2677944111776447 0.9411138310893513 0.10534930139720562 0.04895960832313342