0 0.7075840978593272 0.04509685230024213 0.06174311926605498 0.02961259079903148
0 0.7715698267074413 0.04475786924939467 0.055086646279306796 0.031476997578692496
0 0.8331090723751274 0.0452179176755448 0.05135575942915403 0.030786924939467306
0 0.8930071355759429 0.046501210653753025 0.02979612640163101 0.03520581113801453
0 0.9312232415902141 0.04756658595641646 0.028817533129459717 0.03427360774818402
0 0.9688990825688073 0.04742130750605327 0.030774719673802298 0.03450363196125908
0 0.9694189602446484 0.010895883777239709 0.04281345565749235 0.021791767554479417
0 0.9272477064220184 0.010835351089588377 0.029653414882772598 0.02025423728813559
0 0.8893679918450561 0.01082324455205811 0.027166156982670837 0.02163438256658596
0 0.8386238532110092 0.009794188861985471 0.05104994903160033 0.019588377723970943
0 0.7817940876656474 0.010133171912832929 0.042446483180428235 0.020254237288135593
3 0.4964118246687054 0.5515859564164649 0.2985524974515801 0.19957627118644064
0 0.4444240570846076 0.5963680387409201 0.09964322120285422 0.04245762711864413
0 0.5476554536187563 0.5974697336561743 0.09839959225280323 0.044661016949152525
0 0.02939857288481142 0.21099273607748184 0.05065239551478083 0.026041162227602895
0 0.02904179408766564 0.24272397094430995 0.049918450560652396 0.024842615012106516
0 0.0290519877675841 0.27342615012106536 0.049918450560652396 0.027433414043583567
0 0.028338430173292555 0.30498789346246974 0.049918450560652396 0.02484261501210655
0 0.03162079510703363 0.3343825665859564 0.05501529051987768 0.024842615012106516
0 0.02835881753312946 0.3646489104116223 0.049918450560652396 0.024842615012106516
0 0.02763506625891947 0.3949152542372881 0.049918450560652396 0.024842615012106516
0 0.035657492354740056 0.48484261501210657 0.06301732925586137 0.024842615012106516
0 0.035667686034658516 0.5142493946731235 0.06301732925586137 0.024842615012106516
0 0.03567787971457696 0.5445036319612591 0.06301732925586136 0.024842615012106516
0 0.03496432212028542 0.5747699757869249 0.06301732925586136 0.024842615012106516
0 0.041885830784913355 0.6050363196125907 0.07829765545361876 0.024842615012106516
0 0.044801223241590214 0.6353026634382567 0.08411824668705403 0.024842615012106516
0 0.04117227319062181 0.6673002421307507 0.07683995922528032 0.024842615012106516
1 0.3978899082568807 0.26302663438256657 0.39853211009174305 0.034818401937045995
1 0.4017023445463813 0.42194915254237286 0.4090112130479104 0.05055690072639224
1 0.39549439347604487 0.6808716707021791 0.40591233435270135 0.03360774818401936
1 0.39943934760448524 0.8689346246973366 0.4044852191641182 0.04336561743341397
0 0.25646279306829767 0.9302663438256659 0.11335372069317022 0.05906779661016945