0 0.7781791338582678 0.010522292993630571 0.041161417322834584 0.020700636942675158
0 0.8337204724409448 0.010356687898089176 0.044990157480315 0.020700636942675158
0 0.8802263779527558 0.010356687898089176 0.02966535433070876 0.020700636942675158
0 0.9176968503937007 0.010356687898089176 0.03240157480314968 0.020700636942675158
0 0.9598326771653544 0.010356687898089176 0.041161417322834584 0.020700636942675158
0 0.7036220472440945 0.04942675159235668 0.052332677165354405 0.02936305732484076
0 0.7698622047244094 0.04638216560509554 0.05780511811023624 0.031197452229299358
0 0.829251968503937 0.04864968152866242 0.04521653543307092 0.02666242038216561
0 0.8845374015748032 0.04886624203821656 0.024409448818897592 0.0304968152866242
0 0.9243307086614173 0.04872611464968153 0.026929133858267618 0.03927388535031847
0 0.9595866141732284 0.05085350318471338 0.030875984251968396 0.037859872611464965
3 0.766742125984252 0.09521019108280254 0.09360236220472432 0.05970700636942676
1 0.7556791338582677 0.27456050955414013 0.4463484251968504 0.0568025477707006
0 0.7560629921259843 0.351656050955414 0.4444881889763781 0.06703184713375797
0 0.7555216535433071 0.42429299363057327 0.4461220472440945 0.068484076433121
0 0.9617716535433071 0.5050445859872611 0.030875984251968396 0.022394904458598777
0 0.9577263779527558 0.7800127388535031 0.028021653543307115 0.040700636942675214
3 0.7553543307086614 0.8821273885350319 0.44043307086614175 0.08169426751592371
0 0.05577755905511811 0.7354267515923566 0.052814960629921255 0.06785987261146495
0 0.12096456692913386 0.7359617834394905 0.05150590551181101 0.07137579617834391
0 0.1860236220472441 0.7355796178343948 0.051624015748031486 0.07061146496815295
0 0.24952755905511811 0.7340764331210191 0.05281496062992128 0.06785987261146495
0 0.31471456692913385 0.7346114649681528 0.05150590551181106 0.07137579617834391
0 0.37977362204724413 0.7342292993630574 0.05162401574803154 0.07061146496815295