0 0.7114943705220061 0.05851063829787234 0.047338792221084953 0.028368794326241134
3 0.777236438075742 0.10964539007092199 0.08775844421699079 0.04422695035460994
0 0.9777379733879222 0.05851063829787234 0.02047082906857728 0.028368794326241134
0 0.7793039918116683 0.05865248226950355 0.047338792221084953 0.028368794326241134
0 0.7664994882292733 0.3429645390070922 0.45827021494370523 0.07119148936170212
0 0.7935209825997953 0.013546099290780144 0.04094165813715456 0.01950354609929078
0 0.9394575230296828 0.06028368794326241 0.02302968270214944 0.028368794326241134
0 0.7652712384851587 0.42432624113475176 0.45582395087001015 0.07344680851063826
0 0.8458341862845445 0.05851063829787234 0.047338792221084953 0.028368794326241134
0 0.8983213920163766 0.05936170212765958 0.0255885363357216 0.028368794326241134
0 0.9760593654042989 0.83 0.017942681678607957 0.02598581560283679
0 0.8546366427840327 0.013546099290780144 0.04845445240532233 0.01950354609929078
3 0.764861821903787 0.9469645390070922 0.45827021494370523 0.09266666666666656
0 0.9809518935516889 0.5113333333333333 0.02609007164790175 0.02147517730496452
0 0.9363868986693962 0.012595744680851065 0.027963152507676496 0.017617021276595743
0 0.9007164790174002 0.011645390070921987 0.021811668372569034 0.017617021276595746
0 0.9794063459570113 0.013546099290780144 0.035844421699078796 0.017617021276595746