0 0.05456852791878172 0.07698305084745762 0.07614213197969544 0.029661016949152543
0 0.12563451776649745 0.07839548022598869 0.048223350253807105 0.029661016949152543
0 0.19035532994923857 0.07698305084745762 0.048223350253807105 0.029661016949152543
0 0.26015228426395937 0.07698305084745762 0.06852791878172589 0.029661016949152543
0 0.3401015228426396 0.07698305084745762 0.048223350253807105 0.029661016949152543
0 0.4022842639593909 0.07415819209039548 0.048223350253807105 0.029661016949152543
0 0.45558375634517767 0.07415819209039548 0.048223350253807105 0.029661016949152543
0 0.5184060913705584 0.07557062146892655 0.06725888324873096 0.029661016949152543
0 0.5723350253807107 0.07698305084745762 0.03299492385786802 0.029661016949152543
0 0.6434010152284264 0.07698305084745762 0.07868020304568528 0.029661016949152543
0 0.7100203045685279 0.07980790960451976 0.031725888324873094 0.029661016949152543
0 0.052659898477157366 0.19138983050847458 0.06472081218274113 0.029661016949152543
0 0.1408527918781726 0.19280225988700564 0.08375634517766498 0.029661016949152543
0 0.24809137055837563 0.18715254237288134 0.10532994923857868 0.029661016949152543
0 0.3413604060913706 0.1899774011299435 0.050761421319796954 0.029661016949152543
0 0.4003756345177665 0.19138983050847458 0.044416243654822336 0.0211864406779661
0 0.48667005076142134 0.19421468926553673 0.09517766497461928 0.018361581920903956
0 0.7093908629441624 0.026836158192090395 0.0532994923857868 0.01977401129943503
0 0.7804568527918782 0.02824858757062147 0.0532994923857868 0.01977401129943503
0 0.8401015228426396 0.02401129943502825 0.0532994923857868 0.01977401129943503
0 0.8972081218274112 0.02401129943502825 0.02284263959390863 0.022598870056497175
0 0.934010152284264 0.026836158192090395 0.02284263959390863 0.022598870056497175
0 0.9733502538071066 0.03248587570621469 0.02284263959390863 0.022598870056497175
3 0.5050761421319797 0.36794350282485877 0.9771573604060914 0.2923728813559322