0 0.04247464503042596 0.6682583621683967 0.05197768762677484 0.0591118800461361
0 0.10586206896551724 0.6668166089965398 0.05197768762677485 0.0591118800461361
0 0.17432048681541581 0.6697001153402538 0.05197768762677485 0.061995386389850055
0 0.24024340770791075 0.6697001153402538 0.0595841784989858 0.06776239907727798
0 0.30425963488843816 0.6660899653979239 0.055780933062880324 0.06055363321799308
0 0.3720892494929006 0.6632064590542099 0.05197768762677485 0.049019607843137254
0 0.4411764705882353 0.6653748558246828 0.05070993914807302 0.061995386389850055
0 0.04056795131845842 0.7432295271049596 0.048174442190669374 0.05046136101499423
0 0.10966531440162271 0.7403460207612457 0.05704868154158215 0.056228373702422146
0 0.173052738336714 0.7453863898500577 0.05197768762677485 0.05478662053056517
0 0.24151115618661256 0.7453863898500577 0.05704868154158215 0.05478662053056517
0 0.30616632860040566 0.7432295271049596 0.05704868154158215 0.0591118800461361
0 0.37462474645030425 0.7417877739331027 0.0595841784989858 0.0591118800461361
0 0.43990872210953347 0.7482698961937716 0.05070993914807302 0.05767012687427912
0 0.24151115618661256 0.8203575547866205 0.43990872210953347 0.049019607843137254
0 0.4620993914807302 0.3582814302191465 0.021551724137931036 0.04469434832756632
0 0.7099391480730223 0.049019607843137254 0.05070993914807302 0.02306805074971165
0 0.7803042596348885 0.04757785467128028 0.04437119675456389 0.01730103806228374
0 0.8367139959432048 0.0483044982698962 0.04563894523326572 0.015859284890426758
0 0.8924949290060852 0.04542099192618224 0.02535496957403651 0.02162629757785467
0 0.9298985801217039 0.043979238754325266 0.03169371196754564 0.024509803921568627
0 0.9704665314401623 0.0461361014994233 0.019016227180527385 0.01730103806228374
0 0.777129817444219 0.006493656286043828 0.03803245436105477 0.012975778546712802
0 0.8424239350912779 0.013702422145328722 0.054513184584178496 0.018742791234140715
0 0.8867951318458418 0.012260668973471743 0.024087221095334687 0.010092272202998846
0 0.9273630831643002 0.011534025374855825 0.03422920892494929 0.01730103806228374
0 0.9691987829614604 0.007935409457900807 0.03169371196754564 0.012975778546712802
0 0.646551724137931 0.4433448673587082 0.22565922920892495 0.056228373702422146
0 0.8760141987829615 0.44478662053056517 0.22058823529411764 0.05046136101499423
0 0.761288032454361 0.5154325259515571 0.457657200811359 0.0591118800461361
0 0.9780730223123733 0.5839100346020761 0.03422920892494929 0.02883506343713956
0 0.965395537525355 0.9652595155709343 0.024087221095334687 0.018742791234140715
0 0.5939452332657201 0.9479584775086505 0.054513184584178496 0.027393310265282585
1 0.7619168356997972 0.27465974625144174 0.45892494929006084 0.04757785467128028