0 0.6418581418581418 0.4244249726177437 0.21978021978021978 0.054764512595837894
0 0.7074225774225774 0.045180722891566265 0.0462037962037962 0.02190580503833516
3 0.7548751248751249 0.9563307776560789 0.45079920079920077 0.07256297918948522
0 0.9615384615384616 0.8652792990142387 0.032467532467532464 0.03285870755750274
0 0.4426873126873127 0.7071522453450164 0.0511988011988012 0.053395399780941946
0 0.44393606393606394 0.6345892661555312 0.0511988011988012 0.053395399780941946
0 0.3814985014985015 0.7071522453450164 0.0511988011988012 0.053395399780941946
0 0.379000999000999 0.6373274917853231 0.0511988011988012 0.053395399780941946
0 0.31156843156843156 0.6373274917853231 0.0511988011988012 0.053395399780941946
0 0.049330669330669326 0.7057831325301205 0.05119880119880119 0.053395399780941946
0 0.1816983016983017 0.7057831325301205 0.0511988011988012 0.053395399780941946
0 0.24663336663336663 0.7057831325301205 0.0511988011988012 0.053395399780941946
0 0.11426573426573426 0.7057831325301205 0.0511988011988012 0.053395399780941946
0 0.31656343656343655 0.7071522453450164 0.0511988011988012 0.053395399780941946
0 0.24413586413586413 0.6359583789704272 0.0511988011988012 0.053395399780941946
0 0.11176823176823177 0.6359583789704272 0.0511988011988012 0.053395399780941946
0 0.1792007992007992 0.6359583789704272 0.0511988011988012 0.053395399780941946
0 0.04683316683316683 0.6359583789704272 0.05119880119880119 0.053395399780941946
0 0.9707392607392608 0.010460021905805039 0.03863136863136871 0.013603504928806135
0 0.964035964035964 0.045180722891566265 0.01998001998001998 0.02190580503833516
1 0.7554945054945055 0.2594633077765608 0.45204795204795206 0.047886089813800686
0 0.926923076923077 0.009726177437020811 0.02729270729270723 0.013603504928806132
0 0.9240759240759241 0.04654983570646221 0.022477522477522476 0.02190580503833516
0 0.8921078921078921 0.008992332968236583 0.021288711288711234 0.013603504928806135
0 0.8891208791208791 0.04654983570646221 0.024975024975024976 0.02190580503833516
0 0.8471328671328672 0.010460021905805039 0.04729270729270721 0.015060240963855422
0 0.8385414585414586 0.045180722891566265 0.0462037962037962 0.02190580503833516
0 0.7874825174825175 0.010460021905805039 0.03996003996003996 0.015060240963855422
0 0.7736063936063936 0.04244249726177437 0.0462037962037962 0.02190580503833516
0 0.871008991008991 0.42305585980284777 0.22102897102897104 0.054764512595837894
0 0.9677822177822177 0.5558598028477546 0.032467532467532464 0.01642935377875137