0 0.7032527693856999 0.0341086186540732 0.052588116817724094 0.02623376623376623
0 0.7726283987915408 0.036729634002361275 0.05706948640483391 0.020991735537190085
0 0.8341691842900303 0.03739079102715467 0.050352467270896276 0.02230224321133412
0 0.89067472306143 0.0387012987012987 0.029093655589123968 0.02754427390791027
0 0.9270493454179254 0.03608028335301062 0.021258811681772308 0.027544273907910265
0 0.9667673716012085 0.036729634002361275 0.024612286002014153 0.028854781582054307
0 0.04867069486404833 0.08920897284533648 0.07049345417925479 0.020991735537190085
0 0.11581067472306143 0.09116883116883116 0.023494461228600185 0.017048406139315228
0 0.15497482376636454 0.08985832349468713 0.023494461228600185 0.017048406139315228
0 0.19637462235649547 0.08985832349468713 0.023494461228600185 0.017048406139315228
0 0.2400100704934542 0.0924793388429752 0.023494461228600185 0.017048406139315228
0 0.27805639476334343 0.09378984651711925 0.023494461228600244 0.017048406139315228
0 0.32834843907351463 0.08831168831168831 0.03094662638469287 0.017048406139315228
0 0.3814199395770393 0.08935064935064936 0.03592145015105736 0.017048406139315228
0 0.041631419939577044 0.16898465171192442 0.04224572004028198 0.02476977567886661
0 0.0894662638469285 0.16826446280991736 0.02734138972809668 0.018937426210153506
0 0.13358509566968782 0.17081463990554901 0.03479355488418934 0.022585596221959853
0 0.17706948640483386 0.16935064935064933 0.03355488418932527 0.0269539551357733
0 0.21870090634441086 0.16935064935064933 0.03230614300100703 0.02548996458087364
0 0.26374622356495464 0.17081463990554901 0.039144008056394765 0.028406139315230228
0 0.3115911379657603 0.16971664698937428 0.04410876132930509 0.029138134592680054
0 0.3668882175226586 0.16898465171192442 0.05405840886203419 0.027674144037780398
0 0.42217522658610274 0.1700826446280992 0.0354179254783484 0.02403778040141678
0 0.47592145015105736 0.1704486422668241 0.05592145015105737 0.029138134592680054
0 0.5358811681772406 0.1704486422668241 0.05778449144008062 0.030590318772136985
0 0.5945921450151057 0.16935064935064933 0.04598187311178256 0.03132231404958674
0 0.6427492447129909 0.16863046044864227 0.034169184290030276 0.028406139315230228
0 0.6865458207452165 0.16971664698937428 0.03603222557905335 0.021853600944510023
0 0.7305337361530715 0.16665879574970482 0.03106747230614291 0.021853600944510023
0 0.7836858006042297 0.16927981109799292 0.05009063444108762 0.021853600944510023
0 0.8379556898288016 0.1679693034238489 0.03106747230614291 0.021853600944510023
0 0.8782376636455187 0.16665879574970482 0.03106747230614291 0.021853600944510023
0 0.9347432024169184 0.1679693034238489 0.04337361530714998 0.021853600944510023
0 0.9084491440080564 0.20731995277449822 0.03106747230614291 0.021853600944510023
0 0.9414501510574018 0.20731995277449822 0.020996978851963655 0.021853600944510023
0 0.9755790533736153 0.20731995277449822 0.03106747230614291 0.021853600944510023
1 0.06377643504531721 0.2066115702479339 0.1074219536757301 0.022302243211334106