0 0.7641606591143152 0.36115214180206795 0.46138002059732236 0.0723781388478582
0 0.7662203913491246 0.44534711964549484 0.4593202883625129 0.0723781388478582
0 0.981977342945417 0.5435745937961596 0.03398558187435633 0.023633677991137372
0 0.9799176107106076 0.8323485967503693 0.027806385169927908 0.03988183161004431
0 0.6930998970133883 0.8175775480059084 0.23274974253347064 0.0310192023633678
0 0.7167868177136972 0.07016248153618906 0.06385169927909372 0.03692762186115214
0 0.7837281153450052 0.06868537666174299 0.06591143151390319 0.04874446085672083
0 0.8470648815653965 0.07090103397341212 0.05664263645726056 0.047267355982274745
0 0.9031925849639547 0.0672082717872969 0.035015447991761074 0.03692762186115214
0 0.9407826982492276 0.06794682422451995 0.029866117404737384 0.03249630723781388
0 0.9840370751802265 0.0672082717872969 0.025746652935118436 0.0310192023633678
0 0.7971163748712667 0.01846381093057607 0.0411946446961895 0.022156573116691284
0 0.8563336766220392 0.019940915805022157 0.046343975283213185 0.025110782865583457
0 0.9026776519052523 0.0206794682422452 0.02368692070030896 0.026587887740029542
0 0.9407826982492276 0.019940915805022157 0.029866117404737384 0.019202363367799114
0 0.9835221421215242 0.02141802067946824 0.030895983522142123 0.025110782865583457
3 0.766735324407827 0.946824224519941 0.46446961894953653 0.09453471196454949