0 0.7086659877800408 0.06236280487804877 0.049063136456211874 0.044344512195121956
0 0.7739307535641547 0.06304878048780488 0.05554989816700606 0.03464939024390244
0 0.8405804480651732 0.06375 0.049989816700610916 0.03326219512195123
0 0.8938187372708758 0.06791158536585365 0.024999999999999953 0.03603658536585366
0 0.935478615071283 0.06582317073170732 0.024999999999999953 0.03464939024390244
0 0.9715784114052953 0.06375 0.024999999999999953 0.03048780487804878
0 0.7878207739307536 0.01524390243902439 0.03887983706720984 0.03048780487804878
0 0.8466089613034623 0.01524390243902439 0.04720977596741334 0.03048780487804878
0 0.8919653767820773 0.01663109756097561 0.03054989816700611 0.03048780487804878
0 0.9313136456211812 0.01940548780487805 0.020366598778004074 0.03048780487804878
0 0.9739002036659877 0.01663109756097561 0.03887983706720984 0.03048780487804878
0 0.7642158859470469 0.34021341463414634 0.45824847250509165 0.07621951219512195
0 0.7625458248472505 0.4302896341463414 0.45824847250509165 0.07621951219512195
3 0.7617107942973523 0.9489329268292683 0.46028513238289204 0.10213414634146341