3 0.7663016528925619 0.957859690844233 0.46739669421487606 0.07927467300832351
0 0.98025826446281 0.051521997621878715 0.025247933884297576 0.02642092746730083
0 0.7656095041322314 0.5469678953626635 0.4614359504132232 0.05813317479191437
1 0.7650413223140495 0.2847086801426873 0.46946280991735545 0.04888228299643283
0 0.8844111570247934 0.48024970273483947 0.2284194214876032 0.056813317479191404
0 0.9838119834710745 0.6229369797859691 0.032365702479338766 0.014530321046373397
0 0.9797933884297522 0.013210463733650415 0.040402892561983365 0.01585017835909631
0 0.23645661157024792 0.7728894173602854 0.4660227272727273 0.055493460166468576
0 0.6479545454545454 0.4795838287752675 0.22612603305785112 0.0607728894173603
0 0.7874173553719008 0.011890606420927468 0.04132231404958678 0.01850178359096314
0 0.847685950413223 0.013876337693222354 0.0447623966942148 0.014530321046373368
0 0.7799586776859504 0.052187871581450655 0.05394628099173557 0.03039239001189061
0 0.9400826446280992 0.04954815695600476 0.025247933884297576 0.02510107015457788
0 0.9349173553719008 0.015850178359096315 0.017221074380165364 0.015850178359096315
0 0.8981818181818182 0.05086801426872771 0.026404958677685893 0.02510107015457788
0 0.8465289256198347 0.04954815695600476 0.04935950413223138 0.022461355529131987
0 0.8970351239669422 0.014530321046373366 0.014917355371900884 0.018501783590963137
0 0.7082231404958678 0.05020214030915576 0.0527995867768594 0.029060642092746728