1 0.7601229508196721 0.2589340659340659 0.4546618852459016 0.04532967032967033
0 0.7069672131147541 0.04395604395604396 0.043545081967213115 0.027472527472527472
0 0.7761270491803278 0.046703296703296704 0.06915983606557377 0.027472527472527472
0 0.8408094262295082 0.04327472527472528 0.042264344262295084 0.020604395604395604
0 0.8965163934426229 0.04532967032967033 0.035860655737704916 0.016483516483516484
0 0.9375 0.03915384615384616 0.030737704918032786 0.020604395604395604
0 0.9752868852459017 0.04602197802197802 0.024334016393442622 0.0260989010989011
0 0.7831762295081968 0.006186813186813186 0.042264344262295084 0.012362637362637362
0 0.8388831967213115 0.010307692307692311 0.05122950819672131 0.015109890109890112
0 0.8965163934426229 0.00756043956043956 0.025614754098360656 0.01510989010989011
0 0.9310963114754098 0.008934065934065937 0.02305327868852459 0.017857142857142856
0 0.9779713114754098 0.006043956043956044 0.04405737704918033 0.012087912087912088
0 0.6448565573770492 0.4271978021978022 0.22925204918032788 0.0521978021978022
0 0.8811475409836066 0.42445054945054944 0.2228483606557377 0.04945054945054945
0 0.7620389344262295 0.48695604395604397 0.45594262295081966 0.04807692307692308
0 0.9720799180327869 0.5528901098901099 0.030737704918032786 0.017857142857142856
0 0.9720799180327869 0.8715714285714286 0.030737704918032786 0.0260989010989011
0 0.234375 0.7836593406593406 0.4405737704918033 0.042582417582417584
0 0.59875 0.8557692307692307 0.052510245901639344 0.016483516483516484
0 0.033299180327868855 0.6366813186813187 0.053790983606557374 0.061813186813186816
0 0.09733606557377049 0.6366813186813187 0.053790983606557374 0.059065934065934064
0 0.16586065573770492 0.635989010989011 0.057633196721311473 0.06043956043956044
0 0.23373975409836065 0.6373626373626373 0.052510245901639344 0.06043956043956044
0 0.30353483606557374 0.6373626373626373 0.05891393442622951 0.0521978021978022
0 0.37269467213114754 0.633934065934066 0.05122950819672131 0.059065934065934064
0 0.4373770491803279 0.633934065934066 0.052510245901639344 0.05357142857142857
0 0.033944672131147546 0.7136043956043956 0.047387295081967214 0.05631868131868132
0 0.09989754098360656 0.7108571428571429 0.05122950819672131 0.059065934065934064
0 0.16714139344262294 0.7081098901098901 0.04994877049180328 0.059065934065934064
0 0.23758196721311475 0.7081098901098901 0.06787909836065574 0.05357142857142857