0 0.4974924774322969 0.5062849162011173 0.35707121364092276 0.06005586592178771
0 0.40270812437311937 0.9441340782122905 0.1815446339017051 0.05307262569832402
0 0.5927783350050151 0.9434357541899442 0.18455366098294884 0.051675977653631286
0 0.6288866599799399 0.8736033519553073 0.09428284854563691 0.018156424581005588
0 0.6659979939819458 0.34497206703910616 0.020060180541624874 0.013966480446927373
0 0.7051153460381143 0.06424581005586592 0.06018054162487462 0.027932960893854747
0 0.7733199598796389 0.05935754189944134 0.06018054162487462 0.02653631284916201
0 0.8380140421263791 0.06424581005586592 0.05315947843530592 0.0223463687150838
0 0.8891675025075225 0.06005586592178771 0.02106318956870612 0.025139664804469275
0 0.9343029087261785 0.06284916201117319 0.031093279839518557 0.0335195530726257
0 0.9663991975927784 0.055865921787709494 0.029087261785356068 0.025139664804469275
0 0.7783350050150452 0.018156424581005588 0.034102306920762285 0.01675977653631285
0 0.8360080240722166 0.014664804469273743 0.041123370110330994 0.015363128491620111
0 0.8831494483450351 0.014664804469273743 0.023069207622868605 0.018156424581005588
0 0.9222668004012036 0.015363128491620111 0.029087261785356068 0.019553072625698324
0 0.9689067201604814 0.01606145251396648 0.034102306920762285 0.018156424581005588
0 0.7597793380140421 0.308659217877095 0.440320962888666 0.061452513966480445
0 0.9648946840521565 0.48044692737430167 0.03811434302908726 0.0223463687150838
0 0.9638916750250752 0.7493016759776536 0.024072216649949848 0.02653631284916201
3 0.49949849548645936 0.645949720670391 0.3891675025075226 0.6745810055865922