0 0.7059775967413442 0.03868421052631579 0.04709775967413442 0.021929824561403508
0 0.7889103869653769 0.007543859649122806 0.04073319755600815 0.015076754385964912
0 0.7723116089613035 0.03837719298245614 0.04709775967413442 0.021929824561403508
0 0.8911914460285132 0.03639254385964912 0.025458248472505093 0.021929824561403508
0 0.9743482688391039 0.03990131578947369 0.020366598778004074 0.021929824561403508
3 0.23224032586558044 0.7012390350877192 0.4607942973523422 0.0479385964912281
0 0.8432586558044807 0.007543859649122806 0.04820773930753556 0.015076754385964912
0 0.9336150712830956 0.03762061403508772 0.022912423625254582 0.021929824561403508
0 0.8362423625254582 0.0374671052631579 0.04709775967413442 0.021929824561403508
0 0.9691547861507128 0.006809210526315789 0.03119144602851335 0.013618421052631578
0 0.6421181262729123 0.35209429824561406 0.2240325865580448 0.05482456140350877
0 0.9280753564154787 0.006809210526315789 0.0278207739307535 0.013618421052631578
0 0.8769755600814665 0.3537719298245614 0.22530549898167007 0.05482456140350877
0 0.8915885947046843 0.006809210526315789 0.021700610997963284 0.013618421052631578
0 0.9746028513238288 0.4864802631578948 0.031059063136456212 0.01644736842105263
0 0.44460285132382893 0.6352850877192983 0.05218940936863544 0.05345394736842105
0 0.3784114052953157 0.6380263157894737 0.05218940936863544 0.05345394736842105
0 0.30967413441955194 0.6380263157894737 0.05218940936863544 0.05345394736842105
0 0.17474541751527495 0.6366557017543859 0.05218940936863544 0.05345394736842105
0 0.2409368635437882 0.6366557017543859 0.05218940936863547 0.05345394736842105
0 0.10600814663951119 0.6366557017543859 0.05218940936863544 0.05345394736842105
0 0.03981670061099796 0.6366557017543859 0.052189409368635434 0.05345394736842105
0 0.9706619144602852 0.7014473684210527 0.03309572301425662 0.03289473684210526
3 0.7618431771894094 0.7963267543859649 0.4595213849287169 0.0712719298245614