0 0.03135107471852609 0.09678298800436205 0.05757420675537359 0.024536532170119956
0 0.08572159672466735 0.0974700109051254 0.04861821903787104 0.03135223555070883
0 0.1330603889457523 0.09541984732824428 0.03582395087001024 0.029989094874591057
0 0.1759263050153531 0.09541984732824428 0.039662231320368474 0.029989094874591057
0 0.2271033776867963 0.09678298800436205 0.047338792221084953 0.027262813522355506
0 0.2968270214943705 0.0940567066521265 0.07420675537359263 0.027262813522355506
0 0.368474923234391 0.0974700109051254 0.04861821903787104 0.03135223555070883
0 0.4266939611054248 0.09269356597600872 0.04989764585465711 0.029989094874591057
0 0.4772262026612078 0.0974700109051254 0.04605936540429888 0.02862595419847328
0 0.5220061412487206 0.09541984732824428 0.03326509723643808 0.019083969465648856
0 0.5591095189355169 0.0920174482006543 0.0383828045035824 0.02044711014176663
0 0.6198874104401229 0.09269356597600872 0.07804503582395086 0.03544165757906216
0 0.6921699078812692 0.0920174482006543 0.05629477993858751 0.02589967284623773
0 0.7561412487205732 0.09678298800436205 0.05629477993858751 0.024536532170119956
0 0.7068884339815763 0.04770992366412214 0.06013306038894575 0.027262813522355506
0 0.7721392016376664 0.044307524536532174 0.0626919140225179 0.02317339149400218
0 0.8386693961105425 0.048396946564885496 0.05757420675537359 0.02044711014176663
0 0.898157625383828 0.047033805888767724 0.0255885363357216 0.01772082878953108
0 0.9378198567041965 0.049760087241003274 0.0255885363357216 0.02317339149400218
0 0.9768474923234391 0.04498364231188658 0.02430910951893552 0.024536532170119956
0 0.9327021494370522 0.008178844056706653 0.0383828045035824 0.016357688113413305
0 0.9786386898669396 0.01022900763358779 0.04068577277379734 0.01772082878953108
0 0.8911258955987718 0.008865866957470011 0.037103377686796314 0.014994547437295528
0 0.8444216990788127 0.008178844056706653 0.05373592630501536 0.016357688113413305
0 0.7830092118730808 0.009541984732824428 0.04861821903787104 0.019083969465648856
0 0.22645854657113612 0.14040348964013086 0.01791197543500512 0.016357688113413305
0 0.47466734902763563 0.14040348964013086 0.02047082906857728 0.024536532170119956
0 0.7311975435005118 0.14517993456924755 0.02430910951893552 0.02044711014176663
0 0.977482088024565 0.14517993456924755 0.01791197543500512 0.02044711014176663
0 0.9781269191402252 0.5847873500545256 0.01151484135107472 0.016357688113413305
0 0.7260798362333675 0.5725190839694656 0.014073694984646877 0.021810250817884406
0 0.22454452405322414 0.5868375136314068 0.02686796315250768 0.01772082878953108
0 0.47147389969293757 0.910577971646674 0.02175025588536336 0.024536532170119956
0 0.9717297850562948 0.928298800436205 0.02430910951893552 0.024536532170119956