0 0.8782051282051282 0.3792605633802817 0.22564102564102564 0.060152582159624414
0 0.6455179487179488 0.3814553990610329 0.22435897435897437 0.05868544600938967
0 0.7076923076923077 0.04328638497652582 0.06153846153846154 0.027875586854460094
0 0.7794871794871795 0.04328638497652582 0.06153846153846154 0.027875586854460094
0 0.841025641025641 0.04328638497652582 0.06153846153846154 0.027875586854460094
0 0.8948717948717949 0.04181924882629108 0.02564102564102564 0.027875586854460094
0 0.9371794871794872 0.04328638497652582 0.02564102564102564 0.027875586854460094
0 0.9782051282051282 0.04622065727699531 0.02564102564102564 0.027875586854460094
3 0.764102564102564 0.951443661971831 0.46153846153846156 0.08362676056338028
0 0.9750051282051282 0.8553403755868545 0.016666666666666666 0.023474178403755867
0 0.7628205128205128 0.451150234741784 0.46153846153846156 0.054284037558685445
0 0.9775692307692307 0.5178990610328639 0.026923076923076925 0.02640845070422535
3 0.7756410256410257 0.08436619718309858 0.08717948717948718 0.03667840375586855
0 0.7858974358974359 0.008075117370892018 0.041025641025641026 0.01613849765258216
0 0.8464512820512821 0.008075117370892018 0.04855384615384607 0.01613849765258216
0 0.8933128205128206 0.007288732394366197 0.021856410256410202 0.014577464788732394
0 0.9326461538461539 0.007288732394366197 0.028020512820512756 0.014577464788732394
0 0.9760923076923077 0.007288732394366197 0.03966153846153853 0.014577464788732394