0 0.7685852713178294 0.014875389408099689 0.037877906976744105 0.029735202492211833
0 0.8241279069767442 0.014797507788161994 0.041666666666666664 0.029595015576323987
0 0.8668023255813954 0.014875389408099689 0.02818798449612395 0.029735202492211833
0 0.9031007751937985 0.014797507788161994 0.027131782945736434 0.029595015576323987
0 0.9452519379844961 0.014797507788161994 0.0377906976744186 0.029595015576323987
0 0.6954748062015504 0.06160436137071651 0.04492248062015494 0.029735202492211843
0 0.7597771317829458 0.06302180685358255 0.04492248062015494 0.029735202492211843
0 0.8179166666666667 0.06585669781931465 0.04492248062015494 0.029735202492211843
0 0.876937984496124 0.0644392523364486 0.032587209302325684 0.029735202492211843
0 0.9108527131782945 0.0644392523364486 0.022897286821705533 0.029735202492211843
0 0.9460949612403101 0.0644392523364486 0.021133720930232504 0.029735202492211843
0 0.9784205426356589 0.22869158878504672 0.020261627906976824 0.029735202492211798
0 0.08809108527131783 0.21878504672897198 0.07399224806201551 0.12319314641744547
0 0.201734496124031 0.21169781931464174 0.07399224806201551 0.12319314641744547
0 0.44133720930232556 0.21169781931464174 0.07399224806201551 0.12319314641744547
0 0.33033914728682173 0.21453271028037382 0.07399224806201551 0.12319314641744547
0 0.5593798449612403 0.21169781931464174 0.0739922480620154 0.12319314641744547
0 0.6703779069767443 0.20886292834890965 0.0739922480620154 0.12319314641744547
0 0.8060562015503876 0.21595015576323986 0.0739922480620154 0.12319314641744551
0 0.8985271317829457 0.21311526479750778 0.0739922480620154 0.12319314641744551
3 0.4981492248062016 0.6832398753894081 0.9311143410852714 0.5989875389408099