0 0.707394438722966 0.0532438739789965 0.060504634397528324 0.030630105017502917
0 0.7846343975283213 0.0488681446907818 0.05535530381050464 0.021878646441073513
0 0.8477136972193615 0.0488681446907818 0.05020597322348095 0.024795799299883313
0 0.9017816683831102 0.04813302217036173 0.03475798146240989 0.020420070011668612
0 0.9423274974253347 0.04813302217036173 0.03604531410916581 0.023337222870478413
0 0.9745108135942327 0.04813302217036173 0.023171987641606592 0.026254375729288213
0 0.7807723995880536 0.010210035005834306 0.04505664263645726 0.020420070011668612
0 0.8425643666323378 0.01677946324387398 0.060504634397528324 0.016044340723453912
0 0.8908341915550978 0.010945157526254379 0.03604531410916581 0.021878646441073513
0 0.9294541709577755 0.011668611435239206 0.02832131822863028 0.023337222870478413
0 0.9757981462409887 0.011668611435239206 0.0411946446961895 0.023337222870478413
0 0.6468898043254376 0.48424737456242706 0.22785787847579814 0.058343057176196034
0 0.8811843460350155 0.48570595099183195 0.23300720906282182 0.058343057176196034
0 0.7646755921730175 0.5542590431738623 0.45829042224510813 0.05542590431738623
0 0.24138002059732233 0.6760560093348892 0.4673017507723996 0.06271878646441073
0 0.6024716786817713 0.8620186697782963 0.07981462409886715 0.043757292882147025
0 0.97129763130793 0.8671295215869311 0.027033985581874358 0.03646441073512252
0 0.9764469618949536 0.6213535589264878 0.04248197734294542 0.03208868144690782
1 0.7601750772399588 0.27712952158693116 0.4621524201853759 0.052508751458576426
3 0.7633882595262615 0.9561026837806301 0.46086508753862 0.08022170361726955