0 0.8010728744939272 0.015279878971255673 0.03920040485829961 0.0305446293494705
0 0.8582894736842105 0.015279878971255673 0.04905870445344132 0.0305446293494705
0 0.9065789473684212 0.015279878971255673 0.028724696356275413 0.0305446293494705
0 0.9413056680161943 0.01573373676248109 0.03180161943319845 0.0305446293494705
0 0.9840991902834008 0.015279878971255673 0.03180161943319845 0.0305446293494705
0 0.7143623481781376 0.06532526475037821 0.05608299595141709 0.02996974281391831
0 0.7823987854251012 0.06246596066565809 0.05435222672064782 0.03936459909228441
0 0.8448886639676113 0.0654160363086233 0.04399797570850205 0.03900151285930409
0 0.9002935222672065 0.06597579425113465 0.030566801619433245 0.04157337367624812
0 0.9412854251012146 0.06478063540090771 0.028714574898785313 0.042133131618759465
0 0.978997975708502 0.06496217851739788 0.02723684210526324 0.038078668683812406
3 0.7833805668016195 0.11821482602118003 0.1041497975708503 0.06611195158850229
0 0.7691497975708501 0.3381089258698941 0.4506376518218624 0.06851739788199701
0 0.7701315789473684 0.4242662632375189 0.45360323886639686 0.07131618759455369
0 0.9807186234817814 0.5203328290468986 0.03856275303643716 0.0320574886535553
0 0.9790587044534412 0.8165960665658093 0.03327935222672076 0.04387291981845688
3 0.7688360323886639 0.939606656580938 0.45494939271255064 0.09827534039334347