1 0.7628865979381443 0.2916160388821385 0.4536082474226804 0.04860267314702309
0 0.03207216494845361 0.7067679222357229 0.05269072164948454 0.06345078979343867
0 0.10137113402061855 0.7067679222357229 0.05154639175257732 0.06614823815309849
0 0.16781443298969073 0.7047387606318347 0.05154639175257732 0.067509113001215
0 0.23596907216494845 0.7067679222357229 0.05269072164948455 0.060753341433778855
0 0.30183505154639173 0.7067679222357229 0.05154639175257732 0.05535844471445923
0 0.374 0.7060874848116646 0.05383505154639178 0.06210206561360863
0 0.43928865979381443 0.7074362089914946 0.05154639175257732 0.05940461725394909
0 0.4410103092783505 0.7911421628189551 0.04811340206185563 0.06479951397326844
0 0.36998969072164944 0.7884447144592952 0.05497938144329901 0.05940461725394909
0 0.3035463917525773 0.792490886998785 0.05269072164948455 0.05940461725394909
0 0.2353917525773196 0.7891130012150669 0.05154639175257732 0.05535844471445923
0 0.16609278350515466 0.7857472660996354 0.04581443298969072 0.05670716889428928
0 0.10137113402061855 0.7904738760631834 0.04925773195876289 0.060753341433778855
0 0.029783505154639175 0.7897934386391251 0.05727835051546392 0.053997569866342715
0 0.7061855670103093 0.0553584447144593 0.06528865979381436 0.01619684082624544
0 0.7783505154639175 0.053997569866342646 0.046969072164948396 0.01890643985419198
0 0.8413505154639176 0.052648845686512756 0.04467010309278343 0.01890643985419198
0 0.8969072164948454 0.0553584447144593 0.02978350515463928 0.021603888213851764
0 0.9392886597938145 0.056026731470230864 0.022907216494845388 0.020255164034021875
0 0.9742268041237113 0.051980558930741196 0.019474226804123813 0.022952612393681654
0 0.9788659793814433 0.009720534629404616 0.03608247422680412 0.019441069258809233
0 0.9392886597938145 0.011470230862697446 0.02749484536082482 0.020255164034021875
0 0.8991958762886598 0.014848116646415551 0.022907216494845388 0.010801944106925879
0 0.847082474226804 0.01754556500607533 0.05383505154639178 0.010801944106925879
0 0.7898041237113402 0.008772782503037667 0.05154639175257732 0.014848116646415553
0 0.6449072164948453 0.4738760631834751 0.22909278350515466 0.05670716889428914
0 0.880298969072165 0.4725273390036452 0.22337113402061864 0.05670716889428914
0 0.7617422680412371 0.5447509113001214 0.465061855670103 0.055358444714459366
0 0.9770927835051546 0.6203645200486027 0.02978350515463928 0.014848116646415516
0 0.5990824742268042 0.9572053462940462 0.04352577319587632 0.016196840826245354
0 0.9730824742268042 0.9605832320777642 0.03780412371134028 0.028347509113001126