0 0.6479124236252546 0.4943586698337292 0.2240325865580448 0.05938242280285035
0 0.8821283095723014 0.49213776722090263 0.2189409368635438 0.06086698337292162
0 0.7121995926680245 0.05938242280285035 0.05473523421588595 0.03859857482185273
0 0.7777494908350305 0.05419239904988124 0.0560081466395112 0.03414489311163896
0 0.8407637474541751 0.05641330166270784 0.04709775967413442 0.032660332541567694
0 0.8929531568228106 0.052707838479809976 0.026731160896130347 0.02820665083135392
0 0.9394093686354379 0.0556769596199525 0.03054989816700611 0.031175771971496437
0 0.9769653767820774 0.05864608076009502 0.024185336048879836 0.031175771971496437
0 0.9793788187372708 0.01336104513064133 0.03920570264765784 0.023752969121140142
0 0.9343177189409368 0.010391923990498812 0.03309572301425662 0.020783847980997625
0 0.9005906313645621 0.014845605700712588 0.029276985743380855 0.02672209026128266
0 0.8458553971486762 0.014109263657957248 0.05473523421588595 0.02820665083135392
0 0.7904786150712831 0.015593824228028507 0.04073319755600815 0.031175771971496437
1 0.7662932790224033 0.2835510688836104 0.45061099796334014 0.03859857482185273
0 0.042647657841140524 0.6940380047505939 0.05728105906313645 0.06383610451306414
0 0.11011201629327902 0.6984916864608076 0.06237270875763747 0.07274346793349169
0 0.18266802443991853 0.6940380047505939 0.06491853360488799 0.06977434679334917
0 0.7586558044806517 0.5567102137767221 0.46588594704684316 0.05938242280285035
0 0.6657331975560081 0.7868171021377672 0.017820773930753563 0.020783847980997625
0 0.6880142566191446 0.8885154394299287 0.01654786150712831 0.016330166270783847
0 0.6154582484725051 0.9716508313539193 0.08273930753564154 0.03414489311163896
0 0.9763238289205702 0.9738717339667459 0.043279022403258656 0.032660332541567694