0 0.7814153846153846 0.014334862385321102 0.04487179487179487 0.028669724770642203
0 0.8429538461538462 0.012901376146788992 0.047435897435897434 0.020068807339449542
0 0.8935897435897436 0.015057339449541287 0.020512820512820513 0.030103211009174312
0 0.9320512820512821 0.010034403669724771 0.02564102564102564 0.020068807339449542
0 0.9750051282051282 0.01576834862385321 0.04230769230769231 0.022935779816513763
0 0.9782051282051282 0.05519495412844037 0.028205128205128206 0.02723623853211009
0 0.937825641025641 0.05089449541284404 0.04230769230769231 0.03870412844036697
0 0.8929538461538461 0.04802752293577982 0.03717948717948718 0.03583715596330275
0 0.8346153846153846 0.05590596330275229 0.05897435897435897 0.03727064220183486
0 0.7705128205128206 0.05089449541284404 0.05897435897435897 0.03583715596330275
0 0.7141025641025641 0.05376146788990826 0.046153846153846156 0.03583715596330275
0 0.03269743589743589 0.6651376146788991 0.06282051282051282 0.06594036697247706
0 0.10256410256410256 0.6694380733944955 0.05897435897435897 0.06307339449541284
0 0.16987692307692306 0.6672935779816513 0.057692307692307696 0.06450688073394495
0 0.23526153846153847 0.6665711009174312 0.05512820512820513 0.06594036697247706
0 0.3044923076923077 0.6694380733944955 0.06538461538461539 0.06307339449541284
0 0.37372307692307694 0.6701605504587156 0.057692307692307696 0.06737385321100918
0 0.4423076923076923 0.6758944954128441 0.05897435897435897 0.07310779816513761
0 0.44295384615384614 0.7461353211009174 0.06025641025641026 0.06163990825688073
0 0.3762871794871795 0.7518692660550459 0.06794871794871794 0.08170871559633028
0 0.3038461538461538 0.742545871559633 0.05897435897435897 0.06307339449541284
0 0.2358974358974359 0.7432683486238532 0.06666666666666667 0.07310779816513761
0 0.16987692307692306 0.7389678899082569 0.05512820512820513 0.07310779816513761
0 0.10321025641025641 0.7447018348623853 0.057692307692307696 0.0702408256880734
0 0.03717948717948718 0.7396788990825688 0.05641025641025641 0.06594036697247706
0 0.6461538461538462 0.4465366972477064 0.23076923076923078 0.058772935779816515
0 0.7653846153846153 0.5117545871559633 0.4564102564102564 0.06594036697247706
0 0.8807692307692307 0.4422362385321101 0.23076923076923078 0.058772935779816515
0 0.9833333333333333 0.5812844036697248 0.03333333333333333 0.010034403669724771
0 0.9692307692307692 0.8586582568807339 0.02564102564102564 0.025802752293577983
0 0.5961538461538461 0.8550802752293578 0.05897435897435897 0.030103211009174312
0 0.6858974358974359 0.779105504587156 0.015384615384615385 0.01863532110091743
1 0.7647487179487179 0.27595183486238534 0.46282051282051284 0.047305045871559634
3 0.7634666666666666 0.9568577981651376 0.4576923076923077 0.08170871559633028