0 0.8002061855670104 0.011295681063122922 0.049711340206185596 0.02258028792912514
0 0.860319587628866 0.013034330011074197 0.05970103092783514 0.024174972314507197
0 0.9087938144329897 0.012059800664451828 0.027381443298969015 0.023056478405315616
0 0.945298969072165 0.011450719822812845 0.026618556701030863 0.02019933554817276
0 0.9831030927835052 0.011295681063122922 0.033783505154639154 0.021528239202657812
0 0.7142474226804124 0.04817275747508306 0.054278350515464015 0.023377630121816168
0 0.7824639175257732 0.04510520487264673 0.06330927835051554 0.025415282392026582
0 0.8463917525773196 0.049191583610188265 0.052381443298969016 0.029501661129568108
0 0.9044226804123711 0.04745293466223699 0.03231958762886589 0.03093023255813953
0 0.9444948453608247 0.04725359911406423 0.031082474226804217 0.031339977851605756
0 0.9853917525773196 0.046633444075304537 0.02921649484536074 0.0284828349944629
3 0.7800824742268041 0.08636766334440753 0.09468041237113393 0.04503875968992248
1 0.7657938144329898 0.26541528239202655 0.4684123711340205 0.057574750830564764
0 0.6484742268041237 0.4252934662236988 0.2390824742268042 0.06362126245847181
0 0.8855670103092783 0.42414174972314506 0.2288659793814433 0.06423034330011074
0 0.7678865979381444 0.4911184939091916 0.4642268041237113 0.06375415282392032
0 0.9825360824742267 0.5659136212624585 0.03492783505154651 0.03363233665559241
0 0.9842474226804124 0.8733776301218161 0.0315051546391752 0.0252380952380952
3 0.7686494845360825 0.9644850498338869 0.462701030927835 0.07102990033222602
0 0.24161855670103094 0.7192137320044297 0.46529896907216484 0.05990033222591353
0 0.03736082474226803 0.6467441860465116 0.057762886597938136 0.06458471760797335
0 0.10496907216494844 0.6438981173864895 0.05608247422680412 0.06419712070874864
0 0.1726907216494845 0.6467884828349945 0.057762886597938115 0.06458471760797335
0 0.23939175257731962 0.6464008859357697 0.05608247422680413 0.06419712070874864
0 0.3070824742268041 0.6444850498338871 0.056082474226804103 0.06419712070874864