0 0.7144193216855087 0.050489596083231336 0.047533401849948614 0.02447980416156671
0 0.9817574511819116 0.050489596083231336 0.020554984583761562 0.02447980416156671
0 0.7825077081192189 0.050611995104039166 0.047533401849948614 0.02447980416156671
0 0.9433196300102775 0.052019583843329255 0.023124357656731757 0.02447980416156671
0 0.7967831449126414 0.011689106487148104 0.041109969167523124 0.016829865361077112
0 0.9020143884892086 0.051223990208078336 0.025693730729701953 0.02447980416156671
0 0.849311408016444 0.050489596083231336 0.047533401849948614 0.02447980416156671
0 0.8581500513874615 0.011689106487148104 0.04865364850976353 0.016829865361077112
0 0.9827132579650565 0.011689106487148104 0.03456320657759518 0.015201958384332928
0 0.9402363823227132 0.01086903304773562 0.02807810894141823 0.015201958384332923
0 0.9044193216855088 0.010048959608323135 0.021901336073997888 0.015201958384332928
0 0.3798047276464543 0.44239902080783355 0.11455292908530322 0.05033047735618116
0 0.5026824254881809 0.49866585067319463 0.11455292908530322 0.05033047735618116
0 0.38144912641315515 0.49998776009791923 0.11455292908530322 0.05033047735618116
0 0.631120246659815 0.4383720930232558 0.11455292908530322 0.05033047735618116
0 0.5032168550873587 0.44102815177478577 0.11455292908530322 0.05033047735618116
0 0.38071942446043167 0.5591187270501836 0.11455292908530322 0.05033047735618116
0 0.6332990750256938 0.5588616891064871 0.11455292908530322 0.05033047735618116
0 0.5015313463514902 0.5608812729498164 0.11455292908530322 0.05033047735618116
0 0.6327646454265159 0.4959608323133415 0.11455292908530322 0.05033047735618116
0 0.38324768756423433 0.6177356181150551 0.11455292908530322 0.05033047735618116
0 0.3825179856115108 0.6761077111383109 0.11455292908530322 0.050330477356181014
0 0.502065775950668 0.6741003671970625 0.11455292908530322 0.050330477356181014
0 0.6310174717368963 0.6200611995104038 0.11455292908530322 0.05033047735618116
0 0.5063823227132579 0.617172582619339 0.11455292908530317 0.05033047735618108
0 0.8858067831449127 0.473782129742962 0.2266289825282631 0.059498164014687896
0 0.04020554984583761 0.7110403916768665 0.053607399794450145 0.058041615667074754
0 0.1070606372045221 0.7123011015911873 0.05360739979445015 0.058041615667074754
0 0.03988694758478931 0.7948225214198287 0.05360739979445015 0.058041615667074754
0 0.17376156217882835 0.7119216646266829 0.053607399794450124 0.058041615667074754
0 0.24061664953751286 0.7146389228886169 0.053607399794450124 0.058041615667074754
0 0.9814594039054471 0.9678824969400245 0.02315519013360737 0.029020807833537377