0 0.04915584415584416 0.13496932515337423 0.08206980519480521 0.03272392638036812
0 0.11814935064935066 0.13701840490797546 0.03607142857142857 0.03680981595092025
0 0.1578246753246753 0.13224539877300615 0.028863636363636366 0.02998773006134969
0 0.20112012987012987 0.13155828220858895 0.028863636363636366 0.02590184049079756
0 0.23899350649350648 0.13360736196319017 0.03426948051948054 0.02998773006134969
0 0.2791314935064935 0.13155828220858895 0.033368506493506506 0.028625766871165626
0 0.32603084415584416 0.13155828220858895 0.04960227272727274 0.03680981595092025
0 0.38555194805194803 0.13701840490797546 0.04238636363636366 0.03136196319018405
0 0.7088717532467533 0.06339877300613497 0.05050324675324677 0.03408588957055215
0 0.7733603896103896 0.05657668711656442 0.07124999999999998 0.03953374233128834
0 0.8382954545454545 0.06066257668711656 0.05501623376623384 0.028625766871165644
0 0.8915016233766233 0.06271165644171779 0.02615259740259724 0.027263803680981594
0 0.9307386363636364 0.06543558282208589 0.030665584415584576 0.02998773006134969
0 0.974025974025974 0.06543558282208589 0.036071428571428615 0.02998773006134969
0 0.7990584415584416 0.0190920245398773 0.05050324675324677 0.0218159509202454
0 0.8549756493506493 0.014319018404907975 0.05230519480519485 0.01499386503067485
0 0.8996185064935064 0.017717791411042943 0.02254870129870146 0.013631901840490795
0 0.9352435064935065 0.0109079754601227 0.03426948051948036 0.0218159509202454
0 0.974025974025974 0.015680981595092024 0.030665584415584576 0.017717791411042946
0 0.9609496753246755 0.48602453987730065 0.02976461038961045 0.06407361963190188
0 0.05050324675324675 0.49079754601226994 0.028863636363636366 0.07634355828220862
0 0.0689935064935065 0.9263803680981595 0.067637987012987 0.14041717791411049
0 0.19390422077922076 0.935239263803681 0.08658279220779219 0.11997546012269936
0 0.31340097402597406 0.9304662576687117 0.0766558441558442 0.13496932515337423
0 0.43650974025974026 0.9321717791411043 0.07215097402597406 0.13565644171779134
0 0.5627678571428572 0.9328588957055214 0.06673701298701301 0.13428220858895712
0 0.6845211038961039 0.9335337423312884 0.06493506493506493 0.13292024539877292
0 0.8098863636363636 0.928760736196319 0.07756493506493502 0.14246625766871154
0 0.9311850649350649 0.9311533742331288 0.09650162337662327 0.12814723926380375