2 0.580606531881804 0.2544774193548387 0.6462830482115086 0.058787096774193554
2 0.4216329704510109 0.33046451612903227 0.31794712286158633 0.0530451612903226
2 0.7637791601866252 0.3297548387096774 0.25920684292379476 0.05447741935483875
2 0.6791135303265942 0.41433548387096775 0.44236391912908235 0.05161290322580645
2 0.574556765163297 0.5648774193548387 0.6445412130637636 0.045883870967741866
1 0.3144945567651633 0.6286709677419355 0.1382426127527216 0.032980645161290255
1 0.3551010886469674 0.6766967741935485 0.20217729393468123 0.025806451612903226
1 0.6998444790046656 0.6774193548387096 0.24883359253499224 0.032980645161290255
1 0.3620217729393468 0.7204258064516129 0.2125505443234837 0.021509677419354934
1 0.6765163297045101 0.7161290322580646 0.22982892690513215 0.035845161290322544
1 0.3438724727838258 0.4129032258064516 0.1797200622083981 0.060219354838709625
0 0.7897045101088647 0.4896 0.1140435458786936 0.024374193548387078
0 0.7983359253499223 0.5168516129032258 0.1140435458786936 0.027238709677419374
0 0.5002643856920684 0.8028645161290323 0.7862519440124418 0.06308387096774207
0 0.4354587869362364 0.9469548387096774 0.08293934681181961 0.07598709677419367
0 0.570248833592535 0.9491096774193548 0.08986003110419903 0.06881290322580635