1 0.8313411938098748 0.04875406283856988 0.12067059690493737 0.051462621885157094
0 0.9165438467207074 0.05620801733477789 0.03316138540899042 0.04469122426868905
0 0.14876934414148857 0.16115926327193933 0.04329403095062638 0.03791982665222102
0 0.20956521739130435 0.1598049837486457 0.03224023581429624 0.035211267605633804
0 0.26529108327192336 0.15845070422535212 0.03131908621960206 0.029794149512459372
0 0.3348415622697126 0.1604875406283857 0.06171702284450995 0.03927410617551463
0 0.40116433308769345 0.1598049837486457 0.0340825350036846 0.03791982665222102
0 0.6033529845246868 0.1598049837486457 0.08843036109064112 0.04875406283856988
0 0.6853352984524687 0.16115926327193933 0.05711127487103906 0.05417118093174431
0 0.7521223286661755 0.1604875406283857 0.052505526897568246 0.04198266522210184
0 0.827656595431098 0.1591332611050921 0.02671333824613117 0.05552546045503792
0 0.8686440677966102 0.16251354279523295 0.02763448784082535 0.04604550379198267
0 0.9027266028002948 0.16319609967497292 0.02210759027266028 0.04739978331527627
0 0.940957995578482 0.1604875406283857 0.024871039056742816 0.05010834236186349
0 0.9773397199705232 0.1604875406283857 0.03131908621960206 0.04198266522210184
0 0.25101694915254236 0.6500541711809318 0.019344141488577746 0.03791982665222102
0 0.2814148857774503 0.652762730227519 0.01750184229918939 0.035211267605633804
0 0.17916728076639646 0.652762730227519 0.024871039056742816 0.035211267605633804
0 0.38780397936624905 0.6155254604550379 0.12527634487840825 0.05010834236186349
0 0.8129182019159913 0.8125677139761647 0.02855563743551953 0.03791982665222102
0 0.8843036109064112 0.8152762730227519 0.023949889462048637 0.032502708559046585
0 0.9142446573323508 0.8132502708559046 0.019344141488577746 0.03656554712892741
3 0.9165438467207074 0.20924160346695558 0.06448047162859248 0.033856988082340195
3 0.5 0.04469122426868906 1 0.08938244853737812
0 0.6982313927781871 0.04739978331527627 0.10316875460574797 0.04604550379198267