0 0.1849345417925478 0.2113104524180967 0.03296072507552872 0.04538221528861153
0 0.3488016112789527 0.2070670826833073 0.02746223564954681 0.03404056162246489
0 0.18813695871097683 0.43397815912636506 0.02472306143001008 0.042542901716068615
0 0.3515508559919436 0.43469578783151325 0.03296072507552872 0.0326209048361934
0 0.18585095669687815 0.6545241809672387 0.02197381671701913 0.0326209048361934
0 0.35246727089627394 0.6651482059282372 0.03296072507552872 0.039703588143525814
0 0.1876737160120846 0.8828549141965678 0.02746223564954681 0.026942277691107616
0 0.3570493454179255 0.886396255850234 0.029295065458207484 0.02269890795631818
0 0.903141993957704 0.24748829953198126 0.10528700906344406 0.058143525741029614
0 0.9026787512588117 0.46801872074882994 0.10253776435045311 0.05390015600624018
0 0.903595166163142 0.6949297971918876 0.10070493454179255 0.056723868954758214
0 0.9063444108761329 0.9161778471138845 0.10070493454179255 0.045382215288611416