1 0.07833093525179856 0.12184073107049607 0.03837410071942447 0.0348172323759791
1 0.39089208633093525 0.12112271540469974 0.046359712230215865 0.03336814621409922
1 0.716230215827338 0.12402088772845953 0.02877697841726619 0.03336814621409922
1 0.07994244604316547 0.44386422976501305 0.041568345323741 0.037715404699738886
1 0.39968345323741006 0.4409660574412532 0.04795683453237416 0.03481723237597906
1 0.7218273381294964 0.44023498694516977 0.03037410071942448 0.02176240208877279
1 0.3900863309352518 0.7492036553524803 0.04795683453237412 0.03336814621409914
1 0.07434532374100719 0.7521018276762402 0.027179856115107915 0.030456919060052125
1 0.7098273381294964 0.7499216710182768 0.03516546762589936 0.04061357702349856
0 0.19184172661870505 0.3604569190600522 0.18225899280575542 0.05366840731070498
0 0.5227769784172661 0.3582767624020888 0.15348201438848916 0.04932114882506524
0 0.8393237410071943 0.3648041775456919 0.1470791366906475 0.044960835509138306
0 0.17585611510791366 0.6708746736292428 0.15027338129496404 0.0478720626631854
0 0.5075971223021583 0.667976501305483 0.135884892086331 0.04206266318537855
0 0.8289352517985612 0.6730548302872061 0.15507913669064743 0.04061357702349864
0 0.19505035971223023 0.9805613577023499 0.15348201438848924 0.02610966057441253
0 0.506 0.9849086161879896 0.17106474820143883 0.02610966057441253
0 0.8345323741007195 0.9834595300261098 0.13428776978417256 0.02610966057441253