0 0.06817073170731708 0.12386543535620052 0.09739329268292682 0.036649076517150395
0 0.1880106707317073 0.12312664907651714 0.04403963414634149 0.029313984168865433
0 0.24305640243902438 0.12679419525065963 0.03048780487804878 0.030778364116095004
0 0.2955640243902439 0.12679419525065963 0.04234756097560972 0.0249208443271768
0 0.35865853658536584 0.12679419525065963 0.051661585365853635 0.030778364116095004
0 0.43614329268292684 0.1245910290237467 0.07113567073170726 0.03518469656992086
0 0.5309984756097561 0.12606860158311345 0.06605945121951225 0.029313984168865433
0 0.6262728658536585 0.1282585751978892 0.07537347560975617 0.0219920844327177
0 0.7744740853658537 0.0579023746701847 0.04488567073170739 0.07769129287598946
0 0.8295198170731707 0.056437994722955145 0.03302591463414629 0.08354881266490764
0 0.8866844512195121 0.0579023746701847 0.038955792682926926 0.08649076517150396
0 0.9650228658536585 0.15391820580474935 0.03472560975609752 0.0644986807387863
0 0.9646036585365854 0.2250131926121372 0.028795731707317227 0.054234828496042234
0 0.9620579268292683 0.2829023746701847 0.018628048780487846 0.023456464379947195
0 0.9641768292682927 0.43609498680738784 0.03133384146341473 0.06596306068601583
0 0.9646036585365854 0.523311345646438 0.03387195121951224 0.07622691292875985
0 0.9641768292682927 0.6156596306068601 0.03302591463414629 0.0674274406332454
4 0.96375 0.7314511873350924 0.04911585365853663 0.11434036939313987
1 0.7376371951219513 0.7263324538258574 0.33367378048780494 0.05716358839050122
0 0.8032698170731708 0.290976253298153 0.053353658536585365 0.03664907651715036
0 0.8663643292682928 0.28803430079155673 0.047423780487804726 0.036649076517150436
0 0.8722865853658537 0.47493403693931396 0.05589176829268287 0.04104221635883907
0 0.6626829268292683 0.6061213720316623 0.08045731707317069 0.024920844327176762
1 0.7406021341463415 0.7886279683377309 0.33621189024390236 0.05862796833773094
0 0.5017759146341464 0.9476649076517151 0.039801829268292704 0.06889182058047497
0 0.5479344512195122 0.9506068601583113 0.04064786585365848 0.06596306068601583
0 0.6292378048780487 0.9520712401055409 0.105015243902439 0.060105540897097555
0 0.7359451219512194 0.9527968337730871 0.10162347560975604 0.049841688654353525
0 0.8511204268292684 0.9513324538258575 0.12364329268292668 0.06449868073878641
0 0.9650228658536585 0.8267414248021108 0.056737804878048824 0.03811345646438008