0 0.8704620462046204 0.07659574468085106 0.06435643564356436 0.04539007092198582
0 0.9377062706270627 0.075177304964539 0.04867986798679868 0.03404255319148936
0 0.9781353135313532 0.46595744680851064 0.018976897689768978 0.018439716312056736
0 0.7165841584158416 0.5226950354609929 0.08828382838283828 0.01276595744680851
0 0.5767326732673267 0.7042553191489361 0.07920792079207921 0.04964539007092199
0 0.11344884488448845 0.9141843971631206 0.07343234323432343 0.10638297872340426
0 0.5420792079207921 0.8950354609929078 0.039603960396039604 0.07092198581560284
0 0.5915841584158416 0.9 0.0462046204620462 0.08085106382978724
0 0.6794554455445545 0.8992907801418439 0.11963696369636964 0.07092198581560284
0 0.8007425742574258 0.9014184397163121 0.11798679867986799 0.075177304964539
0 0.9207920792079208 0.8971631205673759 0.12046204620462046 0.07234042553191489