1 0.06835284280936454 0.11735870818915801 0.11872909698996656 0.0392156862745098
0 0.2092140468227425 0.11549019607843136 0.039933110367892995 0.034048442906574404
0 0.3176755852842809 0.11674740484429065 0.04101170568561869 0.034048442906574404
2 0.46195652173913043 0.04325259515570934 0.41178929765886285 0.04844290657439446
0 0.25909698996655517 0.11389850057670127 0.032617056856187286 0.034048442906574404
0 0.4712040133779264 0.11537485582468282 0.07024247491638795 0.034048442906574404
0 0.3924581939799331 0.11474048442906574 0.0661120401337792 0.034048442906574404
0 0.5681354515050168 0.1162168396770473 0.08283444816053506 0.034048442906574404
0 0.6731354515050167 0.1171510957324106 0.07447324414715714 0.034048442906574404
1 0.879289297658863 0.11735870818915801 0.21592809364548496 0.03575547866205306
0 0.8482441471571907 0.054498269896193774 0.03971571906354515 0.06632064590542099
0 0.9669732441471572 0.05291810841983852 0.04096989966555184 0.06776239907727796
0 0.9086538461538461 0.055074971164936565 0.04096989966555184 0.06920415224913495
0 0.9322742474916388 0.8362168396770473 0.12123745819397994 0.06055363321799308
0 0.8063377926421406 0.8347750865051903 0.12228260869565227 0.06343713956170703
0 0.6887541806020067 0.8355017301038062 0.1149665551839465 0.05046136101499423
0 0.5967809364548495 0.8383852364475202 0.04389632107023411 0.06487889273356401
0 0.17558528428093645 0.9450749711649366 0.06061872909698997 0.07929642445213379
0 0.24142976588628762 0.943044982698962 0.06061872909698997 0.07929642445213379
0 0.3072742474916388 0.9459284890426759 0.06061872909698997 0.07929642445213379
0 0.36998327759197325 0.9473702422145329 0.06061872909698997 0.07929642445213379
0 0.4206772575250836 0.9472318339100346 0.021948160535117056 0.03460207612456748
1 0.8089464882943144 0.6913264129181084 0.3720735785953177 0.05046136101499423
0 0.23986622073578595 0.5536332179930796 0.0742056856187291 0.05190311418685121