0 0.9279749478079332 0.774300932090546 0.11899791231732777 0.05193075898801598
0 0.8131524008350731 0.7756324900133156 0.10020876826722339 0.05193075898801598
0 0.6816283924843424 0.7716378162450066 0.10020876826722339 0.05193075898801598
0 0.592901878914405 0.7756324900133156 0.04384133611691023 0.05459387483355526
1 0.8053235908141962 0.5905459387483355 0.3684759916492693 0.041278295605858856
1 0.8058455114822547 0.6458055925432756 0.3674321503131524 0.03994673768308921
2 0.45407098121085593 0.03994673768308921 0.407098121085595 0.0559254327563249
0 0.8423799582463466 0.05126498002663116 0.04175365344467641 0.05992010652463382
0 0.9034446764091858 0.04860186418109188 0.0511482254697286 0.05992010652463382
0 0.9618997912317327 0.04860186418109188 0.0511482254697286 0.05992010652463382
1 0.8752609603340292 0.10719041278295606 0.2265135699373695 0.041278295605858856
1 0.081419624217119 0.11051930758988016 0.14822546972860126 0.045272969374167776
0 0.01418580375782881 0.970306258322237 0.01997912317327766 0.029440745672436618
0 0.03563674321503132 0.971051930758988 0.01997912317327766 0.029440745672436618
0 0.056221294363256784 0.9703195739014647 0.01997912317327766 0.029440745672436618
0 0.077098121085595 0.9699467376830891 0.01997912317327768 0.029440745672436618
0 0.7197181628392485 0.49484687083888146 0.0968475991649269 0.021051930758987942
0 0.8765344467640919 0.24355525965379493 0.05832985386221306 0.026671105193075938
0 0.946419624217119 0.24355525965379493 0.046221294363256754 0.029480692410119823
0 0.6707411273486431 0.10528628495339547 0.08253653444676402 0.0393075898801598
0 0.5683611691022965 0.11086551264980027 0.08253653444676402 0.0393075898801598
0 0.47038622129436325 0.11082556591211719 0.08253653444676402 0.0393075898801598
0 0.3834133611691023 0.10656458055925433 0.04072025052192066 0.0393075898801598
0 0.3195511482254697 0.10652463382157124 0.04072025052192066 0.0393075898801598
0 0.2628496868475992 0.10648468708388814 0.026409185803757812 0.0393075898801598
0 0.20834029227557413 0.10503328894806924 0.04072025052192066 0.0393075898801598