2 0.45418556701030927 0.02698162729658793 0.39289690721649484 0.045196850393700784
1 0.7995463917525772 0.5686745406824146 0.3665567010309278 0.046666666666666745
0 0.8350515463917526 0.042283464566929135 0.05727835051546386 0.0758267716535433
0 0.8969072164948454 0.03937007874015748 0.050402061855670206 0.07874015748031496
0 0.9553298969072165 0.03572178477690289 0.04811340206185574 0.07144356955380578
1 0.867701030927835 0.09040682414698163 0.2119175257731958 0.026246719160104987
1 0.07846391752577321 0.0925984251968504 0.14547422680412372 0.048123359580052504
0 0.2073298969072165 0.09186351706036745 0.041237113402061855 0.037913385826771645
0 0.2617422680412371 0.09112860892388451 0.04238144329896908 0.03937007874015748
0 0.3190103092783505 0.0925984251968504 0.040092783505154626 0.033543307086614176
0 0.38602061855670106 0.08967191601049869 0.06414432989690724 0.045196850393700784
0 0.45934020618556703 0.0925984251968504 0.08935051546391748 0.03937007874015748
0 0.5561237113402062 0.09332020997375327 0.07674226804123717 0.03499999999999999
0 0.6655257731958762 0.0889501312335958 0.08247422680412371 0.037913385826771645
0 0.9736494845360826 0.3805774278215223 0.036659793814432934 0.026246719160104987
0 0.9198144329896908 0.6948031496062993 0.12828865979381449 0.059790026246719086
0 0.7932371134020619 0.6940813648293963 0.1134020618556701 0.05540682414698166
0 0.6718247422680412 0.6955380577427821 0.11569072164948456 0.04958005249343828
0 0.5876288659793815 0.6977296587926509 0.041237113402061855 0.04228346456692917
0 0.5412371134020618 0.6999081364829397 0.037804123711340225 0.05540682414698166
0 0.41409278350515466 0.8515616797900263 0.02635051546391747 0.06416010498687677
0 0.05555670103092784 0.8413517060367455 0.02863917525773196 0.04958005249343828
0 0.015463917525773196 0.9441469816272967 0.019474226804123713 0.021876640419947604
0 0.03780412371134021 0.941233595800525 0.018329896907216495 0.02479002624671929
0 0.057845360824742266 0.9397769028871391 0.021762886597938135 0.027703412073490682
0 0.07904123711340207 0.9419685039370078 0.020618556701030927 0.029160104986876677
0 0.7474226804123711 0.4250524934383202 0.09049484536082471 0.018950131233595874
0 0.7628865979381443 0.5030577427821522 0.011453608247422578 0.02041994750656161