0 0.9547969264544457 0.05892173913043479 0.04665203073545554 0.08424347826086956
0 0.8949176728869375 0.05986086956521739 0.048024149286498355 0.08424347826086956
0 0.839165751920966 0.05815652173913043 0.04430296377607014 0.07833043478260868
1 0.8669923161361142 0.12895652173913044 0.21953896816684962 0.04109565217391303
0 0.6669703622392975 0.12876521739130437 0.08520307354555447 0.041408695652173914
0 0.5634796926454446 0.13158260869565216 0.0807354555433589 0.041408695652173914
0 0.4673106476399561 0.12944347826086958 0.0695609220636663 0.042817391304347835
0 0.3850603732162459 0.13153043478260867 0.04939626783754116 0.036434782608695634
2 0.45478594950603723 0.04681739130434783 0.41163556531284295 0.07553043478260871
0 0.3179692645444567 0.13142608695652172 0.04939626783754116 0.036434782608695634
0 0.2619099890230516 0.13006956521739133 0.0493962678375412 0.036434782608695634
0 0.20586169045005487 0.13017391304347825 0.04939626783754116 0.0437913043478261
0 0.07987925356750822 0.13003478260869564 0.14407244785949505 0.04885217391304349
0 0.9796048298572996 0.5387130434782609 0.022008781558726626 0.03222608695652169
0 0.5768386388583974 0.7619130434782609 0.09291986827661913 0.05036521739130441
0 0.5422173435784851 0.9434782608695652 0.048254665203073525 0.072417391304348
0 0.5928979143798024 0.9428695652173913 0.04416026344676182 0.07972173913043464
0 0.6797365532381998 0.9444869565217392 0.12261251372118556 0.08459130434782626
0 0.8008122941822173 0.9455130434782608 0.11723380900109764 0.08053913043478252
0 0.9235565312843029 0.9445217391304348 0.12682766190998898 0.08053913043478252