0 0.08093126385809313 0.10101010101010101 0.11086474501108648 0.031746031746031744
0 0.20509977827050999 0.10894660894660894 0.050997782705099776 0.03896103896103896
0 0.2727272727272727 0.10678210678210678 0.026607538802660754 0.03751803751803752
0 0.32926829268292684 0.10461760461760462 0.0598669623059867 0.03607503607503607
0 0.38802660753880264 0.10461760461760462 0.04212860310421286 0.027417027417027416
0 0.4661862527716186 0.10678210678210678 0.08536585365853659 0.031746031746031744
0 0.5776053215077606 0.10245310245310245 0.10864745011086474 0.02886002886002886
0 0.6829268292682927 0.10461760461760462 0.09534368070953436 0.03318903318903319
0 0.8420177383592018 0.046897546897546896 0.041019955654102 0.0707070707070707
0 0.9057649667405765 0.050505050505050504 0.04656319290465632 0.07503607503607504
0 0.9684035476718403 0.046176046176046176 0.038802660753880266 0.06060606060606061
0 0.8786031042128604 0.24314574314574314 0.0565410199556541 0.030303030303030304
0 0.9517738359201774 0.24314574314574314 0.04988913525498891 0.024531024531024532
0 0.11252771618625278 0.8838383838383839 0.06319290465631928 0.07936507936507936
0 0.54490022172949 0.8376623376623377 0.045454545454545456 0.050505050505050504
0 0.5981152993348116 0.841991341991342 0.038802660753880266 0.05339105339105339
0 0.6879157427937915 0.841991341991342 0.1164079822616408 0.05339105339105339
0 0.8070953436807096 0.8434343434343434 0.11529933481152993 0.050505050505050504
0 0.9212860310421286 0.8354978354978355 0.1130820399113082 0.05194805194805195
0 0.5842572062084257 0.6897546897546898 0.08869179600886919 0.025974025974025976
2 0.4567627494456763 0.03391053391053391 0.3968957871396896 0.04184704184704185