0 0.5953217821782179 0.9566373902133 0.043316831683168314 0.0705771643663739
1 0.07019801980198019 0.16530740276035133 0.11716171617161716 0.04265997490589712
0 0.681493399339934 0.9590715181932246 0.11344884488448845 0.054893350062735255
0 0.7975247524752475 0.9582810539523212 0.12066831683168308 0.06900878293601004
0 0.2584240924092409 0.16154328732747805 0.032186468646864676 0.037038895859473016
0 0.23944719471947193 0.6398996235884568 0.07322607260726073 0.056461731493099125
0 0.9217986798679868 0.958456712672522 0.11963696369636964 0.06587202007528231
0 0.2091996699669967 0.16327478042659974 0.0394059405940594 0.037038895859473016
2 0.45860561056105614 0.08469259723964868 0.40635313531353134 0.05269761606022585
0 0.3900247524752475 0.16245922208281052 0.06523927392739277 0.037038895859473016
0 0.3162293729372937 0.16464240903387703 0.04047029702970293 0.037038895859473016
0 0.666996699669967 0.16508155583437892 0.07349009900990094 0.037038895859473016
0 0.46773102310231024 0.16314930991217064 0.0693151815181518 0.037038895859473016
0 0.8994059405940593 0.09755332496863237 0.040429042904290426 0.07528230865746549
0 0.5633828382838284 0.16406524466750314 0.08174092409240918 0.037038895859473016
1 0.8704290429042905 0.16530740276035133 0.21307755775577558 0.03889585947302384
0 0.8397937293729373 0.09692597239648683 0.0391914191419141 0.07214554579673776
0 0.9569554455445544 0.09520702634880802 0.040429042904290426 0.07371392722710163
0 0.6068976897689768 0.7862860727728983 0.02383663366336642 0.03624843161856976
0 0.5541831683168317 0.7911668757841906 0.0229207920792079 0.03207026348808023
0 0.8576237623762377 0.01603513174404015 0.03208745874587458 0.0320702634880803
0 0.9030033003300331 0.015332496863237137 0.04033828382838273 0.027879548306148055
0 0.9543481848184819 0.016035131744040153 0.03483498349834967 0.026486825595984944
0 0.05637788778877888 0.020213299874529484 0.09992574257425742 0.029272271016311163