0 0.8393427620632279 0.06086624203821656 0.03882695507487517 0.07077707006369427
0 0.9003494176372713 0.05945222929936306 0.0425207986688853 0.07077707006369427
0 0.9595091514143094 0.05803821656050956 0.0425207986688853 0.07077707006369427
0 0.20382695507487522 0.12526114649681527 0.03975041597337768 0.02971974522292995
0 0.2574376039933444 0.1295031847133758 0.023111480865224604 0.029719745222929916
0 0.3156738768718802 0.1266751592356688 0.03975041597337768 0.029719745222929916
0 0.3859317803660566 0.12384713375796179 0.03975041597337768 0.029719745222929916
0 0.46635607321131445 0.1280891719745223 0.06933444259567381 0.02971974522292995
0 0.5634109816971714 0.1280891719745223 0.07487520798668885 0.02971974522292995
0 0.6660232945091513 0.1280891719745223 0.07302828618968384 0.02971974522292995
0 0.027728785357737103 0.18471337579617833 0.012945091514143097 0.029719745222929916
0 0.0254242928452579 0.1337579617834395 0.03050748752079867 0.029719745222929916
2 0.4524875207986689 0.047414012738853505 0.40025790349417634 0.06085350318471339
0 0.07533277870216305 0.18612738853503186 0.03790349417637271 0.029719745222929916
0 0.13449251247920133 0.18754140127388536 0.03790349417637271 0.029719745222929916
0 0.20381863560732114 0.18895541401273888 0.0656322795341098 0.029719745222929916
0 0.9234608985024958 0.9582420382165605 0.11647254575707154 0.06510828025477694
0 0.8005158069883528 0.9596560509554141 0.11831946755407646 0.06228025477707019
0 0.6794259567387687 0.9617834394904459 0.11647254575707154 0.07219108280254787
0 0.5906821963394343 0.9582420382165605 0.042520798668885106 0.06793630573248398
1 0.8698502495840266 0.12810191082802547 0.23109816971713798 0.052369426751592375
0 0.6045507487520798 0.7827261146496816 0.01294509151414305 0.022649681528662386
0 0.5518552412645591 0.7862675159235669 0.016638935108153077 0.015566878980891754