0 0.9214945424013434 0.758273381294964 0.12174643157010916 0.07194244604316546
0 0.7955499580184718 0.7597122302158273 0.11502938706968933 0.07194244604316546
0 0.6750629722921915 0.7597122302158273 0.11586901763224182 0.06906474820143885
0 0.5873215785054576 0.7597122302158273 0.042821158690176324 0.07194244604316546
0 0.16288832913518053 0.9158273381294963 0.05709487825356843 0.10215827338129496
0 0.23005877413937867 0.9158273381294963 0.05709487825356843 0.10215827338129496
0 0.2947103274559194 0.918705035971223 0.05709487825356843 0.10215827338129496
0 0.40973971452560876 0.9194244604316547 0.018471872376154493 0.0460431654676259
0 0.5990764063811923 0.5618705035971223 0.02434928631402183 0.053237410071942444
0 0.5461796809403863 0.5633093525179856 0.02434928631402183 0.053237410071942444
0 0.0982367758186398 0.9172661870503597 0.05709487825356843 0.10215827338129496