0 0.6375387797311272 0.7046586345381526 0.11220268872802482 0.057884872824631874
0 0.9229576008273009 0.7029852744310575 0.1313340227507756 0.06123159303882197
0 0.4814477766287487 0.10746987951807228 0.08687693898655635 0.03951807228915664
0 0.2739193381592554 0.10575635876840696 0.04034126163391933 0.03951807228915664
0 0.7802481902792141 0.7044846050870147 0.1421923474663909 0.05287817938420348
1 0.5837642192347466 0.5577376171352075 0.08169596690796277 0.045180722891566265
1 0.9738883143743536 0.11378848728246319 0.04600827300930715 0.041499330655957165
0 0.21222337125129265 0.10760374832663988 0.04938986556359875 0.03951807228915664
0 0.3267218200620476 0.10906291834002677 0.050723888314374306 0.03951807228915664
2 0.4607032057911065 0.04116465863453815 0.4120992761116856 0.05622489959839357
0 0.39077559462254396 0.10941097724230255 0.047642192347466444 0.03951807228915664
0 0.11828335056876939 0.8798527443105756 0.06592554291623579 0.07898259705488621
1 0.08867631851085832 0.11512717536813923 0.1468459152016546 0.04551539491298527
0 0.6743226473629783 0.11087014725568942 0.09210961737331948 0.03951807228915664
0 0.579617373319545 0.10978580990629185 0.10245087900723882 0.03951807228915664
0 0.5470527404343329 0.7061579651941098 0.045501551189245086 0.04685408299866131
0 0.8459152016546019 0.05220883534136546 0.04136504653567735 0.0642570281124498
0 0.9027921406411582 0.049531459170013385 0.04136504653567735 0.0642570281124498
0 0.9617373319544984 0.05220883534136546 0.04136504653567735 0.0642570281124498