2 0.45384615384615384 0.042492917847025496 0.3934065934065934 0.042492917847025496
0 0.07692307692307693 0.11260623229461757 0.10989010989010989 0.024079320113314446
0 0.21208791208791208 0.11402266288951841 0.04835164835164835 0.026912181303116147
0 0.26373626373626374 0.11260623229461757 0.02857142857142857 0.021246458923512748
0 0.3181318681318681 0.11260623229461757 0.04285714285714286 0.021246458923512748
0 0.38571428571428573 0.10977337110481586 0.03956043956043956 0.026912181303116147
0 0.46263736263736266 0.10977337110481586 0.054945054945054944 0.021246458923512748
0 0.5631868131868132 0.11473087818696884 0.08021978021978023 0.019830028328611898
0 0.6648351648351648 0.10835694050991501 0.05934065934065934 0.024079320113314446
0 0.8428571428571429 0.05311614730878187 0.046153846153846156 0.05807365439093484
0 0.8967032967032967 0.05311614730878187 0.041758241758241756 0.060906515580736544
0 0.9637362637362638 0.049575070821529746 0.04395604395604396 0.06515580736543909
0 0.8725274725274725 0.24575070821529746 0.06373626373626373 0.032577903682719546
0 0.9362637362637363 0.24645892351274787 0.04835164835164835 0.0226628895184136
0 0.9434065934065934 0.43413597733711046 0.06483516483516484 0.029745042492917848
0 0.7208791208791209 0.5396600566572238 0.0989010989010989 0.0169971671388102
0 0.11208791208791209 0.8739376770538244 0.06153846153846154 0.07365439093484419
0 0.5406593406593406 0.8257790368271954 0.046153846153846156 0.059490084985835696
0 0.5791208791208792 0.6728045325779037 0.07472527472527472 0.028328611898016998
0 0.6373626373626373 0.8236543909348442 0.13626373626373625 0.05240793201133145
0 0.7758241758241758 0.8222379603399433 0.12967032967032968 0.049575070821529746
0 0.917032967032967 0.8208215297450425 0.13956043956043956 0.05807365439093484