0 0.8475428571428572 0.06280459770114942 0.0460979591836734 0.06952873563218392
0 0.9075755102040816 0.06295402298850575 0.04609795918367331 0.0695287356321839
0 0.962669387755102 0.06111494252873564 0.04609795918367331 0.06952873563218392
2 0.46399183673469385 0.050896551724137935 0.4057551020408163 0.06952873563218392
0 0.10038367346938776 0.12277011494252874 0.1432408163265306 0.052873563218390804
0 0.2225469387755102 0.1237586206896552 0.052587755102040806 0.046919540229885065
0 0.27978775510204085 0.12555172413793103 0.03961632653061222 0.047321839080459754
0 0.3342775510204082 0.12752873563218392 0.044832653061224456 0.043344827586206905
0 0.3981469387755102 0.1270344827586207 0.055265306122449016 0.05029885057471265
0 0.4809061224489796 0.12664367816091954 0.07302857142857146 0.051091954022988495
0 0.5794530612244898 0.12585057471264366 0.08741224489795912 0.04473563218390803
0 0.6806122448979591 0.1268390804597701 0.08670204081632656 0.04672413793103447
1 0.8776408163265306 0.12624137931034482 0.2213469387755103 0.043942528735632175
3 0.7622448979591837 0.27008045977011497 0.46200816326530614 0.07593103448275862
0 0.8811673469387755 0.2696781609195402 0.07048979591836728 0.04495402298850576
0 0.9483510204081633 0.2692873563218391 0.05596734693877547 0.045747126436781624
0 0.9857795918367346 0.49142528735632185 0.019175510204081453 0.026298850574712637
1 0.8109551020408163 0.6474942528735633 0.36317551020408173 0.05574712643678161
1 0.8122285714285714 0.7065632183908046 0.36346122448979584 0.05478160919540239
0 0.5530204081632654 0.8442643678160919 0.05146122448979589 0.07131034482758616
0 0.6042693877551021 0.8452183908045977 0.04342040816326535 0.07321839080459776
0 0.6892163265306123 0.8442183908045977 0.11743673469387765 0.0712298850574713
0 0.810465306122449 0.8447126436781609 0.11743673469387747 0.07222988505747117
0 0.9333306122448979 0.8474022988505747 0.1184244897959185 0.07282758620689643
0 0.43555102040816324 0.9481149425287356 0.026351020408163242 0.039206896551724026
0 0.08186938775510205 0.9520919540229885 0.016342857142857152 0.04156321839080469
0 0.12659591836734696 0.9492988505747126 0.0645795918367347 0.0917816091954022
0 0.19195102040816325 0.9492298850574713 0.0645795918367347 0.0917816091954022
0 0.2573142857142857 0.9520114942528736 0.061608163265306146 0.0917816091954022
0 0.32019591836734695 0.949919540229885 0.061608163265306146 0.0917816091954022
0 0.38307755102040814 0.9492298850574713 0.061608163265306146 0.0917816091954022
0 0.7313306122448979 0.5432068965517242 0.0952571428571429 0.03380459770114939
0 0.2586775510204082 0.5602298850574713 0.0836734693877551 0.06624137931034489