1 0.0893970893970894 0.10476878612716763 0.12681912681912683 0.044797687861271675
0 0.20893970893970895 0.10549132947976879 0.07276507276507277 0.03757225433526012
0 0.2817047817047817 0.11127167630057803 0.0395010395010395 0.049132947976878616
0 0.33264033264033266 0.10549132947976879 0.035343035343035345 0.046242774566473986
0 0.40384615384615385 0.10621387283236994 0.04885654885654886 0.05057803468208093
0 0.4818087318087318 0.10476878612716763 0.08835758835758836 0.04190751445086705
0 0.5836798336798337 0.10549132947976879 0.07172557172557173 0.028901734104046242
0 0.6949064449064449 0.09971098265895954 0.08627858627858628 0.04046242774566474
1 0.8814968814968815 0.10332369942196531 0.22661122661122662 0.05057803468208093
0 0.8570686070686071 0.04046242774566474 0.04677754677754678 0.06647398843930635
0 0.918918918918919 0.036127167630057806 0.05197505197505198 0.07225433526011561
0 0.9766112266112266 0.04190751445086705 0.04054054054054054 0.07803468208092486
0 0.9864864864864865 0.3872832369942196 0.02702702702702703 0.031791907514450865
0 0.5691268191268192 0.5816473988439307 0.02598752598752599 0.02745664739884393
0 0.6216216216216216 0.5845375722543352 0.02494802494802495 0.02745664739884393
0 0.567047817047817 0.7456647398843931 0.05301455301455302 0.06358381502890173
0 0.6148648648648649 0.75 0.036382536382536385 0.057803468208092484
0 0.6980249480249481 0.7442196531791907 0.12162162162162163 0.05491329479768786
0 0.8206860706860707 0.7420520231213873 0.12162162162162163 0.05635838150289017
0 0.9376299376299376 0.7420520231213873 0.11850311850311851 0.06213872832369942
0 0.07484407484407485 0.9335260115606936 0.02079002079002079 0.03468208092485549
0 0.43347193347193347 0.9335260115606936 0.029106029106029108 0.031791907514450865
2 0.46725571725571724 0.031791907514450865 0.40436590436590436 0.046242774566473986