0 0.06875 0.14211309523809523 0.1025 0.046130952380952384
0 0.20208333333333334 0.13541666666666666 0.050833333333333335 0.041666666666666664
0 0.25958333333333333 0.13839285714285715 0.035833333333333335 0.026785714285714284
0 0.32416666666666666 0.14360119047619047 0.051666666666666666 0.028273809523809524
0 0.37833333333333335 0.13764880952380953 0.035 0.03720238095238095
0 0.46458333333333335 0.13467261904761904 0.07416666666666667 0.03720238095238095
0 0.5729166666666666 0.13690476190476192 0.0625 0.02976190476190476
0 0.67 0.13616071428571427 0.07166666666666667 0.025297619047619048
0 0.8404166666666667 0.05803571428571429 0.0425 0.08333333333333333
0 0.9029166666666667 0.057291666666666664 0.0375 0.08779761904761904
0 0.96125 0.049107142857142856 0.035833333333333335 0.09523809523809523
2 0.4533333333333333 0.044642857142857144 0.405 0.0744047619047619