0 0.1092436974789916 0.9516608594657375 0.06092436974789916 0.07984901277584204
0 0.9718487394957983 0.05473867595818815 0.041176470588235294 0.06823461091753774
0 0.4227983193277311 0.9552845528455285 0.022058823529411766 0.03484320557491289
0 0.6765294117647059 0.11941927990708477 0.07484873949579826 0.034285714285714294
0 0.9317226890756303 0.8478513356562137 0.12184873949579832 0.06097560975609756
0 0.6869747899159664 0.8471312427409988 0.11554621848739496 0.0508130081300813
0 0.5945378151260504 0.8500348432055749 0.04411764705882353 0.06533101045296168
0 0.8051512605042018 0.8463995354239257 0.12289915966386564 0.06387921022067364
0 0.4735798319327731 0.11763066202090593 0.07059663865546217 0.034285714285714294
2 0.4642857142857143 0.04500580720092915 0.41386554621848737 0.04878048780487805
0 0.2604033613445378 0.11614401858304298 0.03278151260504201 0.034285714285714294
0 0.21026890756302524 0.11774680603948896 0.04013445378151262 0.034285714285714294
0 0.5710000000000001 0.11847851335656215 0.08325210084033607 0.034285714285714294
1 0.8130252100840336 0.6975958188153311 0.3739495798319328 0.0508130081300813
0 0.24107563025210083 0.5589430894308943 0.07457983193277311 0.05226480836236934
1 0.06869747899159664 0.11962833914053426 0.11932773109243698 0.03948896631823461
0 0.39443697478991596 0.1169918699186992 0.06644537815126045 0.034285714285714294
0 0.31927731092436973 0.11901277584204413 0.041218487394957946 0.034285714285714294
0 0.913235294117647 0.056910569105691054 0.041176470588235294 0.06968641114982578
0 0.8525210084033613 0.056329849012775844 0.03991596638655462 0.06678281068524972
1 0.8837226890756303 0.11962833914053426 0.21701680672268908 0.036004645760743324