0 0.0828819068255688 0.11319340329835083 0.10075839653304441 0.05847076461769116
0 0.2096424702058505 0.11394302848575712 0.04658721560130011 0.035982008995502246
0 0.2638136511375948 0.1184407796101949 0.03791982665222102 0.0239880059970015
0 0.32881906825568796 0.11619190404797601 0.04225352112676056 0.019490254872563718
0 0.39111592632719394 0.11619190404797601 0.03466955579631636 0.02848575712143928
0 0.46803900325027087 0.11319340329835083 0.07583965330444203 0.031484257871064465
0 0.5693391115926327 0.11619190404797601 0.07042253521126761 0.037481259370314844
0 0.6592632719393283 0.11469265367316342 0.06392199349945829 0.037481259370314844
0 0.8364030335861322 0.05322338830584707 0.04333694474539545 0.07646176911544228
0 0.8986998916576381 0.047976011994003 0.03791982665222102 0.05997001499250375
0 0.9566630552546046 0.04872563718140929 0.041170097508125676 0.06146926536731634
0 0.9772481040086674 0.46701649175412296 0.00866738894907909 0.013493253373313344
0 0.7183098591549296 0.5172413793103449 0.09100758396533044 0.020989505247376312
0 0.12513542795232935 0.9250374812593704 0.0552546045503792 0.07496251874062969
0 0.5455037919826652 0.8193403298350824 0.04008667388949079 0.049475262368815595
0 0.5931744312026003 0.8200899550224887 0.04225352112676056 0.05697151424287856
0 0.6793066088840737 0.8200899550224887 0.11484290357529794 0.05697151424287856
0 0.8011917659804983 0.8185907046476761 0.11592632719393282 0.05697151424287856
0 0.919284940411701 0.8178410794602698 0.11159263271939328 0.049475262368815595
0 0.5763813651137595 0.6619190404797601 0.07583965330444203 0.02848575712143928
2 0.46045503791982667 0.04422788605697151 0.39436619718309857 0.05247376311844078