0 0.08173091458805744 0.2688470066518847 0.10865457294028723 0.03048780487804878
0 0.2026681783824641 0.27093126385809313 0.04062736205593349 0.026330376940133036
0 0.25699168556311414 0.27370288248337027 0.03779289493575208 0.03464523281596452
0 0.3037641723356009 0.26815964523281594 0.036848072562358274 0.0291019955654102
0 0.36281179138321995 0.26815964523281594 0.034013605442176874 0.026330376940133036
0 0.4388737717309146 0.2633037694013304 0.06141345427059713 0.02771618625277162
0 0.5286318972033258 0.26815964523281594 0.07653061224489796 0.026330376940133036
0 0.6235827664399093 0.2633037694013304 0.05857898715041572 0.024944567627494457
0 0.7752305366591081 0.20856984478935697 0.04062736205593349 0.056818181818181816
0 0.8342781557067271 0.21134146341463414 0.03968253968253968 0.06236141906873614
0 0.8914436885865458 0.2189578713968958 0.046296296296296294 0.07760532150776053
0 0.9164777021919879 0.026330376940133036 0.015117157974300832 0.03603104212860311
0 0.9674981103552532 0.5266075388026608 0.04157218442932729 0.06374722838137473
0 0.9698639455782314 0.5993680709534368 0.05007558578987151 0.06790465631929046
0 0.96702947845805 0.6762749445676275 0.03873771730914588 0.06097560975609756
0 0.9674981103552532 0.866130820399113 0.045351473922902494 0.022172949002217297
0 0.10724111866969009 0.9575942350332595 0.16912320483749055 0.05543237250554324
0 0.27825396825396825 0.9569068736141907 0.16534391534391535 0.054046563192904656
0 0.4497354497354497 0.9555210643015521 0.17006802721088435 0.06236141906873614
0 0.6202796674225246 0.9562084257206208 0.15589569160997732 0.05266075388026607
0 0.7912925170068028 0.9575942350332595 0.16345427059712775 0.05266075388026607
0 0.8942781557067272 0.9520509977827051 0.02928949357520786 0.038802660753880266
0 0.8938019652305367 0.6139135254988913 0.026455026455026454 0.04711751662971175
0 0.04771730914588057 0.6194567627494457 0.029289493575207857 0.04988913525498891
0 0.05952380952380952 0.13442350332594236 0.08125472411186697 0.022172949002217297
2 0.4308390022675737 0.19471175166297117 0.36092214663643235 0.054046563192904656
0 0.7931821617535904 0.13512195121951218 0.034958427815570674 0.01524390243902439
0 0.8366439909297053 0.13442350332594236 0.031179138321995464 0.01385809312638581
1 0.8881330309901738 0.13235033259423504 0.03779289493575208 0.01524390243902439
3 0.5 0.05958980044345898 1 0.11917960088691797
4 0.968442932728647 0.7788248337028825 0.05102040816326531 0.09977827050997783