0 0.060240963855421686 0.09037527593818984 0.024805102763997167 0.026214128035320087
3 0.4540255138199859 0.26835540838852096 0.6830262225372077 0.28283664459161145
3 0.8885542168674698 0.6008609271523179 0.21261516654854712 0.2855960264900662
3 0.8883770375620128 0.890728476821192 0.21757618710134657 0.2185430463576159
0 0.11428065201984408 0.09175496688741722 0.0673281360737066 0.037251655629139076
0 0.18603827072997875 0.09313465783664458 0.06201275690999291 0.026214128035320087
0 0.2414103472714387 0.08899558498896247 0.02923458540042523 0.026214128035320087
0 0.2963359319631467 0.09313465783664458 0.0611268603827073 0.03173289183222958
0 0.9627923458540043 0.09437086092715231 0.0744153082919915 0.04525386313465784
0 0.6480368532955351 0.5194591611479029 0.03277817150956768 0.04277041942604857
0 0.3105102763997165 0.7160596026490066 0.04872430900070872 0.04415011037527594
2 0.45048192771084344 0.029668874172185427 0.5714032600992205 0.05932671081677704