3 0.5005863402061855 0.029686486486486488 0.9988273195876289 0.04303783783783784
0 0.1274742268041237 0.0870918918918919 0.02884664948453607 0.03991351351351352
0 0.17880154639175258 0.0866054054054054 0.0506701030927835 0.040897297297297304
0 0.23481314432989692 0.0828 0.03968427835051548 0.04114594594594595
0 0.2877512886597938 0.08574054054054055 0.04364046391752578 0.045081081081081074
0 0.3390786082474227 0.08427027027027027 0.04788659793814429 0.0381945945945946
0 0.41339561855670104 0.0812 0.08668814432989688 0.03942702702702702
0 0.1490786082474227 0.6169081081081081 0.019329896907216496 0.07153513513513521
0 0.5715528350515464 0.6156756756756757 0.02664948453608241 0.08382702702702699
0 0.9093556701030927 0.08641081081081081 0.03695876288659802 0.04322162162162161
0 0.9488208762886597 0.0855027027027027 0.027074742268041227 0.04503783783783783
0 0.9835502577319588 0.0839027027027027 0.03289948453608244 0.04821621621621621
0 0.9650644329896907 0.2390918918918919 0.027074742268041227 0.056000000000000015
3 0.8122100515463917 0.37644324324324324 0.3300837628865979 0.07445405405405406
1 0.8111920103092783 0.7787783783783784 0.3280476804123712 0.06498378378378368
1 0.8545876288659794 0.9245297297297298 0.2372036082474226 0.062086486486486556
0 0.7144587628865979 0.27485405405405405 0.07608891752577329 0.03665945945945943