0 0.9595808383233533 0.0413109243697479 0.034934131736527034 0.06021848739495798
0 0.9221556886227545 0.04341176470588235 0.03194011976047913 0.053226890756302526
0 0.11776047904191617 0.26961344537815124 0.18762874251497005 0.07983193277310924
0 0.1192574850299401 0.34663865546218486 0.17664670658682635 0.06302521008403361
0 0.12475449101796407 0.1225546218487395 0.17165269461077845 0.0546218487394958
0 0.12025149700598801 0.48460504201680665 0.17265868263473055 0.06722689075630252
0 0.11725748502994011 0.41386554621848737 0.17664670658682635 0.06302521008403361
0 0.12076646706586827 0.18978151260504203 0.17165269461077842 0.05462184873949582
0 0.3772455089820359 0.9516806722689075 0.04790419161676647 0.06583193277310936
0 0.6287425149700598 0.9502689075630252 0.04790419161676647 0.06583193277310936
0 0.5623712574850299 0.8032100840336135 0.0369221556886228 0.0546218487394958
0 0.9396167664670659 0.8046050420168067 0.036922155688622664 0.0546218487394958