0 0.11776047904191617 0.12612040133779265 0.17165269461077845 0.06550167224080267
0 0.11526946107784432 0.2048494983277592 0.16467065868263472 0.05573578595317723
0 0.11876646706586827 0.26964882943143814 0.15368862275449102 0.05155518394648827
0 0.12524550898203593 0.32956521739130434 0.16267065868263475 0.03483277591973241
0 0.12275449101796407 0.3894983277591973 0.12374850299401195 0.04598662207357859
0 0.11726946107784432 0.46195652173913043 0.1606826347305389 0.04598662207357859
0 0.0688622754491018 0.5448662207357859 0.04391616766467067 0.039013377926421476
0 0.1611736526946108 0.5490468227424748 0.08882634730538924 0.04180602006688963
0 0.04440718562874251 0.05505016722408027 0.04291017964071856 0.04319397993311037
0 0.11277844311377246 0.06061872909698997 0.05189221556886229 0.03762541806020067
0 0.21706586826347304 0.059916387959866216 0.08682634730538923 0.02508361204013378
0 0.9201556886227545 0.050869565217391305 0.02595209580838332 0.029264214046822744
0 0.9610778443113772 0.044598662207357864 0.01596407185628734 0.02787625418060201
0 0.37425149700598803 0.9496989966555184 0.04391616766467061 0.04598662207357859
0 0.6307425149700598 0.9517892976588628 0.041916167664670656 0.04459866220735798
0 0.5623712574850299 0.7964046822742475 0.02694610778443114 0.03762541806020067
0 0.9341317365269461 0.8005852842809364 0.051892215568862185 0.0320568561872909