0 0.7208600125549277 0.028828125 0.023019460138104252 0.03534598214285715
0 0.7444005021971123 0.026975446428571432 0.017784055241682313 0.03161830357142857
0 0.7742184557438794 0.022321428571428572 0.016741996233521704 0.033482142857142856
0 0.8045637162586315 0.030691964285714284 0.023019460138104252 0.027901785714285716
0 0.8704770872567483 0.5738504464285714 0.027200251098556137 0.027901785714285716
0 0.9515568110483364 0.5719866071428571 0.015693659761456372 0.020457589285714266
0 0.9761456371625863 0.5645424107142857 0.016741996233521704 0.03906249999999994
0 0.919127432517263 0.7756696428571429 0.015693659761456372 0.03719866071428563
0 0.9771939736346517 0.9672656249999999 0.027200251098556137 0.033482142857142856
0 0.5712492153170119 0.6845200892857143 0.23435655994978025 0.04092633928571437
0 0.6716886377903327 0.3896986607142857 0.046032642812303785 0.02418526785714281
0 0.5660200878844948 0.32552455357142857 0.26574387947269307 0.052087053571428524
0 0.12763967357187697 0.6938281249999999 0.027200251098556172 0.044642857142857144
0 0.15379786566227244 0.6938281249999999 0.027200251098556193 0.044642857142857144
0 0.20296924042686754 0.6956919642857143 0.02720025109855621 0.044642857142857144
0 0.25527934714375394 0.6938281249999999 0.02720025109855621 0.044642857142857144
0 0.2845762711864407 0.6919642857142857 0.02720025109855621 0.044642857142857144
0 0.3159635907093534 0.6901116071428571 0.02720025109855621 0.044642857142857144
0 0.33793471437539235 0.6919642857142857 0.027200251098556137 0.044642857142857144
0 0.36409290646578785 0.6938281249999999 0.027200251098556137 0.044642857142857144
0 0.17681732580037665 0.6910379464285714 0.02720025109855621 0.035345982142857224
0 0.22494036409290646 0.6891741071428571 0.025109855618330193 0.053939732142857064
0 0.5738669177652228 0.8472879464285714 0.05126804770872572 0.02418526785714294
3 0.568631512868801 0.7691629464285714 0.2772567482736974 0.06510044642857135
3 0.9154613935969867 0.7672991071428571 0.15274952919020712 0.45200892857142855
0 0.6763967357187696 0.1385825892857143 0.06382297551789082 0.03534598214285713