0 0.12082338902147971 0.1314261744966443 0.17402147971360388 0.06431208053691276
0 0.1178400954653938 0.22021812080536912 0.17004773269689738 0.05172818791946306
0 0.12231503579952267 0.27684563758389263 0.17103818615751795 0.04753355704697984
0 0.12529832935560858 0.3467617449664429 0.1650715990453461 0.0587248322147651
0 0.11834128878281623 0.41387583892617447 0.17700477326968975 0.04753355704697984
0 0.06464200477326969 0.4886744966442953 0.06165871121718376 0.04894295302013416
0 0.1531384248210024 0.4935738255033557 0.08949880668257756 0.036359060402684495
0 0.0551909307875895 0.059429530201342284 0.06264916467780429 0.0349496644295302
0 0.11435560859188544 0.05104026845637584 0.04972553699284008 0.0349496644295302
0 0.21778042959427207 0.0538255033557047 0.09149164677804297 0.04055369127516779
0 0.2759546539379475 0.12583892617449666 0.03678997613365153 0.025167785234899327
0 0.3207040572792363 0.12234899328859061 0.04474940334128878 0.02656040268456378
0 0.3629713603818616 0.11884228187919463 0.03182577565632453 0.019580536912751658
0 0.42064439140811455 0.12303691275167784 0.055692124105011884 0.030755033557047
0 0.4857756563245823 0.12303691275167784 0.042756563245823435 0.0279697986577181
0 0.5484248210023867 0.1174496644295302 0.054689737470167116 0.027969798657718134
0 0.6145584725536993 0.12164429530201343 0.057673031026252965 0.027969798657718148
0 0.6866587112171837 0.12234899328859061 0.05867541766109794 0.02936241610738255
0 0.7642243436754176 0.12164429530201343 0.07258949880668249 0.025167785234899327
0 0.8447732696897374 0.12164429530201343 0.07458233890214797 0.027969798657718148
0 0.920346062052506 0.12583892617449666 0.06464200477326977 0.02236577181208056
0 0.9238305489260142 0.04894295302013423 0.02386634844868735 0.036359060402684565
0 0.9586276849642005 0.04823825503355705 0.02386634844868735 0.0349496644295302
0 0.6354415274463007 0.9591778523489932 0.017899761336515514 0.047533557046979744
0 0.385346062052506 0.95498322147651 0.04674224343675413 0.03355704697986577