0 0.05039520958083832 0.04919055649241147 0.046910179640718565 0.028111298482293427
0 0.11925748502994012 0.05269814502529511 0.07285029940119762 0.040758853288364254
0 0.22255089820359283 0.04355817875210792 0.09780838323353296 0.039342327150084316
0 0.12075449101796407 0.12225969645868466 0.16966467065868263 0.05902192242833052
0 0.12325748502994012 0.21008431703204045 0.17864670658682633 0.0632377740303541
0 0.11876646706586828 0.2782462057335582 0.17365269461077845 0.044974704890387886
0 0.11826347305389222 0.34430016863406404 0.1786467065868263 0.04777403035413151
0 0.11876646706586827 0.40964586846542994 0.18362874251497008 0.046374367622259646
0 0.06736526946107785 0.484822934232715 0.06287425149700598 0.03654300168634057
0 0.15419161676646706 0.4911467116357504 0.10479041916167664 0.043558178752108
0 0.2734491017964072 0.11311973018549747 0.03392814371257483 0.032327150084317025
0 0.3203592814371258 0.11453625632377741 0.039916167664670675 0.032327150084317025
0 0.3627784431137725 0.11593591905564925 0.038922155688622756 0.023895446880269806
0 0.4186586826347305 0.11593591905564925 0.06087425149700604 0.02951096121416526
0 0.4845269461077844 0.11804384485666104 0.046910179640718516 0.025295109612141653
0 0.5464071856287425 0.12086003372681282 0.06487425149700594 0.030910623946037108
0 0.6192574850299402 0.12086003372681282 0.07285029940119758 0.022478920741989903
0 0.688119760479042 0.11875210792580101 0.05488622754491009 0.023895446880269806
0 0.7619760479041916 0.12015177065767285 0.07086227544910188 0.0266947723440135
0 0.8512934131736527 0.12155143338954469 0.08183233532934123 0.021079258010118045
0 0.9326347305389222 0.12225969645868466 0.06686227544910171 0.025295109612141653
0 0.9266467065868264 0.04426644182124789 0.03093413173652686 0.035126475548060705
0 0.968562874251497 0.04005059021922428 0.036922155688622664 0.04355817875210792
0 0.3827305389221557 0.9464586846543002 0.04491017964071856 0.04919055649241159
0 0.6307425149700598 0.9598145025295108 0.05389221556886228 0.04215851602023609