0 0.1974206349206349 0.12209573091849935 0.07341269841269842 0.033958602846054335
0 0.28075396825396826 0.12451487710219922 0.061507936507936505 0.03880983182406209
0 0.3635952380952381 0.1285640362225097 0.07837301587301587 0.04689521345407503
0 0.45486507936507936 0.12451487710219922 0.0763888888888889 0.04204398447606727
0 0.5520873015873016 0.12694695989650712 0.0763888888888889 0.04042690815006468
0 0.6304603174603175 0.12451487710219922 0.07043650793650794 0.04204398447606727
0 0.7147857142857142 0.1285640362225097 0.08234126984126984 0.033958602846054335
0 0.7991111111111112 0.12532988357050454 0.054563492063492154 0.04042690815006468
0 0.7941507936507938 0.04042690815006468 0.11805555555555565 0.03234152652005175
0 0.8888888888888888 0.03800776196636481 0.037698412698412696 0.02749029754204398
0 0.9469285714285716 0.04285899094437258 0.050595238095238096 0.03719275549805951
0 0.21825396825396826 0.04447606727037517 0.06944444444444445 0.053363518758085385
0 0.31002380952380953 0.04689521345407503 0.0763888888888889 0.0517464424320828
0 0.3948412698412698 0.04447606727037517 0.07738095238095238 0.04689521345407503
0 0.48462698412698413 0.04124191461836998 0.06646825396825397 0.043661060802069857
0 0.5882936507936508 0.6929236739974127 0.1527777777777778 0.053363518758085385
0 0.7509920634920635 0.6969598965071151 0.1527777777777778 0.054980595084087966
0 0.5902777777777778 0.7624579560155239 0.15476190476190477 0.05012936610608021
0 0.814984126984127 0.3048253557567917 0.0248015873015873 0.043661060802069857