0 0.22708113804004215 0.03508771929824561 0.09799789251844046 0.05263157894736842
0 0.315595363540569 0.03837719298245614 0.04952581664910432 0.05482456140350877
0 0.3761854583772392 0.044956140350877194 0.04214963119072708 0.03728070175438596
0 0.43414120126448896 0.03618421052631579 0.040042149631190724 0.041666666666666664
0 0.4863013698630137 0.03618421052631579 0.04952581664910432 0.046052631578947366
0 0.6986301369863014 0.03618421052631579 0.08008429926238145 0.046052631578947366
0 0.7592202318229716 0.03618421052631579 0.02423603793466807 0.02850877192982456
0 0.7961011591148578 0.03289473684210526 0.0410958904109589 0.03508771929824561
0 0.49631190727081137 0.5043859649122807 0.1053740779768177 0.07017543859649122
0 0.9409905163329821 0.8892543859649122 0.06743940990516333 0.046052631578947366
0 0.940463645943098 0.9418859649122807 0.0642781875658588 0.03728070175438596