0 0.05027479091995221 0.05792294807370184 0.06072879330943848 0.03768844221105527
0 0.12594982078853048 0.05792294807370184 0.05077658303464755 0.03768844221105527
0 0.21804062126642773 0.056532663316582916 0.08960573476702509 0.03768844221105527
0 0.9249342891278375 0.05443886097152429 0.035842293906810034 0.04187604690117253
0 0.9607765830346475 0.05025125628140704 0.027873357228195852 0.0390787269681742
0 0.2708124253285543 0.12353433835845896 0.045794504181600935 0.03768844221105527
0 0.3215890083632019 0.1263316582914573 0.037837514934289114 0.03489112227805697
0 0.36589008363201914 0.1263316582914573 0.044802867383512544 0.03489112227805697
0 0.4276224611708483 0.13190954773869346 0.07666666666666662 0.03768844221105527
0 0.4818757467144564 0.1277219430485762 0.045794504181601005 0.03211055276381912
0 0.5426164874551972 0.12911222780569515 0.07168458781362007 0.03489112227805697
0 0.6147909199522104 0.12842546063651591 0.07267622461170846 0.03070351758793972
0 0.6869772998805257 0.12911222780569515 0.061732377538829236 0.03211055276381908
0 0.7646356033452808 0.12701842546063652 0.06968936678614089 0.03907872696817422
0 0.8552329749103943 0.12562814070351758 0.07965352449223426 0.03907872696817419
0 0.931899641577061 0.13261306532663317 0.0637156511350059 0.03629815745393633
0 0.12445639187574671 0.13539363484087102 0.1772162485065711 0.07257956448911224
0 0.12594982078853048 0.21775544388609716 0.18419354838709676 0.06700167504187604
0 0.12594982078853048 0.29383584589614736 0.16029868578255674 0.04326633165829143
0 0.11598566308243727 0.35733668341708547 0.15432497013142174 0.05025125628140704
0 0.1264396654719235 0.42015075376884425 0.16129032258064516 0.044673366834170884
0 0.06272401433691756 0.49274706867671697 0.06371565113500596 0.030703517587939766
0 0.1617921146953405 0.49204355108877723 0.1005615292712067 0.040485762144053535
0 0.38530465949820786 0.96035175879397 0.039820788530466 0.03629815745393647
0 0.6386857825567503 0.96035175879397 0.054755077658303446 0.039078726968174084
0 0.46096774193548384 0.21495812395309885 0.033847072879330996 0.03350083752093802