0 0.11386940749697702 0.1266891891891892 0.1854050785973398 0.0816385135135135
0 0.048875453446191056 0.04152027027027027 0.04332527206771463 0.035185810810810805
0 0.1113422007255139 0.039408783783783784 0.051390568319226115 0.03660472972972973
0 0.21412333736396616 0.042939189189189195 0.10177750906892384 0.0464527027027027
0 0.9280532043530835 0.047162162162162166 0.032249093107617983 0.0464527027027027
0 0.9607980652962516 0.042939189189189195 0.03123337363966134 0.04082770270270271
0 0.2720677146311971 0.11119932432432432 0.036275695284159616 0.02533783783783784
0 0.3214389359129383 0.11402027027027027 0.03425634824667474 0.016891891891891893
0 0.35570737605804115 0.11542229729729729 0.02418379685610641 0.014070945945945967
0 0.4126360338573156 0.11261824324324325 0.06952841596130592 0.028158783783783774
0 0.4796493349455865 0.11402027027027027 0.046348246674727984 0.030962837837837823
0 0.5406045949214027 0.11542229729729729 0.06550181378476416 0.028158783783783774
0 0.6081257557436518 0.11684121621621622 0.06348246674727939 0.02533783783783784
0 0.6897460701330108 0.11472972972972974 0.07557436517533253 0.03518581081081082
0 0.7552357920193471 0.11472972972972974 0.0655018137847643 0.040827702702702695
0 0.8489480048367595 0.11964527027027026 0.0655018137847643 0.02533783783783784
0 0.9300725513905683 0.11472972972972974 0.07255139056831923 0.026739864864864873
0 0.11285368802902054 0.1949662162162162 0.17533252720677148 0.06616554054054052
0 0.10983071342200726 0.26956081081081085 0.15921402660217654 0.05207770270270268
0 0.09875453446191054 0.3371283783783784 0.15114873035066506 0.05207770270270268
0 0.102273276904474 0.40118243243243246 0.14409915356711003 0.047854729729729706
0 0.10731559854897219 0.4666385135135135 0.16021765417170497 0.057719594594594525
0 0.060967351874244256 0.5461655405405406 0.06348246674727932 0.03940878378378385
0 0.15064087061668682 0.5518074324324325 0.083639661426844 0.033783783783783786
0 0.3708222490931076 0.9536824324324324 0.04030229746070138 0.03518581081081069
0 0.6333131801692866 0.9480574324324325 0.03325272067714631 0.02956081081081081