1 0.13996757457846953 0.02883506343713956 0.04215304798962387 0.04229527104959631
0 0.1832036316472114 0.025951557093425604 0.048638132295719845 0.04420991926182238
0 0.2372438391699092 0.024994232987312574 0.05079766536964983 0.049976931949250285
0 0.28318417639429316 0.030761245674740485 0.03026588845654991 0.026908881199538638
0 0.3383073929961089 0.03364475201845444 0.04539559014267185 0.040369088811995385
0 0.4101815823605707 0.0265282583621684 0.08754863813229571 0.0530565167243368
0 0.7193060959792478 0.2326066897347174 0.05296368352788591 0.01922722029988468
0 0.968981841763943 0.1864705882352941 0.022697795071335927 0.03460207612456748
0 0.8187418936446174 0.34121107266435985 0.3231712062256809 0.06343713956170703
1 0.8187418936446174 0.7756632064590542 0.32533722438391705 0.040369088811995385
1 0.8630544747081712 0.9342560553633218 0.22806095979247734 0.0499769319492502
3 0.5317769130998703 0.8419838523644751 0.20319714656290527 0.25758938869665504
0 0.5750129701686122 0.5930449826989619 0.02809987029831383 0.05574394463667818
0 0.14861867704280154 0.5997693194925029 0.029182879377431907 0.0768973471741638