0 0.1133615477629988 0.13795986622073578 0.1864207980652962 0.08640468227424751
0 0.1143651753325272 0.22366220735785952 0.17432889963724305 0.04877926421404685
0 0.11487303506650544 0.29334448160535115 0.1773518742442563 0.04877926421404685
0 0.11487303506650544 0.366505016722408 0.17533252720677148 0.06132107023411374
0 0.1204111245465538 0.42642140468227424 0.18440145102781136 0.05016722408026756
0 0.11487303506650544 0.48494983277591974 0.18137847642079807 0.061321070234113643
0 0.06448609431680774 0.5574080267558528 0.060459492140266025 0.04180602006688963
0 0.1612212817412334 0.5581103678929766 0.08061668681983074 0.04598662207357859
0 0.26148730350665056 0.1288963210702341 0.039298669891172915 0.026471571906354536
0 0.31792019347037487 0.12332775919732442 0.03325272067714631 0.032056856187291
0 0.3662877871825877 0.12959866220735786 0.03325272067714631 0.02508361204013378
0 0.41314389359129383 0.12262541806020066 0.060459492140266025 0.02508361204013378
0 0.48065296251511486 0.12959866220735786 0.04836759371221282 0.03623745819397996
0 0.5486698911729141 0.12821070234113713 0.053409915356710955 0.02508361204013378
0 0.6171946795646917 0.1184448160535117 0.05541717049576789 0.04180602006688963
0 0.6927690447400241 0.1303010033444816 0.06750906892382096 0.029264214046822744
0 0.7693470374848851 0.13168896321070234 0.0715477629987909 0.026471571906354536
0 0.8484522370012091 0.1288963210702341 0.07053204353083425 0.023695652173913024
0 0.9275453446191052 0.1288963210702341 0.04332527206771454 0.018110367892976608
0 0.9235187424425635 0.050869565217391305 0.03527206771463128 0.05434782608695652
0 0.9628174123337364 0.05923076923076923 0.021160822249093107 0.0404180602006689
0 0.6348246674727932 0.9545652173913044 0.03829504232164452 0.05573578595317714
0 0.3572188633615478 0.9448160535117057 0.023180169286577942 0.030652173913043358
0 0.11235792019347038 0.05852842809364549 0.05340991535671099 0.02508361204013378
0 0.2211850060459492 0.055735785953177255 0.10378476420798063 0.030652173913043475
0 0.048875453446191056 0.05923076923076923 0.04534461910519952 0.029264214046822744