0 0.2124505928853755 0.03693422519509476 0.07707509881422925 0.04598662207357859
0 0.2989169960474308 0.03693422519509476 0.06818181818181818 0.040412486064659976
0 0.3819209486166008 0.03901895206243032 0.07806324110671936 0.03901895206243032
0 0.4777707509881423 0.04180602006688963 0.0741106719367589 0.036231884057971016
0 0.7865612648221344 0.03483835005574136 0.1067193675889328 0.030657748049052396
0 0.8754940711462451 0.03832775919732442 0.045454545454545456 0.029264214046822744
0 0.9407114624505929 0.0355406911928651 0.05138339920948617 0.03205128205128205
0 0.040023715415019756 0.31215161649944256 0.05039525691699604 0.033444816053511704
0 0.09338339920948616 0.31215161649944256 0.036561264822134384 0.030657748049052396
0 0.15662450592885374 0.3072798216276477 0.0741106719367589 0.04598662207357859
0 0.26877470355731226 0.314247491638796 0.12648221343873517 0.03762541806020067
2 0.8196679841897234 0.3072798216276477 0.28952569169960474 0.05434782608695652