0 0.7276764199655765 0.39195488721804506 0.2447848537005164 0.02367167919799497
0 0.9217814113597246 0.14828320802005013 0.0822375215146299 0.04037593984962406
0 0.9170051635111875 0.4699248120300752 0.07075731497418228 0.03481203007518793
0 0.9423407917383821 0.6119423558897243 0.01816695352839942 0.018095238095238164
0 0.7807401032702238 0.7936466165413535 0.31841652323580033 0.03620300751879712
0 0.7013769363166954 0.6739097744360902 0.15012048192771088 0.019498746867167852
0 0.720025817555938 0.6975814536340852 0.17976764199655776 0.016704260651628982
0 0.7778743545611015 0.8904260651629072 0.3719621342512909 0.054298245614035
0 0.2639156626506024 0.7713784461152882 0.03442340791738382 0.05012531328320802
0 0.3016867469879518 0.7685839598997494 0.033468158347676406 0.05012531328320802
0 0.337065404475043 0.7720676691729323 0.033468158347676406 0.05151629072681692
0 0.3743545611015491 0.7727694235588972 0.029638554216867518 0.044561403508771864
0 0.4140361445783133 0.7706766917293233 0.032512908777968995 0.04595238095238104