0 0.04601440576230492 0.05523489932885906 0.05402160864345738 0.06291946308724833
0 0.12254501800720288 0.04894295302013423 0.06702280912364947 0.055922818791946306
0 0.21809123649459783 0.059429530201342284 0.11404561824729892 0.05733221476510068
0 0.9208643457382953 0.051728187919463084 0.033013205282112844 0.04753355704697986
0 0.9598799519807923 0.05523489932885906 0.03100840336134445 0.04614093959731544
0 0.12304921968787515 0.1363255033557047 0.18207683073229286 0.06291946308724833
0 0.11804321728691476 0.1978523489932886 0.16006002400960387 0.048942953020134204
0 0.11755102040816327 0.2635570469798658 0.17307322929171667 0.04614093959731544
0 0.11554621848739496 0.32088926174496646 0.17106842737094838 0.05453020134228188
0 0.11605042016806724 0.3991946308724832 0.16806722689075632 0.07411073825503359
0 0.11854741896758704 0.47050335570469803 0.1550660264105642 0.05172818791946315
0 0.05702280912364946 0.5508892617449664 0.0560264105642257 0.04474832214765094
0 0.14756302521008405 0.552986577181208 0.08903961584633852 0.043338926174496716
0 0.37415366146458584 0.9556711409395974 0.04001200480192082 0.051728187919462966
0 0.6247539015606242 0.9563758389261745 0.045018007202881155 0.05313758389261757
0 0.5562184873949579 0.8081711409395973 0.03201680672268903 0.04194630872483222
0 0.9383793517406962 0.8088590604026845 0.04001200480192068 0.05453020134228188