0 0.9610336538461539 0.04258943781942078 0.03506009615384624 0.05110732538330494
0 0.9214783653846154 0.04187393526405451 0.030048076923076924 0.046848381601362864
0 0.6305048076923078 0.9582623509369677 0.045072115384615384 0.06529812606473583
0 0.3746033653846154 0.9589778534923338 0.04606971153846159 0.061039182282793744
0 0.1201923076923077 0.27965928449744465 0.18229567307692301 0.07097103918228284
0 0.11919471153846153 0.20584327086882453 0.18229567307692307 0.07097103918228279
0 0.11618990384615385 0.122793867120954 0.18229567307692307 0.08659284497444635
0 0.1201923076923077 0.34212947189097104 0.18229567307692301 0.05393526405451452
0 0.1201923076923077 0.4045996592844974 0.18229567307692301 0.05393526405451452
0 0.11168269230769232 0.4727427597955707 0.1672716346153846 0.053935264054514424
3 0.1196875 0.7431856899488927 0.17929086538461536 0.27967632027257244
0 0.26643028846153843 0.11712095400340715 0.042067307692307696 0.03833049403747871
0 0.36258413461538463 0.11570698466780238 0.042067307692307696 0.03833049403747871
0 0.3155048076923077 0.11214650766609881 0.044074519230769216 0.03974446337308348
0 0.4206730769230769 0.11570698466780238 0.06409855769230774 0.03548551959114141
0 0.4842788461538462 0.11427597955706985 0.05709134615384615 0.03548551959114141
0 0.5448677884615385 0.11712095400340715 0.058088942307692355 0.02696763202725725
0 0.6159855769230769 0.11640545144804089 0.07211538461538461 0.034071550255536626
0 0.6871033653846154 0.11570698466780238 0.06009615384615385 0.03548551959114141
0 0.76171875 0.11570698466780238 0.07912259615384606 0.03548551959114141
0 0.8493629807692307 0.11640545144804089 0.08413461538461539 0.036916524701873926
0 0.9284855769230769 0.11427597955706985 0.06811298076923086 0.032657580919931845
0 0.21884615384615386 0.04613287904599659 0.10316105769230767 0.046848381601362864
0 0.1196875 0.043304940374787056 0.04907451923076925 0.03548551959114139
0 0.04657451923076923 0.04613287904599659 0.04907451923076923 0.03833049403747871