0 0.0851581508515815 0.03773874862788145 0.14801297648012976 0.050768386388583976
0 0.21543390105433902 0.041163556531284305 0.05981346309813463 0.041163556531284305
0 0.29856447688564475 0.04322722283205269 0.06995133819951338 0.03704720087815587
0 0.3948742903487429 0.043907793633369926 0.07400648824006488 0.03293084522502744
0 0.483625304136253 0.03793633369923161 0.07274939172749395 0.03389681668496158
0 0.8032603406326033 0.041163556531284305 0.12046228710462285 0.027442371020856202
0 0.8950932684509327 0.040351262349066955 0.046512570965125635 0.029055982436882545
0 0.9606893755068937 0.041163556531284305 0.05128142741281429 0.03389681668496158
0 0.20096512570965125 0.11541163556531284 0.0799107866991079 0.030669593852908888
0 0.28504460665044606 0.11218441273326016 0.07394160583941603 0.03389681668496158
0 0.36793998377939985 0.1129967069154775 0.07036496350364962 0.035510428100987916
0 0.4591727493917275 0.11783754116355652 0.07155717761557179 0.02260153677277717
0 0.55220600162206 0.10976948408342481 0.08110300081103 0.035510428100987916
0 0.6333090024330901 0.1137980241492865 0.05725060827250602 0.024215148188803517
0 0.7287185725871858 0.10734357848518113 0.09064071370640712 0.03712403951701426
0 0.8086293592862935 0.12510428100987925 0.05725060827250611 0.04358946212952798
0 0.831881589618816 0.33495060373216246 0.03220600162206005 0.04358946212952803
0 0.5909651257096512 0.7691767288693744 0.15623682076236828 0.04035126234906695
0 0.7609245742092458 0.7675631174533479 0.15742903487429044 0.04035126234906695
0 0.5933495539334955 0.8232491767288694 0.1490835360908353 0.03228320526893533
0 0.7603244120032442 0.821635565312843 0.16816707218167065 0.05165751920965966
0 0.5921573398215734 0.8829747530186608 0.15146796431467963 0.038737650933040574
0 0.7597323600973236 0.8829747530186608 0.16459042984590433 0.045203073545554404
1 0.6750527169505272 0.6868496158068057 0.31725060827250606 0.04358946212952803