3 0.5007865757734662 0.5010845986984815 0.25904562139486104 0.6507592190889371
0 0.03828002097535396 0.08459869848156182 0.05558468799160986 0.039045553145336226
0 0.042475091767173574 0.12039045553145336 0.05558468799160986 0.0368763557483731
0 0.04195070791819612 0.17136659436008678 0.04404824331410592 0.03036876355748373
0 0.03408495018353435 0.20498915401301518 0.04719454640797063 0.03253796095444685
0 0.09858416360776089 0.021691973969631236 0.023072889355007866 0.04338394793926247
0 0.1232302045097011 0.031453362255965296 0.026219192448872573 0.028199566160520606
0 0.1557420031463031 0.03470715835140998 0.0346093340325118 0.03470715835140998
0 0.19507079181961196 0.03579175704989154 0.025170424750917672 0.02386117136659436
0 0.21814368117461982 0.12906724511930587 0.09858416360776089 0.09761388286334056
0 0.3534347142108023 0.12581344902386118 0.15312008390141585 0.11279826464208242
0 0.5270057682223388 0.12255965292841649 0.16465652857891977 0.1019522776572668
0 0.6927110644992134 0.12472885032537961 0.13948610382800208 0.10629067245119306
0 0.8274777136864184 0.026030368763557483 0.06292606187729417 0.03470715835140998
0 0.8741478762454117 0.026030368763557483 0.01782905086523335 0.03470715835140998
0 0.8987939171473519 0.021691973969631236 0.023072889355007866 0.039045553145336226
0 0.9365495542737283 0.0227765726681128 0.012585212375458836 0.028199566160520606
0 0.9564761405348715 0.026030368763557483 0.014682747771368642 0.04338394793926247
0 0.9795490298898794 0.044468546637744036 0.012585212375458836 0.05856832971800434
0 0.9695857367593078 0.7733188720173536 0.030414263240692185 0.02386117136659436
0 0.22128998426848454 0.8850325379609545 0.16780283167278448 0.19956616052060738
0 0.024121657052962767 0.8644251626898047 0.033560566334556896 0.07158351409978309
0 0.04981646565285789 0.8611713665943601 0.019926586261143155 0.0737527114967462
0 0.07341373885684321 0.8655097613882863 0.023072889355007866 0.07809110629067245
0 0.09858416360776089 0.8741865509761388 0.023072889355007866 0.0737527114967462
0 0.06082852648138437 0.7147505422993492 0.11955951756685894 0.0455531453362256
0 0.06345044572627163 0.6648590021691974 0.11012060828526482 0.0368763557483731
0 0.05977975878342947 0.6225596529284165 0.10277923439958049 0.03470715835140998
0 0.04719454640797063 0.48156182212581344 0.07341373885684321 0.026030368763557483
0 0.03408495018353435 0.4403470715835141 0.051389617199790245 0.039045553145336226
0 0.0356581017304667 0.40455531453362253 0.03775563712637651 0.019522776572668113
0 0.0508652333508128 0.34490238611713664 0.0723649711588883 0.039045553145336226
0 0.048243314105925535 0.306941431670282 0.07341373885684321 0.0368763557483731
3 0.8447823807026743 0.07158351409978309 0.0681699003670687 0.021691973969631236
3 0.9339276350288411 0.07809110629067245 0.0723649711588883 0.03036876355748373