0 0.41998670212765954 0.23840000000000003 0.09308510638297872 0.050730434782608726
0 0.11525265957446809 0.05217391304347826 0.07756648936170213 0.04057391304347826
0 0.04488031914893617 0.0492695652173913 0.03434840425531915 0.04057391304347826
0 0.19670212765957445 0.0507304347826087 0.054295212765957425 0.034782608695652174
0 0.28867021276595745 0.0492695652173913 0.09640957446808511 0.043478260869565216
0 0.3928457446808511 0.0507304347826087 0.09198138297872335 0.043478260869565216
0 0.48038563829787234 0.05507826086956522 0.05651595744680851 0.02899130434782609
0 0.5862101063829787 0.0391304347826087 0.1374069148936171 0.05796521739130434
0 0.7263962765957447 0.03695652173913044 0.12965425531914893 0.05652173913043478
0 0.9873670212765957 0.03304347826086956 0.02526595744680851 0.04173913043478261
0 0.41888297872340424 0.4166608695652174 0.09530585106382973 0.0391304347826087
0 0.4172207446808511 0.5920347826086957 0.08976063829787234 0.03333913043478254
0 0.42220744680851063 0.7695652173913043 0.0820079787234042 0.040573913043478335
0 0.4227659574468085 0.9442086956521738 0.08089095744680856 0.04492173913043466
0 0.6637898936170213 0.970295652173913 0.03102393617021282 0.018834782608695526
0 0.7529920212765957 0.13622608695652175 0.46652925531914885 0.12173913043478261
0 0.7518882978723403 0.26812173913043474 0.46875 0.10434782608695652
0 0.7529920212765957 0.3978260869565217 0.46432180851063837 0.0855130434782609
0 0.7574202127659575 0.5224695652173913 0.46432180851063837 0.10290434782608689
0 0.7585372340425531 0.6521739130434783 0.45767287234042564 0.08116521739130428
0 0.7474468085106384 0.7775304347826086 0.45767287234042564 0.08260869565217391