0 0.048607142857142856 0.04341176470588235 0.045630952380952376 0.04201680672268908
0 0.11508333333333333 0.04201680672268908 0.0575357142857143 0.036420168067226893
0 0.21229761904761907 0.0413109243697479 0.09523809523809523 0.037815126050420166
0 0.9350238095238095 0.04761344537815126 0.0744047619047619 0.05042016806722689
0 0.12847619047619047 0.11835294117647059 0.16567857142857143 0.08542857142857144
0 0.10169047619047619 0.20168067226890757 0.09027380952380953 0.058823529411764705
0 0.08482142857142858 0.2710084033613445 0.0625 0.04341176470588232
0 0.0823452380952381 0.3452436974789916 0.06746428571428571 0.04902521008403364
0 0.10416666666666667 0.4040672268907563 0.10714285714285714 0.04062184873949583
0 0.07639285714285715 0.4670924369747899 0.0436547619047619 0.04341176470588242
0 0.063 0.555327731092437 0.06646428571428573 0.04062184873949573
0 0.15723809523809526 0.5455126050420168 0.08234523809523811 0.03221848739495792
0 0.37698809523809523 0.9495798319327731 0.03372619047619053 0.03921008403361332
0 0.6309523809523809 0.9551764705882354 0.017857142857142856 0.030806722689075507
0 0.5654761904761905 0.8004201680672269 0.041666666666666664 0.037815126050420166
0 0.9350238095238095 0.7983193277310925 0.03472619047619056 0.039210084033613514