0 0.11777245508982036 0.35831960461285006 0.18164071856287428 0.05215815485996709
0 0.11378443113772456 0.14621087314662273 0.18164071856287423 0.08373970345963755
0 0.11777245508982036 0.4187314662273476 0.18164071856287428 0.05215815485996709
0 0.04441916167664671 0.07207578253706755 0.04889820359281437 0.03706754530477759
0 0.11677844311377246 0.22652388797364087 0.18164071856287423 0.06863261943986818
0 0.11777245508982036 0.2979077429983526 0.18164071856287428 0.06863261943986824
3 0.11726946107784432 0.746161449752883 0.17864670658682633 0.2704612850082372
0 0.3712694610778443 0.954843492586491 0.04590419161676652 0.059028006589785714
0 0.11726946107784432 0.06934102141680396 0.04889820359281439 0.0343163097199341
0 0.6262514970059879 0.954151565074135 0.04491017964071856 0.063146622734761
0 0.21607185628742515 0.07207578253706755 0.10279041916167662 0.045304777594728174
0 0.9161796407185628 0.06795716639209226 0.029940119760479042 0.045304777594728174
0 0.9555928143712574 0.06864909390444811 0.034934131736527034 0.04942339373970346
0 0.11526946107784432 0.4839373970345964 0.1786467065868263 0.0590280065897859
0 0.5578802395209581 0.8058813838550247 0.0379281437125748 0.04667215815486003
0 0.938119760479042 0.8051894563426688 0.037928143712574934 0.048056013179571595