0 0.2202334943639291 0.036416758544652705 0.0774074074074074 0.04414553472987871
0 0.312914653784219 0.03742006615214994 0.07136070853462158 0.053164277839029765
0 0.40248792270531397 0.03566703417861081 0.06422705314009661 0.04665931642778391
0 0.49023349436392916 0.032910694597574425 0.06258454106280195 0.047155457552370446
0 0.8057971014492753 0.03503858875413451 0.12863929146537842 0.04540242557883132
0 0.902415458937198 0.03379272326350606 0.04519323671497593 0.042899669239250274
0 0.9637117552334944 0.03804851157662624 0.058003220611916234 0.059437706725468574
0 0.20440418679549116 0.10948180815876515 0.08710144927536234 0.05695700110253583
0 0.2900724637681159 0.10922822491730981 0.07397745571658615 0.05954796030871002
0 0.3749677938808374 0.10960308710033076 0.08357487922705314 0.05878721058434398
0 0.4645893719806763 0.10894156560088203 0.08371175523349439 0.062017640573318635
0 0.5556038647342995 0.10922822491730981 0.08663446054750396 0.05954796030871002
0 0.6405636070853462 0.10922822491730981 0.07522544283413854 0.055733186328555694
0 0.7316505636070854 0.11083792723263507 0.09608695652173907 0.056306504961411236
0 0.8171014492753624 0.10941565600882028 0.06563607085346224 0.05535832414553474
0 0.8293397745571658 0.25938257993384783 0.04115942028985498 0.05823594266813674
0 0.6423027375201288 0.42054024255788314 0.06202093397745569 0.034762954796030844
0 0.5968438003220612 0.5932635060639471 0.16686795491143316 0.056769570011025366
0 0.7641143317230273 0.590683572216097 0.16035426731078903 0.05410143329658213
0 0.598792270531401 0.651962513781698 0.16526570048309178 0.055226019845644896
0 0.7646859903381643 0.6507828004410143 0.16309983896940422 0.05357221609702306