0 0.9603373493975904 0.044673366834170856 0.0351445783132531 0.05025125628140704
0 0.927710843373494 0.11515912897822446 0.06827710843373502 0.03211055276381911
0 0.9206867469879517 0.04396984924623116 0.030120481927710843 0.046063651591289785
0 0.8483975903614457 0.11725293132328309 0.08433734939759036 0.036298157453936365
0 0.7605421686746988 0.11656616415410385 0.0793132530120481 0.034891122278056935
0 0.6857469879518072 0.11656616415410385 0.060240963855421686 0.034891122278056935
0 0.6144578313253012 0.11725293132328309 0.07228915662650602 0.03350083752093802
0 0.48243373493975905 0.11515912897822446 0.0572289156626506 0.034891122278056935
0 0.4186746987951807 0.11656616415410385 0.06425301204819282 0.034891122278056935
0 0.3604457831325301 0.11656616415410385 0.04216867469879518 0.03768844221105527
0 0.5431686746987952 0.11795644891122278 0.05822891566265065 0.026515912897822454
0 0.2640602409638554 0.11795644891122278 0.04216867469879518 0.03768844221105527
0 0.3132530120481928 0.11306532663316583 0.04418072289156625 0.03907872696817419
0 0.21636144578313254 0.04815745393634841 0.10340963855421685 0.046063651591289785
0 0.11696385542168675 0.04537688442211055 0.04919277108433737 0.03489112227805694
0 0.11746987951807229 0.27777219430485767 0.1827349397590361 0.06978224455611394
0 0.11345783132530121 0.12353433835845896 0.18273493975903612 0.08514237855946397
0 0.11746987951807229 0.40061976549413736 0.1827349397590361 0.05303182579564493
0 0.043674698795180725 0.04815745393634841 0.049192771084337346 0.03768844221105527
0 0.11646987951807229 0.2051926298157454 0.18273493975903612 0.06978224455611387
0 0.10893975903614458 0.4676214405360134 0.1676746987951807 0.05303182579564484
0 0.11746987951807229 0.3391959798994975 0.1827349397590361 0.05303182579564493
3 0.11696385542168675 0.7335343383584589 0.17972289156626506 0.27499162479061967
0 0.6290120481927711 0.9450083752093802 0.045180722891566265 0.0642043551088776
0 0.3724939759036145 0.94571189279732 0.046180722891566314 0.060016750418760346