0 0.22677165354330708 0.041304347826086954 0.09028871391076115 0.0391304347826087
0 0.32335958005249343 0.04565217391304348 0.050393700787401574 0.04782608695652174
0 0.3821522309711286 0.04891304347826087 0.05249343832020997 0.03695652173913044
0 0.4398950131233596 0.05 0.05249343832020997 0.0391304347826087
0 0.5055118110236221 0.041304347826086954 0.051443569553805774 0.04782608695652174
0 0.6939632545931759 0.04021739130434782 0.07349081364829396 0.03260869565217391
0 0.7569553805774278 0.0391304347826087 0.027296587926509186 0.021739130434782608
0 0.7958005249343832 0.0391304347826087 0.03569553805774278 0.02608695652173913
0 0.49816272965879266 0.6010869565217392 0.12283464566929134 0.05434782608695652
0 0.9338582677165355 0.875 0.07244094488188976 0.05434782608695652
0 0.9343832020997376 0.9347826086956522 0.07559055118110236 0.043478260869565216
0 0.8829396325459318 0.8695652173913043 0.014698162729658792 0.034782608695652174