0 0.12184115523465704 0.1342281879194631 0.14741275571600482 0.04474832214765103
0 0.11732851985559567 0.2251174496644295 0.13838748495788206 0.039144295302013396
0 0.12836341756919376 0.28384228187919464 0.15844765342960287 0.04753355704697984
0 0.11783393501805056 0.34815436241610737 0.11732851985559568 0.039144295302013396
0 0.09125150421179302 0.4117785234899329 0.10027677496991579 0.034949664429530174
0 0.07972322503008424 0.463506711409396 0.06116726835138386 0.04055369127516772
0 0.058664259927797835 0.552986577181208 0.06518652226233455 0.03216442953020127
0 0.1589410348977136 0.5453020134228188 0.09326113116726835 0.02796979865771805
0 0.05114320096269555 0.044043624161073824 0.036101083032490974 0.02936241610738255
0 0.12184115523465704 0.05243288590604027 0.049133574007220196 0.0349496644295302
0 0.21560770156438025 0.04614093959731544 0.09025270758122744 0.03355704697986577
0 0.26825511432009624 0.11325503355704698 0.03709987966305654 0.027969798657718134
0 0.3203971119133574 0.12164429530201343 0.031083032490974744 0.025167785234899327
0 0.36101083032490977 0.12164429530201343 0.03209386281588443 0.025167785234899327
0 0.41465703971119133 0.11815436241610738 0.057160048134777375 0.026560402684563767
0 0.47884476534296033 0.11815436241610738 0.05315282791817083 0.02936241610738255
0 0.5440192539109506 0.11535234899328858 0.061167268351383926 0.026560402684563767
0 0.6157280385078219 0.11884228187919463 0.0681949458483754 0.025167785234899327
0 0.687424789410349 0.11535234899328858 0.06116726835138379 0.026560402684563767
0 0.7651383874849579 0.11884228187919463 0.07620938628158835 0.019580536912751658
0 0.8483754512635379 0.12234899328859061 0.06618531889290012 0.032164429530201336
0 0.9280986762936222 0.11884228187919463 0.0631768953068592 0.025167785234899327
0 0.9386281588447654 0.04753355704697986 0.07019253910950653 0.04753355704697986
0 0.3695306859205776 0.9500838926174496 0.035102286401925344 0.04333892617449652
0 0.6422984356197352 0.9507885906040268 0.0431167268351383 0.04474832214765113