0 0.05636743215031315 0.02159827213822894 0.03549060542797495 0.038876889848812095
0 0.0965553235908142 0.02591792656587473 0.024008350730688934 0.02159827213822894
0 0.12578288100208768 0.02591792656587473 0.030271398747390398 0.03455723542116631
0 0.16336116910229645 0.026997840172786176 0.026096033402922755 0.019438444924406047
0 0.19467640918580376 0.032397408207343416 0.03444676409185804 0.02591792656587473
0 0.8115866388308977 0.03023758099352052 0.055323590814196244 0.04319654427645788
0 0.872651356993737 0.04103671706263499 0.016701461377870562 0.017278617710583154
0 0.8924843423799582 0.03023758099352052 0.016701461377870562 0.02591792656587473
0 0.9363256784968684 0.03131749460043196 0.012526096033402923 0.023758099352051837
0 0.9545929018789144 0.0367170626349892 0.015657620041753653 0.02591792656587473
0 0.975991649269311 0.042116630669546434 0.018789144050104383 0.032397408207343416
0 0.9926931106471816 0.09071274298056156 0.012526096033402923 0.02159827213822894
0 0.9937369519832986 0.1717062634989201 0.008350730688935281 0.019438444924406047
0 0.8194154488517745 0.1673866090712743 0.012526096033402923 0.023758099352051837
0 0.8507306889352818 0.9611231101511879 0.03966597077244259 0.02591792656587473
0 0.884133611691023 0.968682505399568 0.012526096033402923 0.023758099352051837
0 0.8966597077244259 0.9665226781857451 0.010438413361169102 0.01511879049676026
0 0.9801670146137788 0.9632829373650108 0.020876826722338204 0.02591792656587473
0 0.06315240083507306 0.9762419006479481 0.09707724425887265 0.047516198704103674
0 0.027661795407098122 0.8542116630669546 0.019832985386221295 0.05399568034557235
0 0.05010438413361169 0.8563714902807775 0.014613778705636743 0.05399568034557235
0 0.07411273486430063 0.8617710583153347 0.022964509394572025 0.05183585313174946
0 0.10334029227557412 0.8660907127429806 0.020876826722338204 0.06479481641468683
0 0.06889352818371608 0.7116630669546437 0.10855949895615867 0.04103671706263499
0 0.06367432150313153 0.7548596112311015 0.031315240083507306 0.01511879049676026
0 0.0662839248434238 0.6652267818574514 0.10751565762004175 0.038876889848812095
0 0.06889352818371608 0.6220302375809935 0.1127348643006263 0.03455723542116631
0 0.0965553235908142 0.5885529157667386 0.021920668058455117 0.01079913606911447
0 0.11377870563674322 0.5863930885529157 0.008350730688935281 0.01511879049676026
0 0.04645093945720251 0.4794816414686825 0.0720250521920668 0.03455723542116631
0 0.06471816283924843 0.5248380129589633 0.037578288100208766 0.012958963282937365
0 0.03653444676409186 0.43628509719222464 0.04592901878914405 0.03455723542116631
0 0.04018789144050104 0.39740820734341253 0.04488517745302714 0.04319654427645788
0 0.05688935281837161 0.34989200863930886 0.07411273486430063 0.02591792656587473
0 0.05688935281837161 0.2980561555075594 0.07411273486430063 0.05183585313174946
0 0.09812108559498957 0.25377969762419006 0.012526096033402923 0.023758099352051837
0 0.11169102296450939 0.2570194384449244 0.014613778705636743 0.017278617710583154
0 0.04697286012526096 0.20626349892008639 0.06263048016701461 0.0367170626349892
0 0.04175365344467641 0.1673866090712743 0.05636743215031315 0.032397408207343416
0 0.0407098121085595 0.11987041036717062 0.054279749478079335 0.0367170626349892
0 0.044363256784968684 0.08639308855291576 0.06367432150313153 0.03455723542116631
1 0.021920668058455117 0.03023758099352052 0.022964509394572025 0.02159827213822894
2 0.5 0.03347732181425486 0.21085594989561587 0.04967602591792657
2 0.9097077244258872 0.9125269978401728 0.15762004175365343 0.0367170626349892