0 0.093841642228739 0.2821917808219178 0.11143695014662756 0.038356164383561646
0 0.22067448680351906 0.28904109589041094 0.1217008797653959 0.038356164383561646
0 0.34824046920821117 0.28904109589041094 0.10703812316715543 0.038356164383561646
0 0.46920821114369504 0.29178082191780824 0.12023460410557185 0.038356164383561646
0 0.4142228739002933 0.0410958904109589 0.02785923753665689 0.019178082191780823
0 0.9222873900293255 0.04657534246575343 0.12903225806451613 0.03561643835616438
0 0.41055718475073316 0.41575342465753423 0.7448680351906158 0.03424657534246575
0 0.30791788856304986 0.17054794520547945 0.5395894428152492 0.031506849315068496
0 0.41275659824046923 0.6445205479452055 0.7434017595307918 0.03972602739726028
0 0.08431085043988269 0.7636986301369864 0.06598240469208211 0.026027397260273973
0 0.18914956011730205 0.7664383561643836 0.07917888563049853 0.028767123287671233
0 0.3101173020527859 0.7664383561643836 0.1187683284457478 0.03424657534246575
0 0.4530791788856305 0.7602739726027398 0.10263929618768329 0.0273972602739726
0 0.29838709677419356 0.8897260273972603 0.5175953079178885 0.03424657534246575