0 0.11749103942652331 0.359504132231405 0.1812066905615293 0.05233057851239674
0 0.11351254480286739 0.14669421487603307 0.18120669056152924 0.08401652892561982
0 0.04431302270011948 0.07231404958677685 0.048781362007168455 0.0371900826446281
0 0.11749103942652331 0.4201157024793388 0.1812066905615293 0.05233057851239674
0 0.37038231780167263 0.9580000000000001 0.045794504181601005 0.059223140495867646
3 0.11698924731182796 0.7486280991735538 0.17821983273596176 0.27135537190082637
0 0.11749103942652331 0.2988925619834711 0.1812066905615293 0.06885950413223145
0 0.11649940262843489 0.22727272727272727 0.18120669056152924 0.06885950413223138
0 0.9139904420549582 0.06818181818181818 0.02986857825567503 0.045454545454545456
0 0.8423058542413381 0.14049586776859505 0.08363201911589008 0.035818181818181846
0 0.11698924731182796 0.0695702479338843 0.048781362007168476 0.0344297520661157
0 0.681015531660693 0.1398181818181818 0.05973715651135006 0.034429752066115676
0 0.5396296296296297 0.1411900826446281 0.057741935483871014 0.02616528925619837
0 0.41617682198327355 0.1398181818181818 0.06371565113500602 0.034429752066115676
0 0.4794026284348865 0.1384297520661157 0.05675029868578255 0.034429752066115676
0 0.2628554360812425 0.1411900826446281 0.04181600955794504 0.0371900826446281
0 0.6247550776583034 0.9573057851239669 0.044802867383512544 0.06335537190082632
0 0.21555555555555553 0.07231404958677685 0.10254480286738349 0.045454545454545456
0 0.35843488649940264 0.1398181818181818 0.04181600955794504 0.0371900826446281
0 0.31163679808841094 0.13636363636363635 0.04381123058542412 0.038561983471074354
0 0.7551851851851852 0.1398181818181818 0.0786499402628434 0.034429752066115676
0 0.6103225806451612 0.14049586776859505 0.07168458781362 0.03305785123966942
0 0.9209557945041816 0.1384297520661157 0.06770609318996425 0.03168595041322317
0 0.9533094384707288 0.06887603305785124 0.03485065710872171 0.049586776859504134