0 0.11473429951690821 0.13209106239460372 0.19121980676328507 0.08713322091062393
0 0.11373188405797104 0.2136087689713322 0.1932367149758454 0.061838111298482275
0 0.10969806763285023 0.28527824620573355 0.18115942028985507 0.05902192242833052
0 0.11373188405797102 0.3492074198988196 0.19121980676328504 0.05762225969645871
0 0.11373188405797104 0.4173693086003373 0.18719806763285024 0.050590219224283306
0 0.11020531400966184 0.4820067453625632 0.1882004830917875 0.06745362563237774
0 0.06089371980676329 0.5522765598650927 0.05938405797101449 0.0477740303541316
0 0.15147342995169083 0.5572006745362563 0.09561594202898549 0.04075885328836418
0 0.05032608695652174 0.050590219224283306 0.05032608695652174 0.03372681281618887
0 0.11222222222222222 0.048482293423271504 0.04528985507246377 0.02951096121416526
0 0.21185990338164248 0.049881956155143334 0.1016545893719807 0.04355817875210792
0 0.9259299516908212 0.05129848229342327 0.04428743961352666 0.057622259696458684
0 0.9727294685990338 0.05551433389544688 0.037234299516908126 0.046374367622259695
0 0.2707367149758454 0.11944350758853288 0.04428743961352659 0.03934232715008432
0 0.31652173913043474 0.12365935919055648 0.03119565217391306 0.028111298482293403
0 0.353768115942029 0.11733558178752107 0.037234299516908265 0.0266947723440135
0 0.4131400966183575 0.11804384485666104 0.07146135265700478 0.0393423271500843
0 0.47403381642512077 0.12086003372681282 0.04428743961352652 0.025295109612141653
0 0.5429710144927536 0.12225969645868466 0.05535024154589377 0.036543001686340656
0 0.6199637681159421 0.12015177065767285 0.07648550724637679 0.0266947723440135
0 0.6858937198067633 0.12155143338954469 0.07750000000000008 0.03794266441821248
0 0.7633816425120773 0.12647554806070826 0.07548309178743962 0.03654300168634067
0 0.8499396135265701 0.1299831365935919 0.08353864734299525 0.03232715008431701
0 0.9289492753623187 0.1257672849915683 0.06440821256038638 0.03232715008431701
0 0.625 0.9619224283305227 0.04629227053140095 0.06605396290050602
0 0.3708695652173913 0.9598145025295108 0.0392512077294686 0.047774030354131414