0 0.016232114467408583 0.014534883720930232 0.024509803921568627 0.02616279069767442
0 0.08545310015898251 0.011627906976744186 0.03047164811870694 0.023255813953488372
0 0.1212241653418124 0.01308139534883721 0.02782193958664547 0.02616279069767442
0 0.1589825119236884 0.010174418604651164 0.02252252252252252 0.020348837209302327
0 0.19243773184949656 0.011627906976744186 0.02848436671966084 0.023255813953488372
0 0.8074986751457339 0.014534883720930232 0.05696873343932168 0.029069767441860465
0 0.8710916799152093 0.01744186046511628 0.02252252252252252 0.03197674418604651
0 0.8949390567037626 0.013813953488372097 0.010598834128245893 0.024709302325581394
0 0.9363434022257552 0.014534883720930232 0.01126126126126126 0.029069767441860465
0 0.9555537890832009 0.020348837209302327 0.012586115527291998 0.02616279069767442
0 0.9807260201377849 0.018174418604651167 0.01921038685744568 0.036337209302325583
0 0.03146793852676205 0.06976744186046512 0.06028086910439852 0.0436046511627907
0 0.03345521992580816 0.11337209302325581 0.04305776364599894 0.029069767441860465
0 0.034446210916799155 0.15261627906976744 0.05696873343932168 0.02616279069767442
0 0.032458929517753046 0.19404651162790698 0.04769475357710652 0.036337209302325583
0 0.04239533651298357 0.30377906976744184 0.07419183889772125 0.05232558139534884
0 0.03643349231584526 0.34811627906976744 0.05961844197138315 0.03924418604651163
0 0.029809220985691574 0.4033488372093023 0.04769475357710652 0.04215116279069767
0 0.03179650238473768 0.4578488372093023 0.04769475357710652 0.040697674418604654
0 0.041404345521992576 0.502906976744186 0.06028086910439852 0.0377906976744186
0 0.05597774244833068 0.5486976744186046 0.025834658187599363 0.024709302325581394
0 0.041404345521992576 0.6504418604651163 0.06955484896661367 0.059593023255813955
0 0.04239533651298357 0.6955 0.08081611022787494 0.0625
0 0.03179650238473768 0.748546511627907 0.050344462109167994 0.03488372093023256
0 0.09307366189719131 0.6039302325581395 0.01126126126126126 0.024709302325581394
0 0.05531531531531531 0.7936046511627907 0.04305776364599894 0.03197674418604651
0 0.021860095389507155 0.9113372093023255 0.02252252252252252 0.061046511627906974
0 0.04504504504504504 0.9026162790697675 0.017223105458399578 0.06395348837209303
0 0.07352941176470588 0.9062558139534884 0.014573396926338102 0.056686046511627904
0 0.10301006889242183 0.9018953488372093 0.01921038685744568 0.04505813953488372
0 0.9114997350291468 0.6460813953488372 0.013248542660307366 0.027616279069767442
0 0.9330312665606784 0.6373604651162791 0.009936406995230525 0.027616279069767442
2 0.4958293587705353 0.018174418604651167 0.2099894011658718 0.036337209302325583