0 0.06535714285714286 0.5319767441860465 0.07357142857142857 0.7383720930232558
0 0.14214285714285715 0.5406976744186046 0.06285714285714286 0.7093023255813954
0 0.2175 0.4941860465116279 0.060714285714285714 0.7093023255813954
0 0.2910714285714286 0.5145348837209303 0.06642857142857143 0.7267441860465116
0 0.37214285714285716 0.5232558139534884 0.06428571428571428 0.7093023255813954
0 0.45 0.5203488372093024 0.05857142857142857 0.7034883720930233
0 0.5257142857142857 0.5174418604651163 0.06571428571428571 0.7674418604651163
0 0.6035714285714285 0.5436046511627907 0.05714285714285714 0.7848837209302325
0 0.6842857142857143 0.4941860465116279 0.06714285714285714 0.7325581395348837
0 0.7560714285714286 0.5290697674418605 0.062142857142857146 0.7558139534883721
0 0.8264285714285714 0.38953488372093026 0.05857142857142857 0.5
0 0.9407142857142857 0.49709302325581395 0.07 0.8081395348837209