0 0.05277180406212664 0.05582914572864321 0.05774193548387097 0.04187604690117253
0 0.12445639187574671 0.05443886097152429 0.04978494623655912 0.05582914572864321
0 0.21854241338112304 0.053735343383584586 0.0985663082437276 0.03768844221105527
0 0.92194743130227 0.05304857621440536 0.035842293906810034 0.044673366834170856
0 0.961768219832736 0.05025125628140704 0.035842293906810034 0.044673366834170856
0 0.12694145758661887 0.12911222780569515 0.1881720430107527 0.06839195979899498
0 0.12096774193548387 0.19611390284757116 0.17821983273596173 0.06281407035175877
0 0.12345280764635601 0.26242881072026797 0.18518518518518517 0.0725795644891122
0 0.11947431302270012 0.33849246231155783 0.18120669056152922 0.07676716917922946
0 0.12445639187574671 0.40619765494137355 0.1772162485065711 0.05025125628140704
0 0.12246117084826762 0.47877721943048573 0.16726403823178015 0.06700167504187604
0 0.375352449223417 0.96035175879397 0.04778972520908005 0.05304857621440548
0 0.6332138590203107 0.9491959798994974 0.05575866188769416 0.055829145728643094
0 0.5640143369175628 0.8061139028475712 0.034850657108721574 0.046063651591289785
0 0.9468339307048984 0.8089112227805696 0.035842293906810034 0.040485762144053535
3 0.12843488649940263 0.7474874371859297 0.18120669056152922 0.2917420435510888