0 0.017576435495898584 0.08771929824561403 0.02237136465324385 0.02840935672514619
0 0.0633855331841909 0.09106432748538011 0.050067114093959725 0.02840935672514619
0 0.12304250559284116 0.08688888888888889 0.07137211036539894 0.03676023391812866
0 0.19281879194630872 0.09273684210526316 0.04900074571215511 0.018374269005847963
0 0.2588665175242356 0.09189473684210525 0.0639149888143177 0.02004678362573098
0 0.3137285607755406 0.09189473684210525 0.030894854586129717 0.02004678362573098
0 0.3542132736763609 0.09439766081871344 0.033027591349738976 0.018374269005847963
0 0.3994854586129754 0.10191812865497075 0.04900074571215513 0.026736842105263142
0 0.4777852348993289 0.08939181286549708 0.04154362416107385 0.025064327485380126
0 0.5475689783743475 0.08939181286549708 0.076703952274422 0.031742690058479524
0 0.6125503355704698 0.08771929824561403 0.04048471290082026 0.02840935672514619
0 0.6610216256524981 0.09106432748538011 0.04154362416107385 0.025064327485380126
0 0.7126845637583893 0.09189473684210525 0.038351976137211086 0.026736842105263173
0 0.7670171513795674 0.09273684210526316 0.046875466070096954 0.02840935672514619
0 0.8080313199105145 0.09189473684210525 0.039418344519015755 0.023391812865497075
0 0.8533109619686801 0.09189473684210525 0.03196122296793447 0.023391812865497075
0 0.8985831469052945 0.08939181286549708 0.050067114093959635 0.021719298245614027
0 0.8399925428784489 0.027567251461988303 0.037285607755406416 0.04845614035087718
0 0.8964504101416854 0.029239766081871343 0.043676360924683195 0.04176608187134504
0 0.952378821774795 0.026736842105263156 0.05113348247576448 0.05346198830409358
0 0.04687546607009694 0.14870175438596492 0.021304996271439218 0.02004678362573101
0 0.09960477255779268 0.15204678362573099 0.045809097688292326 0.030070175438596483
0 0.15659955257270694 0.15454970760233916 0.0404847129008203 0.021719298245614027
0 0.22424310216256524 0.15789473684210525 0.06711409395973154 0.03508771929824561
0 0.2721849366144668 0.15371929824561403 0.026629381058911286 0.023391812865497075
0 0.3068083519761372 0.15287719298245614 0.0447427293064877 0.028409356725146207
0 0.3882997762863535 0.1562222222222222 0.09268456375838924 0.03508771929824561
0 0.46181208053691275 0.15539181286549708 0.028762117822520458 0.030070175438596483
0 0.4969649515287099 0.15789473684210525 0.028762117822520458 0.028409356725146207
0 0.5480984340044742 0.15789473684210525 0.03941834451901559 0.028409356725146207
0 0.6034973900074571 0.1562222222222222 0.05645786726323642 0.038432748538011714
0 0.6604847129008203 0.15539181286549708 0.05965697240865026 0.03676023391812866
0 0.7531692766592095 0.1495438596491228 0.06818046234153613 0.03174269005847955
0 0.8245413870246086 0.16207017543859648 0.04687546607009704 0.026736842105263173
0 0.8730126771066369 0.15539181286549708 0.03089485458612963 0.023391812865497075
0 0.919358687546607 0.1587251461988304 0.04900074571215513 0.033415204678362564
0 0.8671588366890379 0.21052631578947367 0.02557046979865769 0.03676023391812866
0 0.8980536912751678 0.2147017543859649 0.02557046979865769 0.02840935672514622
0 0.9257494407158837 0.21302923976608185 0.02343773303504835 0.025064327485380126
0 0.9598359433258763 0.2155438596491228 0.02557046979865769 0.03676023391812866
0 0.8053691275167785 0.33166081871345027 0.0617897091722596 0.04176608187134507
0 0.8000447427293064 0.6324093567251462 0.0617897091722596 0.03508771929824561
0 0.6844593586875466 0.9398479532163744 0.2844369873228934 0.03508771929824561
0 0.612013422818792 0.8203859649122807 0.13955257270693502 0.016713450292397618
0 0.6253318419090231 0.8437777777777777 0.1661894108873974 0.02673684210526304
0 0.8256077554064132 0.7627368421052632 0.017046979865771906 0.028409356725146155
0 0.16032811334824756 0.9164561403508773 0.026629381058911245 0.05847953216374269
0 0.19228933631618197 0.9147836257309941 0.030894854586129738 0.05180116959064323
0 0.22318419090231173 0.9214736842105263 0.026629381058911286 0.04176608187134507
0 0.25407158836689037 0.9172982456140351 0.030894854586129717 0.05012865497076012
0 0.2860328113348248 0.9164561403508773 0.030894854586129717 0.05513450292397672
0 0.31266964951528714 0.9164561403508773 0.030894854586129717 0.05513450292397672
0 0.34675615212527966 0.9131111111111112 0.030894854586129717 0.05180116959064323
0 0.37978374347501864 0.9223040935672515 0.026629381058911245 0.060152046783625804
0 0.4117375093214019 0.9147836257309941 0.028762117822520458 0.048456140350877266
0 0.4442281879194631 0.9172982456140351 0.0319612229679343 0.05012865497076012
2 0.29828486204325133 0.023391812865497075 0.37285607755406414 0.04678362573099415