0 0.6272672309552599 0.9463986599664992 0.04534461910519952 0.0642043551088776
0 0.3698186215235792 0.9471021775544388 0.046348246674727984 0.060016750418760346
0 0.03980652962515115 0.04954773869346733 0.049371221281741234 0.03768844221105527
0 0.1133615477629988 0.04676716917922948 0.049371221281741214 0.03489112227805695
3 0.1133615477629988 0.7349246231155779 0.1803748488512696 0.2749916247906198
0 0.10984280532043532 0.12492462311557789 0.18339782345828298 0.085142378559464
0 0.48015719467956464 0.11654941373534337 0.05743651753325272 0.03489112227805696
0 0.11386940749697702 0.27916247906197655 0.18339782345828293 0.06978224455611394
0 0.11386940749697702 0.4020100502512563 0.18339782345828293 0.05303182579564493
0 0.11286577992744862 0.20658291457286432 0.18339782345828298 0.0697822445561139
0 0.11386940749697702 0.34058626465661646 0.18339782345828293 0.05303182579564493
0 0.21311970979443773 0.04954773869346733 0.10378476420798063 0.046063651591289785
0 0.2609915356711004 0.11934673366834171 0.04232164449818621 0.03768844221105527
0 0.35772672309552594 0.11795644891122278 0.04232164449818621 0.03768844221105527
0 0.3103627569528416 0.11445561139028475 0.04434099153567109 0.039078726968174216
0 0.7592744860943168 0.11795644891122278 0.07960096735187415 0.03489112227805696
0 0.41616686819830717 0.11795644891122278 0.06448609431680778 0.03489112227805696
0 0.6126602176541718 0.118643216080402 0.0725513905683193 0.03350083752093802
0 0.5411124546553809 0.11934673366834171 0.058440145102781185 0.026515912897822454
0 0.9270495767835549 0.11654941373534337 0.0685247883917776 0.032110552763819085
0 0.6842079806529625 0.11795644891122278 0.060459492140266025 0.03489112227805696
0 0.8474486094316808 0.118643216080402 0.08464328899637243 0.03629815745393634
0 0.9597944377267231 0.046063651591289785 0.03527206771463128 0.05025125628140704
0 0.92 0.04536013400335008 0.030229746070133012 0.046063651591289785