0 0.5005095541401274 0.6617647058823529 0.08034163288940359 0.09024064171122995
0 0.5182397220613781 0.23729946524064172 0.02895193977996526 0.056818181818181816
0 0.4635958309206717 0.13368983957219252 0.051389693109438334 0.07018716577540107
0 0.5153445280833816 0.1303475935828877 0.04632310364794441 0.06350267379679145
0 0.5670990156340475 0.13368983957219252 0.03836132020845397 0.06350267379679145
0 0.6206601042269833 0.13453208556149732 0.06152287203242617 0.07185828877005347
0 0.8765199768384482 0.04094919786096256 0.06369426751592357 0.04512032085561497
0 0.9340648523451072 0.04094919786096256 0.02388535031847134 0.03843582887700534
0 0.9586740011580777 0.03927807486631015 0.018094962362478286 0.03509358288770053
0 0.9840069484655473 0.04094919786096256 0.01954255935147655 0.03509358288770053
0 0.6745801968731905 0.8313903743315508 0.06803705848291836 0.05514705882352941
0 0.8761609727851767 0.9759358288770054 0.01519976838448176 0.040106951871657755
0 0.9051129125651419 0.9725935828877005 0.03401852924145918 0.040106951871657755
3 0.5432136653155762 0.8338903743315508 0.7404458598726115 0.11029411764705882
3 0.8012449334105385 0.04344919786096257 0.08106543138390272 0.04679144385026738
1 0.2120729588882455 0.23897058823529413 0.05645628257093225 0.04344919786096257
2 0.3557498552403011 0.4436898395721925 0.3611754487550666 0.3225267379679144
0 0.19868558193398958 0.6626069518716577 0.02967573827446439 0.0518048128342246
0 0.24536768963520555 0.6634358288770054 0.02605674580196873 0.053475935828877004
0 0.5692704111175448 0.6634358288770054 0.02388535031847134 0.04679144385026738
0 0.6213839027214824 0.6634358288770054 0.02388535031847134 0.04679144385026738
0 0.6684308048639259 0.6626069518716577 0.026780544296467864 0.0518048128342246
0 0.718372900984366 0.6634358288770054 0.028228141285466125 0.056818181818181816
1 0.8768847712796758 0.24315508021390372 0.058627678054429644 0.0518048128342246
1 0.5815749855240302 0.24482620320855614 0.052837290098436664 0.05514705882352941