0 0.3680385078219013 0.9534907251264755 0.04612515042117935 0.06042158516020224
0 0.6242478941034898 0.9527824620573356 0.04512635379061372 0.06463743676222584
3 0.11281588447653429 0.7398819561551433 0.17950661853188923 0.2768465430016864
0 0.11332129963898917 0.3428836424957842 0.18251504211793018 0.05338954468802702
0 0.1048014440433213 0.47217537942664417 0.16747292418772566 0.05338954468802693
0 0.11232250300842359 0.20797639123102865 0.18251504211793024 0.07025295109612141
0 0.039614921780986766 0.049881956155143334 0.04913357400722022 0.03794266441821248
0 0.11332129963898917 0.40472175379426645 0.18251504211793018 0.05338954468802702
0 0.10931407942238268 0.1257672849915683 0.18251504211793024 0.08571669477234402
0 0.11332129963898917 0.28104553119730186 0.18251504211793018 0.07025295109612145
0 0.11281588447653429 0.04708263069139967 0.049133574007220196 0.035126475548060705
0 0.21209386281588447 0.049881956155143334 0.10328519855595666 0.046374367622259695
0 0.3088688327316486 0.11522765598650928 0.04412755716004812 0.03934232715008432
0 0.25973525872442843 0.12015177065767285 0.0421179302045728 0.03794266441821248
0 0.5385078219013237 0.12015177065767285 0.05815884476534301 0.0266947723440135
0 0.35600481347773766 0.11875210792580101 0.0421179302045728 0.03794266441821248
0 0.41416365824308066 0.11875210792580101 0.06417569193742484 0.03512647554806072
0 0.47784596871239465 0.11733558178752107 0.057160048134777375 0.03512647554806072
0 0.6097111913357401 0.11944350758853288 0.07220216606498202 0.03372681281618887
0 0.6809145607701564 0.11875210792580101 0.06016847172081829 0.03512647554806072
0 0.7556197352587244 0.11875210792580101 0.07921780986762927 0.03512647554806072
0 0.8433694344163659 0.11944350758853288 0.0842358604091456 0.03654300168634063
0 0.9155716004813478 0.04566610455311973 0.030084235860409144 0.046374367622259695
0 0.9225872442839952 0.11733558178752107 0.06819494584837554 0.032327150084317025
0 0.9551744885679904 0.046374367622259695 0.035102286401925475 0.050590219224283306