0 0.12598809523809523 0.13261306532663317 0.18055952380952378 0.08375209380234507
0 0.12698809523809523 0.21705192629815748 0.17658333333333334 0.060016750418760444
0 0.12797619047619047 0.2847571189279732 0.17857142857142858 0.05304857621440539
0 0.12648809523809523 0.3503685092127303 0.18154761904761904 0.044673366834170884
0 0.1245 0.40690117252931324 0.17758333333333332 0.05164154103852594
0 0.12698809523809523 0.4836683417085427 0.17460714285714285 0.0711892797319933
0 0.07589285714285714 0.5583417085427136 0.06051190476190475 0.03907872696817427
0 0.16170238095238096 0.5583417085427136 0.08532142857142859 0.02512562814070352
0 0.06448809523809523 0.05792294807370184 0.05357142857142857 0.040485762144053604
0 0.1329404761904762 0.04954773869346733 0.05158333333333335 0.040485762144053604
0 0.23015476190476192 0.050954773869346735 0.09523809523809523 0.03489112227805695
0 0.9275833333333333 0.04815745393634841 0.03372619047619039 0.04886097152428811
0 0.9637857142857144 0.057236180904522614 0.03472619047619056 0.05025125628140704
0 0.12797619047619047 0.7398157453936348 0.17658333333333337 0.2708040201005024
0 0.381452380952381 0.9582579564489113 0.050595238095238096 0.04886097152428823
0 0.6458333333333334 0.9505862646566164 0.03571428571428571 0.05025125628140704
0 0.27976190476190477 0.12423785594639866 0.03770238095238097 0.03629815745393634
0 0.3268809523809524 0.12073701842546064 0.04663095238095236 0.02931323283082077
0 0.36557142857142855 0.12005025125628141 0.030750000000000048 0.030703517587939707
0 0.42410714285714285 0.118643216080402 0.05654761904761905 0.03350083752093802
0 0.48859523809523814 0.12005025125628141 0.046630952380952335 0.03629815745393634
0 0.5491071428571429 0.12005025125628141 0.05258333333333329 0.03350083752093802
0 0.6170595238095239 0.12214405360134004 0.06746428571428573 0.032110552763819085
0 0.687 0.12144053601340034 0.06448809523809533 0.030703517587939683
0 0.7653809523809524 0.12423785594639866 0.08432142857142849 0.027922948073701822
0 0.8497023809523809 0.12283082077051927 0.07241666666666657 0.027922948073701822
0 0.9325357142857144 0.12283082077051927 0.06348809523809515 0.027922948073701822