3 0.7748846787479408 0.23201277955271568 0.2977182866556837 0.07150159744408945
3 0.7707660626029654 0.9622683706070289 0.29183690280065894 0.06846645367412137
2 0.35478583196046126 0.05096911608093717 0.3188962108731466 0.04716719914802981
0 0.7625288303130149 0.05020234291799787 0.04236408566721587 0.04867944621938233
0 0.8143080724876441 0.04944621938232162 0.037652388797364114 0.05932907348242811
0 0.8725617792421746 0.044877529286474975 0.03412685337726511 0.04716719914802981
0 0.9125700164744645 0.046400425985090525 0.03412685337726511 0.047167199148029824
0 0.7666474464579901 0.13387646432374867 0.03648270181219107 0.018253461128860504
0 0.80666392092257 0.12779552715654952 0.02471169686985173 0.012172523961661349
0 0.855494233937397 0.13236421725239617 0.035304777594728186 0.01521831735889243
0 0.913154859967051 0.13236421725239617 0.06589785831960461 0.024345047923322666
0 0.7719439868204283 0.5408519701810437 0.29889621087314655 0.038029818956336565
0 0.8743245469522241 0.6055058572949947 0.07531301482701808 0.027380191693290774
0 0.6860461285008237 0.7021192758253461 0.14827018121911037 0.038029818956336565
0 0.8602059308072487 0.7036315228966986 0.13649917627677102 0.038029818956336565
0 0.8672652388797363 0.8793503727369543 0.06825370675453049 0.027380191693290774
0 0.061194398682042836 0.23429179978700745 0.06119439868204283 0.07607028753993611
0 0.0600164744645799 0.32101171458998934 0.058838550247116976 0.07911608093716715
0 0.05942339373970346 0.4024068157614484 0.06001647446457989 0.06542066027689025
0 0.15180395387149917 0.13084132055378062 0.077668863261944 0.04867944621938233
0 0.2547693574958814 0.12855165069222574 0.07413509060955518 0.04412140575079872
0 0.34772652388797365 0.13007454739084134 0.0670757825370676 0.04107561235356763
0 0.41127677100494237 0.13084132055378062 0.0341268533772652 0.04867944621938233
0 0.46834431630971995 0.13464323748668797 0.04942339373970346 0.04107561235356762
0 0.5407166392092256 0.12322683706070285 0.06001647446457982 0.04259850905218316
0 0.6366227347611203 0.13464323748668797 0.06354200988467883 0.03194888178913738