0 0.9663078291814947 0.21201933404940923 0.028247330960854092 0.04743286788399567
0 0.9694217081850535 0.02635875402792696 0.03447508896797153 0.04560687432867883
0 0.9232651245551602 0.025424274973147157 0.02891459074733096 0.03943071965628357
0 0.87855871886121 0.02689581095596133 0.03291814946619217 0.03379162191192266
0 0.8267348754448398 0.026090225563909775 0.04048042704626335 0.040773361976369486
2 0.36966192170818507 0.025241675617615467 0.34430604982206403 0.050483351235230935
3 0.5055604982206405 0.21134264232008593 0.9666370106761566 0.22866809881847475
0 0.04326512455516014 0.21350161117078412 0.014902135231316727 0.031063372717508073
0 0.5737366548042705 0.39459720730397424 0.02157473309608541 0.025907626208378092
0 0.9671975088967972 0.3907089151450054 0.021129893238434165 0.031009667024704625
0 0.9663078291814947 0.7763909774436091 0.01935053380782918 0.02472610096670245
0 0.7697953736654805 0.7812244897959184 0.024466192170818506 0.025800214822771193
0 0.5718416370106761 0.7813641245972074 0.02891459074733096 0.028216970998925867
0 0.3753380782918149 0.779484425349087 0.034030249110320286 0.026605800214822752
0 0.18193950177935944 0.7790762620837809 0.027580071174377226 0.030096670247046167
0 0.3766725978647687 0.39191192266380237 0.027802491103202848 0.03127819548872181
0 0.03948398576512456 0.02635875402792696 0.029581850533807828 0.0348657357679914