0 0.8110616784630941 0.0242933049946865 0.05055611729019211 0.04250797024442083
0 0.8608998988877654 0.023528161530286928 0.046218402426693665 0.03492029755579171
0 0.915783619817998 0.025812964930924547 0.04911021233569256 0.04250797024442083
0 0.9641759352881699 0.021253985122210415 0.05922143579373098 0.04250797024442083
0 0.8204550050556116 0.24821466524973432 0.11844287158746218 0.028841657810839517
0 0.8341759352881699 0.2740276301806589 0.14011122345803836 0.022773645058448436
0 0.8262285136501517 0.3097024442082891 0.1068857431749242 0.02429330499468652
0 0.8190091001011123 0.34385759829968116 0.1155611729019211 0.016695005313496318
0 0.8153993933265925 0.36890541976620617 0.07944388270980782 0.02429330499468652
0 0.8240647118301314 0.40458023379383634 0.11411526794742154 0.022773645058448404
0 0.8204550050556116 0.4812539851222104 0.10977755308392309 0.021253985122210415
0 0.8153993933265925 0.5154091392136025 0.0910010111223458 0.022773645058448404
0 0.8363397371081901 0.5480446333687566 0.1531142568250759 0.015185972369819303
0 0.8204550050556116 0.5791710945802337 0.08955510616784625 0.028841657810839638
0 0.8240647118301314 0.611806588735388 0.10544994944388267 0.03340063761955373
0 0.816845298281092 0.644452709883103 0.08522750252780582 0.022773645058448526
0 0.8327300303336704 0.6710201912858661 0.11122345803842265 0.018214665249734432
0 0.8464509605662285 0.7051753453772582 0.12133468149646107 0.022773645058448526
0 0.8117896865520728 0.7780446333687566 0.08378159757330626 0.02581296493092451
0 0.25711830131445906 0.9624973432518598 0.15022244691607683 0.03340063761955373
0 0.42900910010111226 0.9655366631243358 0.1531142568250758 0.03036131774707751
1 0.3423356926188068 0.6778533475026568 0.5806774519716885 0.0349202975557916
2 0.34161779575328616 0.7886716259298618 0.5792315470171889 0.1685122210414452
2 0.3661678463094034 0.022008501594048886 0.35100101112234583 0.03794899043570669