2 0.3568716372021522 0.11829087048832272 0.32721752498078394 0.04246284501061571
0 0.05710222905457341 0.21079617834394904 0.030745580322828592 0.033365180467091304
0 0.11694081475787854 0.21989384288747343 0.06039200614911606 0.024267515923566893
0 0.18667179093005382 0.2085244161358811 0.07027671022290548 0.03790870488322715
0 0.26243658724058416 0.21231422505307856 0.05490392006149112 0.030329087048832266
0 0.33271329746348965 0.2168683651804671 0.06368946963873943 0.033365180467091304
0 0.4211068408916218 0.2168683651804671 0.05819369715603385 0.030329087048832266
0 0.5018139892390469 0.21837579617834396 0.05710222905457338 0.039426751592356674
0 0.5880092236740968 0.2092781316348195 0.0713758647194465 0.033365180467091304
0 0.6753036126056879 0.216104033970276 0.065880092236741 0.03488322717622082
0 0.7949961568024596 0.21383227176220806 0.035134511913912404 0.021231422505307854
0 0.836717909300538 0.21837579617834396 0.019761721752498105 0.012133757961783447
0 0.8795465026902383 0.21079617834394904 0.03953112990007674 0.01819532908704882
0 0.9240122982321292 0.213067940552017 0.029646425826287598 0.013651804670912966
0 0.797740199846272 0.11980891719745222 0.040630284396618 0.05763269639065816
0 0.8438585703305149 0.12208067940552017 0.0362336664104534 0.059140127388535024
0 0.896010760953113 0.12814225053078554 0.043920061491160546 0.05307855626326963
0 0.9327978478093774 0.11980891719745222 0.0362336664104534 0.0394267515923567
0 0.39255188316679474 0.727176220806794 0.031844734819369676 0.02578556263269635
0 0.5737355880092236 0.732484076433121 0.03623366641045357 0.018195329087048937
3 0.5010991544965411 0.03640127388535032 0.9978016910069178 0.060658174097664545