0 0.9621903052064633 0.01784796573875803 0.025359066427289047 0.0350321199143469
0 0.9162926391382405 0.020256959314775162 0.025583482944344704 0.03556745182012848
0 0.8713016157989228 0.02173447537473233 0.036579892280071816 0.029946466809421837
0 0.8181149012567325 0.02066381156316916 0.03343806104129264 0.032087794432548174
2 0.3578366247755835 0.021027837259100644 0.35614901256732495 0.04205567451820129
0 0.1423967684021544 0.07886509635974304 0.0778725314183124 0.04143468950749464
0 0.46892280071813286 0.07713062098501071 0.0531867145421903 0.03153104925053533
0 0.39127468581687613 0.07618843683083511 0.05049371633752244 0.025374732334047103
0 0.3130610412926391 0.07886509635974304 0.048922800718132854 0.02002141327623125
0 0.23227109515260322 0.07713062098501071 0.057899461400359065 0.020824411134903634
0 0.05296229802513465 0.07686295503211991 0.06283662477558348 0.026713062098501068
0 0.49326750448833034 0.24653104925053532 0.7728904847396768 0.08340471092077086