2 0.364540491355778 0.022824919441460794 0.3491810737033667 0.0322234156820623
0 0.8274613284804367 0.025510204081632654 0.03298453139217471 0.03490870032223416
0 0.8752320291173794 0.025510204081632654 0.02843494085532302 0.02685284640171858
0 0.9303912647861693 0.027529538131041885 0.029572338489535943 0.036251342642320085
0 0.9690627843494085 0.021482277121374866 0.029572338489535943 0.04296455424274973
0 0.0437943585077343 0.08392051557465091 0.07848043676069154 0.04430719656283566
0 0.1364877161055505 0.08257787325456498 0.06596906278434941 0.02819548872180451
0 0.23032757051865332 0.08055853920515575 0.07848043676069154 0.040279269602577876
0 0.316196542311192 0.08392051557465091 0.04777070063694268 0.03893662728249194
0 0.3924021838034577 0.08324382384532761 0.06369426751592357 0.0322234156820623
0 0.47373066424021837 0.08526315789473683 0.046633303002729755 0.03088077336197637