3 0.5031139646869984 0.5032905982905983 0.2778892455858748 0.49736111111111114
0 0.6676404494382022 0.4955769230769231 0.021067415730337078 0.03748931623931627
0 0.34039325842696627 0.49637820512820513 0.0206661316211878 0.04122863247863251
0 0.6097512038523274 0.7205662393162393 0.02768860353130016 0.028076923076923048
0 0.4379052969502408 0.7220405982905983 0.11135634028892456 0.033151709401709376
0 0.8259470304975924 0.11835470085470086 0.04474317817014446 0.06297008547008547
0 0.8725922953451043 0.11715811965811966 0.047752808988764044 0.06270299145299145
0 0.9246629213483147 0.11621794871794872 0.049558587479935794 0.06724358974358974
0 0.9695024077046549 0.11555555555555555 0.03691813804173355 0.06590811965811966
0 0.9639887640449439 0.210491452991453 0.06400481540930979 0.033568376068376087
0 0.9071027287319422 0.21036324786324787 0.044542536115569825 0.03116452991452993
0 0.8635634028892456 0.21036324786324787 0.04173354735152488 0.03116452991452993
0 0.8171187800963082 0.21223290598290598 0.03511235955056189 0.02208333333333335
0 0.11175762439807384 0.2199679487179487 0.05898876404494382 0.033290598290598314
0 0.1869983948635634 0.2103525641025641 0.06902086677367576 0.05252136752136749
0 0.26053772070626 0.21022435897435898 0.061597110754414125 0.050117521367521393
0 0.33848314606741575 0.2123611111111111 0.07102728731942215 0.0565277777777778
0 0.421653290529695 0.2103525641025641 0.06681380417335474 0.05252136752136749
0 0.5023113964686998 0.2151602564102564 0.06761637239165329 0.042905982905982874
0 0.593900481540931 0.21155982905982906 0.08828250401284109 0.05278846153846156
0 0.7443820224719101 0.20969017094017095 0.028089887640449437 0.029829059829059847
2 0.3670786516853933 0.11942307692307692 0.35092295345104335 0.06083333333333333
0 0.04193418940609952 0.20915598290598292 0.03170144462279294 0.05225427350427353