0 0.34842364532019704 0.04741379310344827 0.06260262725779968 0.034482758620689655
0 0.4053776683087028 0.08764367816091954 0.04720853858784893 0.02586206896551724
0 0.263752052545156 0.08693103448275862 0.08825944170771757 0.03017241379310345
0 0.8502709359605912 0.6408045977011494 0.048234811165845645 0.031609195402298854
0 0.7527750410509031 0.5431034482758621 0.048234811165845645 0.02586206896551724
0 0.749696223316913 0.7083333333333334 0.044129720853858787 0.028735632183908046
2 0.7024876847290641 0.8462643678160919 0.4361658456486044 0.03735632183908046
2 0.6947865353037767 0.8872183908045977 0.45566502463054187 0.033045977011494254
0 0.6183333333333333 0.956183908045977 0.15291461412151067 0.06465517241379311
0 0.7671428571428572 0.9590574712643678 0.1488095238095239 0.06465517241379311
0 0.24477011494252873 0.8304597701149425 0.05028735632183908 0.02586206896551724
0 0.31147783251231526 0.8333333333333334 0.05233990147783251 0.031609195402298854
0 0.09801313628899835 0.12572413793103449 0.021551724137931036 0.03017241379310345
3 0.05901477832512315 0.36710344827586205 0.10775862068965517 0.5387931034482759
3 0.9641871921182267 0.05316091954022988 0.06055008210180624 0.08620689655172414
3 0.9671592775041051 0.3706896551724138 0.06568144499178982 0.5275862068965518
0 0.692224958949097 0.47126436781609193 0.44848111658456496 0.06609195402298851