3 0.05555555555555555 0.38490996398559424 0.10493827160493827 0.5537214885954381
0 0.43158847736625516 0.052521008403361345 0.07098765432098765 0.024009603841536616
0 0.25823045267489714 0.08703481392557023 0.09053497942386832 0.030012004801920768
0 0.40586831275720164 0.08703481392557023 0.044238683127572016 0.01800720288115246
0 0.6934156378600823 0.49895558223289316 0.4444444444444444 0.06752701080432173
0 0.8852921810699589 0.43593037214885955 0.044238683127572016 0.022509003601440578
0 0.9017530864197532 0.2070828331332533 0.05246913580246913 0.024009603841536616
0 0.7926995884773662 0.04951980792316927 0.01954732510288066 0.015006002400960384
0 0.9542222222222223 0.12605042016806722 0.03189300411522634 0.03601440576230492
0 0.9835390946502057 0.13355342136854742 0.026748971193415638 0.033013205282112844
0 0.9670781893004116 0.060024009603841535 0.06584362139917696 0.09603841536614646
0 0.9696543209876544 0.18007202881152462 0.05864197530864197 0.04201680672268908
0 0.9711934156378601 0.23484993997599038 0.05761316872427984 0.04651860744297719
0 0.9695473251028807 0.2809123649459784 0.060905349794238686 0.04321728691476591
0 0.9660493827160493 0.3556422569027611 0.053497942386831275 0.08703481392557023
0 0.9691358024691358 0.4336734693877551 0.06172839506172839 0.08103241296518607
0 0.9732510288065843 0.5192076830732293 0.051440329218107 0.07803121248499399
0 0.9930041152263375 0.5720288115246098 0.013991769547325103 0.02040816326530612
0 0.9465020576131687 0.5732292917166867 0.012345679012345678 0.024009603841536616
0 0.9506172839506173 0.6430132052821128 0.02880658436213992 0.02851140456182473
0 0.9840576131687244 0.6452581032412965 0.0257201646090535 0.030012004801920768
0 0.75 0.570984393757503 0.04938271604938271 0.025510204081632654
0 0.7469135802469136 0.7210444177671068 0.047325102880658436 0.031512605042016806
0 0.6682139917695473 0.764561824729892 0.03806584362139918 0.025510204081632654
0 0.6805596707818931 0.8043217286914766 0.06893004115226338 0.02100840336134454
2 0.7793251028806585 0.8403361344537815 0.26646090534979433 0.02701080432172869
2 0.7813827160493828 0.8793517406962785 0.2685185185185186 0.024009603841536616
0 0.6183127572016461 0.962641056422569 0.13991769547325103 0.061524609843937574
0 0.7638930041152263 0.9663865546218487 0.14917695473251028 0.060024009603841535
0 0.25411522633744854 0.8673469387755102 0.04526748971193416 0.02701080432172869
0 0.3055555555555556 0.8658463385354142 0.051440329218107 0.03601440576230492