3 0.08434477379095164 0.55 0.14333073322932918 0.8085714285714286
2 0.5206708268330733 0.04857142857142857 0.2535101404056162 0.04
0 0.6781435257410297 0.04857142857142857 0.051677067082683305 0.04
0 0.1998829953198128 0.10285714285714286 0.054602184087363496 0.03428571428571429
0 0.3183541341653666 0.09929142857142857 0.038026521060842436 0.03571428571428571
0 0.38026521060842433 0.10142857142857142 0.060452418096723866 0.03142857142857143
0 0.4543681747269891 0.10500571428571429 0.05655226209048362 0.024285714285714285
0 0.5026365054602184 0.1 0.02047581903276131 0.022857142857142857
0 0.5562636505460219 0.10357714285714285 0.045826833073322935 0.012857142857142857
0 0.6469422776911077 0.1 0.0906786271450858 0.03142857142857143
0 0.7298205928237129 0.10214857142857142 0.05557722308892356 0.027142857142857142
0 0.7751560062402496 0.2357142857142857 0.052652106084243366 0.08571428571428572
0 0.8312246489859595 0.23142857142857143 0.051677067082683305 0.06857142857142857
0 0.8887519500780032 0.23 0.04972698907956318 0.06857142857142857
0 0.9699687987519501 0.19072 0.06006240249609984 0.08142857142857143
0 0.9555382215288611 0.25357714285714283 0.02535101404056162 0.03
0 0.9852808112324494 0.2550057142857143 0.02047581903276131 0.032857142857142856
0 0.9709438377535101 0.2985714285714286 0.05811232449297972 0.04
0 0.9730889235569423 0.348 0.05382215288611544 0.037714285714285714
0 0.9703588143525741 0.3965714285714286 0.059282371294851796 0.036571428571428574
0 0.9709438377535101 0.4642857142857143 0.05811232449297972 0.07142857142857142
0 0.9706552262090484 0.5457142857142857 0.051677067082683305 0.07428571428571429
0 0.9738689547581904 0.6271428571428571 0.05226209048361934 0.05714285714285714
0 0.9687051482059283 0.7414285714285714 0.05557722308892356 0.03142857142857143
0 0.7615054602184087 0.6335771428571428 0.037051482059282374 0.02142857142857143
0 0.7127535101404057 0.5642857142857143 0.41926677067082685 0.06285714285714286
0 0.8985023400936039 0.33357714285714285 0.038026521060842436 0.02142857142857143
0 0.4251170046801872 0.2042857142857143 0.052652106084243366 0.017142857142857144
0 0.4329173166926677 0.24 0.042901716068642744 0.022857142857142857
0 0.30665366614664585 0.23786285714285713 0.08872854914196568 0.02142857142857143
0 0.761996879875195 0.7742857142857142 0.043876755070202805 0.02857142857142857
0 0.6878939157566303 0.8128571428571428 0.038026521060842436 0.022857142857142857
2 0.7946567862714509 0.8914285714285715 0.2535101404056162 0.022857142857142857
0 0.3003120124804992 0.8664342857142857 0.0390015600624025 0.055714285714285716
0 0.3461388455538221 0.8671428571428571 0.035101404056162244 0.054285714285714284
0 0.293003120124805 0.9450057142857142 0.038026521060842436 0.02142857142857143
0 0.3495553822152886 0.9450057142857142 0.051677067082683305 0.02142857142857143
0 0.6410920436817472 0.9671428571428572 0.13163026521060842 0.054285714285714284
0 0.7814976599063963 0.9721485714285715 0.12187987519500788 0.04428571428571428