0 0.2903623188405797 0.10521739130434782 0.03321256038647343 0.03205128205128205
0 0.3462157809983897 0.10800445930880713 0.07246376811594203 0.023690078037904124
0 0.4196859903381642 0.1100891861761427 0.05837359098228664 0.02508361204013378
0 0.47353462157809983 0.10521739130434782 0.025161030595813205 0.029264214046822744
0 0.5273752012882448 0.10800445930880713 0.05636070853462158 0.020903010033444816
0 0.6214814814814815 0.10312151616499443 0.09359903381642512 0.02508361204013378
0 0.3829549114331723 0.18464882943143812 0.0714573268921095 0.03205128205128205
0 0.26570048309178745 0.2229654403567447 0.07447665056360708 0.02508361204013378
0 0.41314814814814815 0.2222742474916388 0.053341384863123995 0.03483835005574136
0 0.6879066022544285 0.6034002229654404 0.43377616747181974 0.06688963210702341
0 0.8781239935587762 0.5434782608695652 0.05535426731078905 0.016722408026755852
0 0.9561191626409018 0.7378818283166109 0.05837359098228664 0.023690078037904124
0 0.9591384863123994 0.3922853957636566 0.05434782608695652 0.040412486064659976
0 0.9571256038647343 0.342809364548495 0.0644122383252818 0.05016722408026756
0 0.9551127214170693 0.2961315496098105 0.05032206119162641 0.048773690078037904
0 0.9400161030595813 0.25850613154960983 0.020128824476650563 0.018115942028985508
0 0.9757487922705315 0.2557190635451505 0.021135265700483092 0.023690078037904124
0 0.9591384863123994 0.1944035674470457 0.06038647342995169 0.0794314381270903
0 0.782512077294686 0.1797658862876254 0.01710950080515298 0.005574136008918618
2 0.5193236714975845 0.056443701226309914 0.31602254428341386 0.045986622073578586
2 0.7774798711755234 0.9176477146042363 0.2606682769726249 0.026477146042363432
0 0.7427536231884058 0.6730769230769231 0.038244766505636074 0.02508361204013378
0 0.7402415458937198 0.8131326644370123 0.04528985507246377 0.015328874024526198
0 0.6642512077294686 0.8535451505016722 0.042270531400966184 0.018115942028985508
0 0.6184621578099839 0.9835562987736901 0.13385668276972626 0.03288740245261984
0 0.7608695652173914 0.9835562987736901 0.14090177133655393 0.03288740245261984
0 0.31199677938808373 0.9496989966555184 0.05233494363929147 0.020903010033444816
0 0.25966183574879226 0.9496989966555184 0.04428341384863124 0.020903010033444816
0 0.12983091787439613 0.8389074693422519 0.024154589371980676 0.04738015607580825
0 0.44082125603864736 0.8493645484949832 0.020128824476650563 0.05434782608695652
3 0.06944444444444445 0.38810479375696766 0.1107085346215781 0.5225752508361204
0 0.16706924315619967 0.8451839464882943 0.036231884057971016 0.048773690078037904
0 0.24557165861513688 0.8437904124860647 0.036231884057971016 0.048773690078037904
0 0.285829307568438 0.8437904124860647 0.036231884057971016 0.048773690078037904
0 0.3250805152979066 0.846577480490524 0.036231884057971016 0.048773690078037904
0 0.3663446054750403 0.8437904124860647 0.036231884057971016 0.048773690078037904
0 0.4055958132045089 0.8437904124860647 0.036231884057971016 0.048773690078037904
0 0.20531400966183574 0.8418394648829431 0.036231884057971016 0.048773690078037904