3 0.07932400932400932 0.23153098420413123 0.14439005439005437 0.43003645200486024
0 0.3724786324786325 0.07223572296476306 0.06637140637140639 0.04461725394896719
0 0.29674436674436677 0.11160388821385175 0.08277389277389276 0.03865127582017011
0 0.4243512043512043 0.11130012150668286 0.04630924630924624 0.03325637910085055
0 0.36256410256410254 0.14572296476306199 0.03940170940170943 0.028456865127582037
0 0.4212820512820513 0.14532199270959903 0.05244755244755245 0.02925880923450788
0 0.8977700077700078 0.2111543134872418 0.047459207459207405 0.03769137302551638
0 0.2751825951825952 0.7754921020656136 0.03351981351981351 0.05244228432563801
0 0.3154856254856255 0.7749939246658567 0.032237762237762244 0.05144592952612384
0 0.35558663558663556 0.7792952612393682 0.03261849261849263 0.05684082624544347
0 0.2884226884226884 0.8833414337788579 0.04157731157731157 0.03286755771567431
0 0.33812742812742813 0.8876427703523694 0.050916860916860894 0.03027946537059547
0 0.6350582750582751 0.9650668286755771 0.13509712509712518 0.06986634264884568
0 0.7753379953379953 0.96408262454435 0.13727272727272724 0.06151883353584461
0 0.7876146076146076 0.8798420413122722 0.25599067599067593 0.033876063183475226
0 0.761996891996892 0.5830984204131227 0.04194250194250196 0.033074119076549245
0 0.754988344988345 0.7359659781287972 0.048585858585858566 0.03718104495747255
0 0.8912198912198912 0.44255164034021877 0.05535353535353518 0.035139732685297645
0 0.9667055167055167 0.6480315917375457 0.06658119658119663 0.039829890643985386
1 0.6811810411810412 0.778007290400972 0.053512043512043604 0.031992709599027856
3 0.9647397047397046 0.05695018226002431 0.07052059052059069 0.09956257594167679
0 0.9487878787878787 0.12996354799513973 0.027801087801087955 0.04398541919805592
0 0.9773271173271173 0.131591737545565 0.024848484848484863 0.042636695018226006
0 0.9641647241647242 0.1783475091130012 0.05362859362859362 0.045358444714459274
0 0.9631235431235431 0.2278857837181045 0.05449106449106458 0.04441069258809236
0 0.9626340326340327 0.27829890643985417 0.055477855477855546 0.043657351154313496
0 0.9420901320901321 0.5787970838396113 0.010458430458430487 0.019842041312272223
0 0.9835431235431235 0.576962332928311 0.008733488733488564 0.01772782503037671