0 0.20403669724770643 0.09498839907192574 0.06402905198776758 0.027552204176334107
0 0.3148929663608563 0.09063805104408353 0.033448012232415905 0.027552204176334107
0 0.3688837920489297 0.08918793503480278 0.0382262996941896 0.021751740139211138
0 0.43817278287461775 0.09425754060324826 0.058295107033639146 0.02320185614849188
0 0.4978975535168196 0.093538283062645 0.02484709480122324 0.021751740139211138
0 0.5471177370030581 0.093538283062645 0.04491590214067278 0.018851508120649653
0 0.6240443425076453 0.08918793503480278 0.08027522935779817 0.018851508120649653
0 0.7114908256880734 0.08773781902552204 0.06976299694189603 0.027552204176334107
0 0.8854204892966362 0.32917633410672853 0.03535932721712538 0.02320185614849188
0 0.9508792048929664 0.17619489559164733 0.05733944954128441 0.07105568445475638
0 0.9394113149847095 0.25087006960556846 0.017201834862385322 0.029002320185614848
0 0.9647400611620796 0.24796983758700697 0.020068807339449542 0.020301624129930394
0 0.9518348623853211 0.28930394431554524 0.040137614678899085 0.03625290023201856
0 0.9551834862385322 0.3407772621809745 0.03153669724770642 0.031902552204176336
0 0.9518348623853211 0.38718097447795824 0.040137614678899085 0.037703016241299306
0 0.9494495412844037 0.46186774941995357 0.046827217125382264 0.07685614849187936
0 0.9542278287461775 0.5365429234338747 0.04491590214067278 0.06670533642691415
0 0.9508792048929664 0.6271809744779583 0.045871559633027525 0.06815545243619489
0 0.9504051987767584 0.7468097447795824 0.05638379204892966 0.031902552204176336
0 0.7473241590214067 0.6431322505800464 0.02484709480122324 0.021751740139211138
0 0.6918960244648318 0.5706264501160093 0.4013761467889908 0.05945475638051044
0 0.7492354740061162 0.7874129930394431 0.045871559633027525 0.020301624129930394
0 0.6718272171253823 0.822215777262181 0.040137614678899085 0.020301624129930394
0 0.1992584097859327 0.8642691415313225 0.03727064220183486 0.055104408352668215
0 0.23557339449541284 0.8664501160092808 0.02771406727828746 0.05075406032482599
0 0.27618501529051986 0.8679002320185615 0.03058103975535168 0.0478538283062645
0 0.3148929663608563 0.865 0.029625382262996942 0.03915313225058004
0 0.35789755351681957 0.8606496519721578 0.025802752293577983 0.05365429234338747
0 0.3956422018348624 0.867169373549884 0.03058103975535168 0.049303944315545245
0 0.4243119266055046 0.8664501160092808 0.02102446483180428 0.0478538283062645
0 0.4611085626911315 0.867169373549884 0.01815749235474006 0.031902552204176336
0 0.286697247706422 0.9679582366589327 0.040137614678899085 0.024651972157772623
0 0.34069571865443427 0.9694083526682135 0.0430045871559633 0.021751740139211138
2 0.7783868501529053 0.8998027842227379 0.24751529051987775 0.021751740139211138
2 0.7750382262996942 0.9295243619489559 0.2503822629969419 0.029002320185614848
2 0.7750382262996942 0.960707656612529 0.2484709480122324 0.021751740139211138
2 0.7764755351681958 0.9915893271461717 0.24560397553516827 0.016821345707656612
2 0.5318272171253823 0.0384338747099768 0.30676605504587157 0.04205336426914153
3 0.0764525993883792 0.5314733178654293 0.13379204892966362 0.7758120649651972
0 0.29912079510703365 0.23129930394431553 0.08409785932721713 0.027552204176334107
0 0.4467737003058104 0.19721577726218098 0.06785168195718655 0.020301624129930394
0 0.43004587155963303 0.23129930394431553 0.026758409785932722 0.024651972157772623