2 0.5405667701863354 0.037142857142857144 0.31638198757763975 0.04857142857142857
0 0.3222049689440994 0.09500571428571428 0.042701863354037264 0.04428571428571428
0 0.3818944099378882 0.09285714285714286 0.06114130434782609 0.045714285714285714
0 0.44254658385093165 0.09571428571428571 0.046583850931677016 0.03142857142857143
0 0.4988354037267081 0.09929142857142857 0.031055900621118012 0.03
0 0.5434782608695652 0.09428571428571429 0.06017080745341615 0.022857142857142857
0 0.6293711180124224 0.09214857142857143 0.09607919254658386 0.032857142857142856
0 0.7307841614906833 0.08929142857142856 0.07181677018633541 0.032857142857142856
0 0.7996894409937888 0.16714285714285715 0.019409937888198756 0.017142857142857144
0 0.30619565217391304 0.2057142857142857 0.07278726708074534 0.025714285714285714
0 0.4197437888198758 0.17 0.055318322981366456 0.02857142857142857
0 0.42168478260869563 0.20786285714285713 0.035908385093167704 0.018571428571428572
3 0.07715838509316769 0.38643428571428573 0.12907608695652173 0.4957142857142857
0 0.5716226708074534 0.45285714285714285 0.023291925465838508 0.02
0 0.8661723602484472 0.5671428571428572 0.11548913043478261 0.014285714285714285
0 0.9525465838509317 0.24786285714285713 0.026203416149068324 0.032857142857142856
0 0.9787500000000001 0.25 0.026203416149068324 0.03428571428571429
0 0.9658385093167702 0.18 0.06832298136645963 0.08857142857142856
0 0.9646739130434783 0.34 0.05822981366459627 0.045714285714285714
0 0.9617624223602484 0.28786285714285714 0.0562888198757764 0.03571428571428571
0 0.9612810559006212 0.3878628571428571 0.04755434782608696 0.03857142857142857
0 0.9375 0.6721485714285714 0.01746894409937888 0.01
0 0.9816614906832299 0.6685714285714286 0.010675465838509316 0.02
0 0.9544875776397517 0.7314285714285714 0.055318322981366456 0.022857142857142857
0 0.750194099378882 0.7021485714285715 0.031055900621118012 0.018571428571428572
0 0.6973059006211181 0.6350057142857143 0.41440217391304357 0.055714285714285716
0 0.7540760869565217 0.8464342857142857 0.04076086956521739 0.02142857142857143
0 0.6749844720496895 0.8842857142857142 0.039790372670807456 0.02
2 0.7851319875776398 0.9571428571428572 0.2542701863354037 0.022857142857142857
2 0.7880434782608695 0.9871428571428571 0.2542701863354037 0.017142857142857144
0 0.2911490683229814 0.9557142857142857 0.04076086956521739 0.03142857142857143
0 0.343555900621118 0.9478628571428571 0.05046583850931677 0.03
0 0.2921195652173913 0.8392914285714286 0.04076086956521739 0.06428571428571428
0 0.3401630434782609 0.8442857142857143 0.026203416149068324 0.054285714285714284