2 0.5213531353135313 0.04969764837625979 0.3372524752475248 0.04899216125419932
0 0.28207920792079205 0.10008958566629339 0.02990924092409241 0.029395296752519597
0 0.34086633663366334 0.09938409854423293 0.058787128712871284 0.022396416573348264
0 0.41615511551155115 0.10078387458006718 0.054661716171617164 0.022396416573348264
0 0.4713283828382838 0.10008958566629339 0.033003300330033 0.026595744680851064
0 0.525990099009901 0.10218365061590146 0.055693069306930694 0.027995520716685332
0 0.6167491749174917 0.10008958566629339 0.09694719471947194 0.02379619260918253
0 0.706996699669967 0.10218365061590146 0.056724422442244224 0.030795072788353865
0 0.2568069306930693 0.21907054871220605 0.07632013201320131 0.02379619260918253
0 0.38366336633663367 0.18407614781634937 0.057755775577557754 0.020996640537514
0 0.693069306930693 0.6418029115341546 0.45173267326732675 0.06578947368421052
0 0.7477310231023102 0.7096864501679732 0.039191419141914194 0.022396416573348264
0 0.7441254125412541 0.8468645016797313 0.04847359735973597 0.027995520716685332
0 0.6208745874587459 0.9672452407614781 0.14645214521452146 0.055991041433370664
0 0.7704207920792079 0.9672452407614781 0.14645214521452146 0.05879059350503919
0 0.2501072607260726 0.9476483762597985 0.040222772277227724 0.025195968645016796
0 0.3063118811881188 0.9462486002239642 0.05156765676567657 0.027995520716685332
0 0.4383250825082508 0.8426651735722285 0.024752475247524754 0.04759238521836506
0 0.11963696369636964 0.8461702127659575 0.024752475247524754 0.04059350503919373
0 0.09488448844884488 0.1455767077267637 0.020627062706270627 0.025195968645016796
0 0.9668976897689769 0.387043673012318 0.058787128712871284 0.0377939529675252
0 0.9653465346534653 0.3380515117581187 0.06188118811881188 0.04339305711086226
0 0.96483498349835 0.3002575587905935 0.06291254125412542 0.0377939529675252
0 0.9442079207920793 0.25615901455767076 0.03403465346534654 0.01959686450167973
0 0.9818481848184818 0.255464725643897 0.020627062706270627 0.020996640537514
3 0.9674092409240924 0.1858902575587906 0.06518151815181518 0.08062709966405375
3 0.8199257425742574 0.21907054871220605 0.20008250825082508 0.12737961926091826
3 0.054661716171617164 0.3807390817469205 0.1051980198019802 0.5123180291153415
1 0.14954620462046206 0.09798432250839866 0.04950495049504951 0.030795072788353865
1 0.6626485148514851 0.8846584546472565 0.04641089108910891 0.025195968645016796
1 0.9653465346534653 0.7313885778275476 0.05981848184818482 0.03219484882418813