2 0.5215307820299501 0.05279069767441861 0.3338186356073211 0.0474296205630355
0 0.2896256239600665 0.11093023255813952 0.03431780366056572 0.029069767441860465
0 0.3410981697171381 0.1116891064871481 0.06447587354409318 0.033659730722154224
0 0.41857737104825293 0.11321909424724602 0.07175540765391016 0.0397796817625459
0 0.47732945091514145 0.11246022031823745 0.024958402662229616 0.022949816401468787
0 0.5282861896838602 0.11552019583843329 0.05199667221297837 0.026009791921664627
0 0.6270798668885191 0.1116891064871481 0.09775374376039933 0.03671970624235006
0 0.7128785357737105 0.11552019583843329 0.06759567387687188 0.032129742962056305
0 0.9725457570715474 0.25152998776009794 0.05490848585690516 0.042839657282741736
0 0.9583028286189684 0.20884944920440635 0.01975873544093178 0.01988984088127295
0 0.9853410981697173 0.21037943696450428 0.01559900166389351 0.022949816401468787
0 0.9723377703826955 0.1323500611995104 0.05199667221297837 0.0719094247246022
0 0.9733777038269551 0.302937576499388 0.05324459234608985 0.05507955936352509
0 0.9733777038269551 0.36046511627906974 0.05324459234608985 0.033047735618115054
0 0.9583028286189684 0.43834761321909427 0.017678868552412647 0.01988984088127295
0 0.9871048252911814 0.43818849449204406 0.025790349417637273 0.019583843329253364
0 0.8532695507487522 0.5523255813953488 0.03223793677204659 0.02447980416156671
0 0.9016222961730449 0.5462056303549572 0.016638935108153077 0.04895960832313342
0 0.14767054908485858 0.719094247246022 0.03743760399334443 0.07037943696450429
0 0.20382695507487522 0.7244553243574051 0.045757071547420966 0.08414932680538556
0 0.25530782029950083 0.7298041615667075 0.04263727121464226 0.07649938800489596
0 0.3145840266222962 0.7259853121175031 0.0447171381031614 0.07496940024479805
0 0.3639767054908486 0.7290452876376989 0.054076539101497505 0.09638922888616891
0 0.4222129783693844 0.7343941248470012 0.05615640599001664 0.10403916768665851
0 0.47681364392678866 0.745875152998776 0.059276206322795344 0.09944920440636475
0 0.5277703826955075 0.7305752753977968 0.048876871880199665 0.10556915544675642
0 0.581846921797005 0.7351652386780906 0.050956738768718805 0.10556915544675642
0 0.6432029950083195 0.7298041615667075 0.048876871880199665 0.094859241126071
0 0.704559068219634 0.738984088127295 0.0447171381031614 0.09179926560587515
0 0.7009151414309485 0.6540758873929009 0.020798668885191347 0.032129742962056305
0 0.18771214642262896 0.16294981640146877 0.13831114808652245 0.0474296205630355
0 0.1882279534109817 0.20960832313341493 0.13727121464226288 0.0397796817625459
0 0.1913477537437604 0.2578090575275398 0.12687188019966722 0.04130966952264382
0 0.1835524126455907 0.2991187270501836 0.11543261231281197 0.03824969400244798
0 0.1882279534109817 0.34654834761321907 0.14143094841930118 0.03824969400244798
0 0.19083194675540766 0.3901468788249694 0.14247088186356074 0.03671970624235006
0 0.18614808652246256 0.43681762545899633 0.13935108153078202 0.03518971848225214
0 0.18926788685524126 0.4827172582619339 0.13519134775374375 0.029069767441860465
0 0.18302828618968386 0.5247858017135862 0.12895174708818635 0.033659730722154224
0 0.18147254575707156 0.5699265605875153 0.146630615640599 0.03518971848225214
3 0.05564059900166389 0.3824969400244798 0.11127287853577371 0.5722154222766218
1 0.14611480865224624 0.10634026927784578 0.06343594009983361 0.044369645042839655