1 0.5029375428963624 0.9617662337662337 0.1548112560054907 0.0591688311688311
0 0.39426218256691836 0.9242467532467532 0.028977350720658906 0.056272727272727176
0 0.9033013040494166 0.8643636363636363 0.18378860672614977 0.08080519480519484
0 0.13155113246396705 0.911974025974026 0.022113932738503754 0.05483116883116887
3 0.05605353466026081 0.41125974025974027 0.09074811256005491 0.606064935064935
0 0.6806245710363761 0.025246753246753243 0.037364447494852474 0.03896103896103895
0 0.4247700754975978 0.09018181818181818 0.027453671928620454 0.024532467532467524
1 0.9036856554564173 0.29364935064935066 0.18455044612216875 0.09379220779220783
1 0.9002539464653397 0.42568831168831167 0.18226492793411114 0.06925974025974031
0 0.9770075497597803 0.16450649350649352 0.04598490048043926 0.037519480519480536
1 0.8796636925188744 0.5714285714285714 0.14108442004118046 0.06925974025974031
2 0.5662319835277968 0.028142857142857147 0.28750171585449547 0.05627272727272727
0 0.6005490734385724 0.41485714285714287 0.33630748112560055 0.07936363636363639
0 0.5498352779684282 0.08874025974025974 0.07778311599176385 0.030298701298701304
0 0.3191489361702128 0.08585714285714285 0.049567604667124246 0.030298701298701304
0 0.2707206588881263 0.08441558441558442 0.03203157172271789 0.03896103896103896
0 0.3809196980096088 0.08658441558441558 0.044996568291008884 0.03463636363636363
0 0.4728140013726836 0.09235064935064935 0.044227865477007584 0.02020779220779221
0 0.6287645847632121 0.08658441558441558 0.0510912834591627 0.043285714285714295
0 0.39312285518188056 0.5288571428571429 0.04652024708304734 0.06781818181818185
0 0.14146190803019904 0.5252467532467533 0.03279341111873711 0.0663766233766234
1 0.1578586135895676 0.08802597402597402 0.05948524365133836 0.034636363636363646