0 0.5516538952745849 0.3744021739130435 0.3128991060025542 0.07548913043478266
0 0.1784418901660281 0.8333288043478262 0.046117496807152 0.09058423913043488
0 0.22456577266922095 0.8355978260869565 0.037605363984674324 0.09209239130434779
0 0.2735185185185185 0.8363586956521738 0.046117496807152 0.08755434782608704
0 0.32425287356321836 0.8401222826086957 0.049667943805874824 0.09812500000000003
0 0.4108109833971903 0.7880434782608695 0.03405491698595142 0.09058423913043488
0 0.4540932311621967 0.7948369565217391 0.03405491698595142 0.10718750000000013
0 0.49630906768837807 0.7850271739130434 0.031928480204342274 0.08152173913043478
0 0.537816091954023 0.7880434782608695 0.02837803320561945 0.09661684782608682
0 0.9167049808429119 0.05510869565217392 0.03689655172413806 0.03169836956521739
0 0.9724010217113666 0.0868070652173913 0.04469987228607918 0.07699728260869565
0 0.9582120051085568 0.1653125 0.019157088122605363 0.03774456521739131
0 0.9794955300127715 0.1675679347826087 0.017739463601532696 0.030190217391304345
0 0.9692081736909323 0.22418478260869565 0.0354789272030651 0.04076086956521739
0 0.9684993614303959 0.2770244565217391 0.039731800766283396 0.037744565217391265
0 0.96955938697318 0.33438858695652174 0.03902298850574721 0.037744565217391265
0 0.9702681992337165 0.41591032608695655 0.03760536398467425 0.08907608695652167
0 0.9713346104725414 0.5155434782608695 0.03689655172413806 0.0769972826086956
0 0.9692081736909323 0.6151902173913043 0.042573435504470035 0.08907608695652167
0 0.9702681992337165 0.7525679347826086 0.04044061302681988 0.034728260869565146
0 0.8422030651340997 0.7895516304347826 0.16176883780332052 0.07850543478260866
0 0.8159514687100894 0.4732744565217391 0.10358876117496794 0.06491847826086952
1 0.8393614303959132 0.3223097826086957 0.16461047254150687 0.0528396739130435
1 0.8457471264367816 0.17964673913043477 0.17738186462324376 0.04831521739130435
1 0.46544699872286077 0.9676902173913043 0.1362260536398467 0.0513315217391304
3 0.048959131545338444 0.30797554347826084 0.08798212005108556 0.6068885869565218
0 0.4452234993614304 0.12152173913043478 0.06314814814814822 0.022649456521739154
0 0.5732950191570881 0.9759918478260871 0.05534482758620694 0.016603260869565255