0 0.6494618395303327 0.8300227014755959 0.24706457925636008 0.056753688989784334
0 0.34980430528375733 0.8321566401816118 0.29354207436399216 0.06384790011350738
3 0.5020841487279843 0.5150397275822929 0.588307240704501 0.7009080590238366
0 0.06604696673189824 0.12841089670828604 0.07827788649706457 0.03263337116912599
0 0.150440313111546 0.1333711691259932 0.06360078277886497 0.02553916004540295
0 0.23850293542074363 0.1355051078320091 0.07583170254403131 0.02695800227014756
0 0.31433463796477495 0.12911464245175935 0.041585127201565555 0.019863791146424517
0 0.3920058708414873 0.13195232690124858 0.07705479452054795 0.02553916004540295
0 0.4751761252446184 0.12911464245175935 0.05503913894324853 0.019863791146424517
0 0.5638454011741683 0.13408626560726447 0.09050880626223091 0.02695800227014756
0 0.6421232876712328 0.12769580022701477 0.03913894324853229 0.014188422247446084
0 0.7265166340508806 0.12911464245175935 0.06604696673189824 0.0170261066969353
0 0.8109099804305284 0.12911464245175935 0.07583170254403131 0.02553916004540295
0 0.8916340508806262 0.12982973893303065 0.06360078277886497 0.024120317820658342
0 0.9607436399217221 0.12911464245175935 0.04525440313111546 0.04540295119182747
0 0.79073385518591 0.0716572077185017 0.07460861056751468 0.06668558456299659
0 0.8751272015655577 0.0730760499432463 0.0574853228962818 0.055334846765039726
0 0.9515655577299413 0.07023836549375709 0.06360078277886497 0.07519863791146425
0 0.8372113502935421 0.015607264472190692 0.05259295499021526 0.031214528944381384
0 0.8904109589041096 0.015607264472190692 0.041585127201565555 0.019863791146424517
0 0.9601272015655578 0.014903518728717369 0.0611545988258317 0.01844494892167991
2 0.5528375733855186 0.07449489216799092 0.39628180039138944 0.038308740068104426
1 0.28926614481409 0.07661748013620885 0.11374755381604697 0.04256526674233825