0 0.24986363636363637 0.06091020910209102 0.07273636363636363 0.04105781057810579
0 0.17914545454545455 0.10328413284132841 0.10640909090909093 0.04745387453874537
0 0.30467272727272726 0.10419434194341942 0.05572727272727269 0.0365190651906519
0 0.21105454545454544 0.13837638376383765 0.06111818181818181 0.04108241082410823
0 0.27966363636363634 0.13997539975399753 0.05690909090909093 0.033333333333333326
0 0.8835272727272727 0.22290282902829028 0.06313636363636367 0.04066420664206642
3 0.6526090909090909 0.4891389913899139 0.513190909090909 0.08469864698646988
3 0.9596272727272727 0.06719557195571955 0.07256363636363641 0.0900861008610086
0 0.9422 0.14500615006150064 0.0350181818181818 0.04158671586715869
0 0.9797454545454546 0.14386223862238623 0.03064545454545458 0.03931119311193113
0 0.9611454545454545 0.19137761377613777 0.052699999999999816 0.04685116851168509
0 0.9615636363636364 0.23659286592865927 0.06095454545454562 0.04131611316113158
0 0.9604727272727273 0.2876260762607626 0.06718181818181826 0.05223862238622383
0 0.9344545454545455 0.599680196801968 0.01683636363636362 0.02226322263222635
0 0.9831181818181819 0.5984255842558426 0.016500000000000084 0.026592865928659292
0 0.9580272727272726 0.6709963099630996 0.07071818181818179 0.03271832718327172
0 0.7180181818181819 0.570750307503075 0.06078181818181809 0.04015990159901596
0 0.7167545454545454 0.7173185731857318 0.058254545454545385 0.03624846248462488
1 0.6281909090909091 0.7638007380073801 0.06700909090909095 0.03445264452644525
0 0.6416636363636364 0.8075522755227552 0.08721818181818186 0.02899138991389906
0 0.7538818181818182 0.8446986469864699 0.30895454545454537 0.03220172201722025
0 0.7542181818181818 0.8836531365313652 0.3082818181818181 0.03175891758917582
0 0.7370454545454546 0.9671463714637146 0.16079090909090898 0.06570725707257082
0 0.5760000000000001 0.9648708487084872 0.16466363636363626 0.07025830258302569
0 0.12406363636363636 0.9037392373923739 0.04778181818181818 0.04039360393603926
0 0.1807 0.9042312423124231 0.053972727272727276 0.041377613776137884
0 0.25942727272727273 0.9042312423124231 0.08937272727272724 0.041377613776137884
0 0.08845454545454545 0.7907257072570726 0.039118181818181816 0.05629766297662974
0 0.13379090909090907 0.7908979089790897 0.038263636363636354 0.05263222632226318
0 0.18041818181818184 0.7902337023370234 0.036045454545454526 0.05397293972939743
0 0.2259363636363636 0.7898154981549815 0.038509090909090896 0.059790897908978964
0 0.27146363636363635 0.7917343173431733 0.036045454545454526 0.054305043050430615
0 0.3171 0.7915621156211562 0.040718181818181785 0.05795817958179569