0 0.6994690265486726 0.5295438175270109 0.4406918744971841 0.07469387755102044
0 0.6270635559131135 0.9690516206482593 0.14213193885760264 0.060024009603841535
0 0.7741110217216413 0.9708523409363746 0.14302493966210789 0.058295318127250834
0 0.3204585679806919 0.8836854741896759 0.05094931617055514 0.030684273709483727
0 0.2690587288817377 0.8823529411764706 0.037546259050683796 0.025342136854741775
0 0.14346741753821401 0.7723049219687875 0.020563153660498795 0.04001200480192068
0 0.45141592920353985 0.7729771908763505 0.019662107803700767 0.03334933973589432
3 0.07955752212389379 0.3941536614645858 0.10547868061142399 0.5588955582232894
3 0.9670152855993563 0.34813925570228094 0.06596942880128721 0.6482593037214885
3 0.8250683829444891 0.10136854741896759 0.18414320193081246 0.12805522208883555
0 0.333869670152856 0.062028811524609845 0.06346741753821399 0.02800720288115246
0 0.417892196299276 0.10204081632653061 0.03665325824617856 0.030684273709483796