3 0.05157490396927017 0.335726618705036 0.08322663252240717 0.6618705035971223
1 0.8418693982074263 0.19824460431654675 0.17285531370038412 0.08313669064748204
1 0.8390268886043534 0.3509208633093525 0.16858514724711904 0.06874820143884888
1 0.8162612035851472 0.5107913669064749 0.11736875800256077 0.07194244604316546
0 0.5523559539052496 0.34212949640287765 0.3108578745198463 0.08633093525179852
0 0.8379577464788733 0.8321294964028778 0.1721446862996158 0.08473381294964043
1 0.46983994878361074 0.9672230215827339 0.14013444302176703 0.05755395683453238
0 0.9115813060179258 0.061553956834532374 0.05050576184378993 0.03677697841726619
3 0.9688412291933418 0.46362589928057557 0.049795134443021895 0.6075107913669066
0 0.9706209987195902 0.09752517985611511 0.041971830985915455 0.0895251798561151
0 0.36527528809218945 0.8904892086330936 0.013514724711907747 0.047956834532373996
0 0.12483994878361075 0.8904892086330936 0.019206145966709345 0.0511654676258992