1 0.14742268041237114 0.1853146853146853 0.07903780068728522 0.05174825174825175
0 0.17800687285223368 0.3678321678321678 0.13883161512027492 0.033566433566433566
0 0.1766323024054983 0.4048951048951049 0.13470790378006872 0.02937062937062937
0 0.17835051546391753 0.4461538461538462 0.13264604810996564 0.033566433566433566
0 0.17491408934707903 0.486013986013986 0.13402061855670103 0.032167832167832165
0 0.1766323024054983 0.5237762237762238 0.13333333333333333 0.02097902097902098
0 0.17628865979381445 0.5629370629370629 0.12714776632302405 0.026573426573426574
0 0.17628865979381445 0.6006993006993007 0.13264604810996564 0.04055944055944056
0 0.17560137457044672 0.6454545454545455 0.13814432989690723 0.026573426573426574
3 0.9728522336769759 0.534965034965035 0.05429553264604811 0.7538461538461538
0 0.4020618556701031 0.11608391608391608 0.02611683848797251 0.027972027972027972
0 0.45257731958762887 0.11188811188811189 0.05567010309278351 0.039160839160839164
0 0.5140893470790378 0.11328671328671329 0.04398625429553265 0.03636363636363636
0 0.5573883161512028 0.11048951048951049 0.0288659793814433 0.04195804195804196
0 0.60893470790378 0.11118881118881119 0.041237113402061855 0.04055944055944056
0 0.6807560137457045 0.11468531468531469 0.0831615120274914 0.03636363636363636
0 0.7584192439862543 0.11048951048951049 0.05567010309278351 0.03076923076923077
0 0.7106529209621993 0.044055944055944055 0.03848797250859107 0.046153846153846156
0 0.2865979381443299 0.11398601398601399 0.05360824742268041 0.032167832167832165
3 0.05017182130584193 0.4671328671328671 0.09209621993127148 0.6489510489510489