0 0.5499175649968294 0.379798927613941 0.30367152821813564 0.0744772117962467
0 0.6957641090678504 0.4848123324396783 0.013386176284083784 0.022345844504021394
0 0.6968230818008878 0.5592761394101877 0.01127457197209905 0.028297587131367312
1 0.4671337983512999 0.9651474530831099 0.1366899175649968 0.05361930294906166
0 0.12893468611287254 0.4289544235924933 0.016911857958148393 0.04467828418230568
0 0.36461636017755233 0.43416890080428955 0.017615726062143292 0.03127345844504027
0 0.8380913126188967 0.7774798927613941 0.15852885225110971 0.08340482573726546
0 0.9617438173747622 0.7402412868632708 0.04368421052631571 0.04170241286863258
0 0.963855421686747 0.33809651474530833 0.047913760304375365 0.0536193029490617
0 0.9645592897907419 0.27926273458445044 0.04932149651236538 0.0491554959785523
0 0.9656182625237794 0.22564343163538875 0.04861762840837037 0.05213136729222518
0 0.9501141407736208 0.17501340482573727 0.013386176284083784 0.028297587131367312
0 0.9730120481927711 0.17351206434316355 0.012682308180088777 0.02234584450402147
0 0.9627964489537095 0.09159517426273459 0.04720355104629046 0.09680965147453083
0 0.9096005072923272 0.05510723860589812 0.04227647431832598 0.02680965147453083
0 0.4650158528852251 0.12585790884718498 0.009866835764109034 0.016380697050938337
0 0.4079454660748256 0.7826943699731903 0.02254914394419781 0.04616621983914217
0 0.4932022828154724 0.7975871313672922 0.03381737476220668 0.12064343163538874
0 0.5344197844007609 0.7938605898123324 0.03452124286620168 0.11915549597855242
0 0.575986049461002 0.7931233243967828 0.027476220672162287 0.11469168900804282
0 0.6175586556753329 0.795348525469169 0.03452124286620168 0.12510723860589804
0 0.6584210526315789 0.7931233243967828 0.03170577045022194 0.11766756032171578
0 0.6950602409638553 0.7797184986595174 0.009156626506024132 0.040214477211796246
0 0.450577045022194 0.7812064343163538 0.03170577045022194 0.087882037533512
0 0.1786112872542803 0.8310991957104558 0.04298034242232084 0.08936997319034862
0 0.22299936588459102 0.8310991957104558 0.03875079264426126 0.08638069705093841
0 0.2737285986049461 0.8333378016085791 0.045795814838300586 0.09085790884718495
0 0.3219911223842739 0.8251474530831099 0.04227647431832594 0.08936997319034862
0 0.3688459099556119 0.8214209115281501 0.020431198478123035 0.03426273458445033
0 0.13210526315789475 0.824396782841823 0.014793912492073548 0.02829758713136716
0 0.2832403297400127 0.9174798927613942 0.043684210526315784 0.02680965147453083
3 0.05143310082435004 0.3165013404825737 0.08313887127457198 0.6210857908847184