0 0.19139516757599376 0.015196195005945302 0.048495713172252555 0.030392390011890605
0 0.3165315666406859 0.013210463733650415 0.02858144972720184 0.02642092746730083
0 0.37542478565861265 0.013210463733650415 0.06148869836321121 0.02642092746730083
0 0.4442712392829306 0.013210463733650415 0.04676539360872954 0.021141498216409038
0 0.498394388152767 0.011890606420927468 0.030311769290724943 0.01850178359096314
0 0.5477630553390491 0.012556480380499408 0.045900233826968125 0.02510107015457788
0 0.6365315666406859 0.011890606420927468 0.09353078721745908 0.023781212841854936
0 0.7222681215900234 0.01585017835909631 0.060623538581449705 0.021141498216409038
0 0.42002338269680434 0.09512485136741974 0.057155105222135606 0.03171224732461357
0 0.29272018706157443 0.13740784780023782 0.07621200311769288 0.029060642092746728
0 0.4139594699922058 0.13740784780023782 0.039836321122369414 0.029060642092746728
3 0.8261886204208886 0.13938168846611176 0.18013250194855818 0.11494649227110584
3 0.9656196414653158 0.3811652794292509 0.06408417770849556 0.6407728894173602
3 0.07707716289945439 0.13211652794292508 0.1402961808261886 0.1453269916765755
0 0.6352299298519096 0.9538882282996433 0.13423226812159003 0.06870392390011887
0 0.7763912704598597 0.9545541022592152 0.1394310210444272 0.059453032104637336
0 0.3403507404520655 0.9129369797859691 0.04503507404520653 0.026420927467300865
0 0.2905533904910366 0.9076456599286564 0.04070148090413096 0.029060642092746794
0 0.7543102104442713 0.7629845422116528 0.039836321122369366 0.025101070154577763
0 0.7616679657053781 0.6163258026159335 0.04416991426344511 0.033032104637336475
0 0.7014809041309431 0.5456480380499406 0.429547934528449 0.07662306777645667