2 0.5312769116555308 0.029965753424657533 0.30902004454342985 0.048515981735159815
3 0.935879732739421 0.2975228310502283 0.06217520415738679 0.3324771689497717
3 0.09233853006681514 0.19478310502283105 0.1382702301410542 0.1355593607305936
3 0.7999257609502598 0.2061986301369863 0.18002969561989607 0.11558219178082192
0 0.46121009651076467 0.8418949771689498 0.01855976243504083 0.037100456621004564
0 0.17538975501113585 0.8376141552511416 0.01670378619153675 0.03424657534246575
0 0.33964365256124723 0.9225228310502283 0.05382331106161841 0.029965753424657533
0 0.28536005939123976 0.91824200913242 0.04732739420935412 0.029965753424657533
0 0.6185077951002227 0.9603310502283106 0.1364142538975501 0.06278538812785388
0 0.7600222717149221 0.9660388127853882 0.12620638455827765 0.059931506849315065
0 0.7340386043058649 0.7755479452054794 0.044543429844097995 0.021404109589041095
0 0.7396065330363771 0.6285730593607306 0.042687453600593915 0.03567351598173516
0 0.41899034892353376 0.16624429223744291 0.06403118040089087 0.03567351598173516
0 0.2992798812175204 0.2011986301369863 0.08444691907943579 0.025684931506849314
0 0.4152783964365256 0.20334474885844747 0.04547141796585004 0.03281963470319635
0 0.3062360801781737 0.08418949771689498 0.04083147735708983 0.03995433789954338
0 0.3744469190794358 0.0884703196347032 0.06774313288789903 0.03995433789954338
0 0.4403340757238307 0.08062785388127854 0.05289532293986637 0.03567351598173516
0 0.4876614699331849 0.08276255707762557 0.02876763177431329 0.014269406392694063
0 0.535449146250928 0.08776255707762556 0.061247216035634745 0.04138127853881279
0 0.6208240534521158 0.08276255707762557 0.08908685968819599 0.028538812785388126
0 0.20601336302895323 0.08561643835616438 0.05196733481811433 0.03424657534246575