0 0.2584676145339653 0.08367901234567901 0.06933649289099524 0.030172839506172836
0 0.35105845181674566 0.043209876543209874 0.057922590837282815 0.02058024691358025
0 0.3743206951026856 0.08711111111111111 0.04124802527646132 0.020580246913580257
0 0.8715086887835702 0.20096296296296295 0.04739336492890995 0.020580246913580267
0 0.9412875197472355 0.046641975308641975 0.06758293838862554 0.08779012345679015
0 0.9219747235387046 0.11934567901234568 0.027203791469194355 0.03840740740740739
0 0.9513744075829385 0.1145432098765432 0.0315955766192733 0.04251851851851852
0 0.9360189573459715 0.16666666666666666 0.058799368088467655 0.04801234567901233
0 0.9360189573459715 0.22016049382716052 0.048270142180094885 0.0507530864197531
0 0.9360189573459715 0.27297530864197533 0.05529225908372828 0.04390123456790124
0 0.9395260663507109 0.3367654320987654 0.05704581358609779 0.09190123456790127
0 0.9373380726698263 0.4307283950617284 0.05090047393364933 0.07955555555555563
0 0.9360189573459715 0.5260617283950617 0.048270142180094885 0.09190123456790131
0 0.9377725118483412 0.654320987654321 0.05704581358609779 0.03292592592592602
0 0.8302606635071089 0.5075432098765432 0.09127962085308053 0.013716049382716066
0 0.6749131121642971 0.584358024691358 0.4353159557661928 0.05486419753086413
0 0.7271406003159557 0.6591234567901234 0.04124802527646132 0.03155555555555549
0 0.7253791469194313 0.8120740740740741 0.0465165876777252 0.030172839506172906
0 0.6678988941548183 0.8978024691358025 0.07021327014218018 0.02880246913580238
0 0.6450789889415481 0.8573333333333334 0.02984202211690361 0.030172839506172906
0 0.16105055292259082 0.7743456790123457 0.032472353870458145 0.05349382716049374
0 0.20229857819905214 0.775037037037037 0.027203791469194334 0.05212345679012349
0 0.24091627172195892 0.7757160493827161 0.032472353870458145 0.05898765432098762
0 0.2782148499210111 0.7702345679012346 0.03334913112164299 0.06172839506172839
0 0.320347551342812 0.7674938271604937 0.028088467614534013 0.05898765432098762
0 0.3607187993680885 0.7709135802469137 0.03334913112164299 0.06859259259259252
0 0.39845181674565566 0.7757160493827161 0.03159557661927335 0.050753086419752964
0 0.4309320695102685 0.7709135802469137 0.01755134281200634 0.038407407407407286
0 0.2163428120063191 0.8573333333333334 0.04476303317535544 0.030172839506172906
0 0.2694391785150079 0.8621358024691359 0.04914691943127964 0.020580246913580336
0 0.32912322274881517 0.8607654320987654 0.06845971563981039 0.026061728395061604
2 0.06801737756714059 0.39369135802469135 0.10619273301737757 0.5761358024691359
2 0.758736176935229 0.9348395061728395 0.2553949447077409 0.023320987654321113
2 0.759170616113744 0.976679012345679 0.25803317535545023 0.024691358024691357