0 0.05545197740112994 0.16681462140992168 0.07532956685499058 0.058015665796344644
0 0.1464783427495292 0.1660835509138381 0.060677966101694916 0.0478720626631854
0 0.20087570621468928 0.16681462140992168 0.043945386064030145 0.037715404699738886
0 0.28091337099811675 0.16898172323759791 0.08056497175141246 0.044960835509138375
0 0.39705273069679853 0.17986945169712795 0.10775894538606398 0.04642297650130549
0 0.5001035781544256 0.17479112271540467 0.1025329566854991 0.0478720626631854
0 0.5843314500941619 0.16245430809399478 0.047080979284369114 0.040613577023498715
1 0.6947080979284369 0.16753263707571803 0.1150847457627119 0.03626631853785903
1 0.8657627118644068 0.16753263707571803 0.10775894538606408 0.03626631853785903
0 0.745969868173258 0.04206266318537859 0.11299435028248588 0.04642297650130549
0 0.8840772128060262 0.03698433420365535 0.1694915254237287 0.05947780678851175
0 0.8070715630885122 0.11241514360313316 0.3858568738229755 0.05656657963446477
0 0.3107344632768362 0.11531331592689295 0.6130979284369116 0.05366840731070494
0 0.4540677966101695 0.038433420365535244 0.0774199623352166 0.044960835509138375
0 0.5435216572504709 0.04642297650130549 0.07219397363465167 0.04642297650130549
0 0.6340207156308851 0.03989556135770234 0.054406779661016924 0.02755874673629242
0 0.22703389830508475 0.7339686684073108 0.27202448210922786 0.0667232375979111