3 0.07618283881315156 0.3885933806146572 0.10425020048115477 0.5526004728132388
0 0.17692862870890136 0.8739716312056738 0.03508420208500401 0.057624113475177305
0 0.21502004811547715 0.8695390070921986 0.0330793905372895 0.04875886524822695
0 0.25761828388131514 0.8687943262411347 0.03207698476343224 0.04728132387706856
0 0.2957097032878909 0.8702718676122931 0.03608660785886127 0.050236406619385346
0 0.33580593424218125 0.8717494089834515 0.03207698476343224 0.050236406619385346
0 0.3769045709703288 0.8673167848699763 0.03207698476343224 0.04728132387706856
0 0.4155012028869286 0.8776595744680851 0.0330793905372895 0.050236406619385346
0 0.4480753809141941 0.87322695035461 0.010024057738572574 0.026595744680851064
0 0.14284683239775461 0.871016548463357 0.017040898155573376 0.04580378250591016
0 0.2942101042502005 0.9559692671394799 0.09322373696872494 0.02955082742316785
0 0.15236567762630313 0.6575059101654847 0.020048115477145148 0.02364066193853428
0 0.17692862870890136 0.6582505910165485 0.01904570970328789 0.022163120567375887
0 0.3999599037690457 0.6626832151300236 0.020048115477145148 0.0192080378250591
0 0.4290296712109062 0.6648936170212766 0.024057738572574178 0.020685579196217493
0 0.6911627906976745 0.6021040189125295 0.43404170008019255 0.07239952718676122
0 0.7513071371291099 0.6745035460992908 0.04109863672814756 0.022163120567375887
0 0.7452927024859664 0.8193026004728132 0.04109863672814756 0.0192080378250591
0 0.6766238973536488 0.9013002364066194 0.07217321571772253 0.02364066193853428
0 0.673616680032077 0.8621513002364066 0.03809141940657578 0.022163120567375887
0 0.3959502806736167 0.17509456264775414 0.12028869286287089 0.016252955082742316
0 0.2806736166800321 0.20760047281323876 0.07818765036086608 0.03102836879432624
0 0.393448275862069 0.2127659574468085 0.029069767441860465 0.026595744680851064
0 0.2957097032878909 0.09160756501182032 0.048115477145148355 0.02955082742316785
0 0.35635926222935044 0.09013002364066194 0.06716118684843625 0.026595744680851064
0 0.42802726543704894 0.09087470449172576 0.052125100240577385 0.03693853427895981
0 0.4831595829991981 0.08865248226950355 0.048115477145148355 0.02955082742316785
0 0.533785084202085 0.09308510638297872 0.061146752205292705 0.02955082742316785
0 0.6209943865276664 0.08791962174940898 0.10926222935044105 0.033983451536643026
0 0.7658380112269446 0.22015366430260047 0.056134723336006415 0.07387706855791962
0 0.8224779470729753 0.22163120567375885 0.053127506014434646 0.08274231678486997
0 0.8796150761828389 0.22533096926713947 0.053127506014434646 0.08717494089834515
0 0.895653568564555 0.3198936170212766 0.04310344827586207 0.022163120567375887
0 0.961812349639134 0.18469267139479906 0.05914194065757819 0.0797872340425532
0 0.9452686447473937 0.24231678486997635 0.018043303929430633 0.026595744680851064
0 0.9748436246992783 0.24749408983451537 0.01904570970328789 0.016252955082742316
0 0.965821972734563 0.2969858156028369 0.03909382518043304 0.04728132387706856
0 0.9653167602245389 0.34648936170212763 0.040096230954290296 0.033983451536643026
0 0.9638171611868486 0.39820330969267137 0.05513231756214916 0.025118203309692673
0 0.9628147554129912 0.7528132387706856 0.05513231756214916 0.022163120567375887
0 0.9407618283881316 0.6826241134751773 0.013031275060144346 0.014775413711583925
0 0.9778508420208502 0.6752364066193853 0.02305533279871692 0.01182033096926714
2 0.7833841218925421 0.9375059101654847 0.2636327185244588 0.033983451536643026
2 0.7783720930232559 0.9744444444444444 0.2636327185244588 0.025118203309692673