0 0.7260556127703398 0.42590027700831024 0.5478887744593203 0.06786703601108034
0 0.7971163748712667 0.510387811634349 0.04531410916580844 0.02631578947368421
0 0.7950566426364573 0.6807479224376731 0.04943357363542739 0.029085872576177285
0 0.6328527291452111 0.9445983379501385 0.18022657054582905 0.06925207756232687
0 0.8208032955715757 0.9445983379501385 0.18331616889804325 0.06925207756232687
0 0.21678681771369723 0.788781163434903 0.12461380020597322 0.03185595567867036
0 0.013903192584963954 0.6592797783933518 0.01956745623069001 0.027700831024930747
0 0.05818743563336766 0.6606648199445984 0.046343975283213185 0.060941828254847646
0 0.10710607621009269 0.659972299168975 0.04325437693099897 0.062326869806094184
0 0.1596292481977343 0.6655124653739612 0.04325437693099897 0.062326869806094184
0 0.21112255406797117 0.6627423822714681 0.04325437693099897 0.054016620498614956
0 0.2610710607621009 0.6648199445983379 0.04840370751802266 0.05817174515235457
0 0.3135942327497425 0.6648199445983379 0.044284243048403706 0.05817174515235457
0 0.37126673532440785 0.6662049861495845 0.042224510813594233 0.05817174515235457
0 0.41349124613800203 0.667590027700831 0.029866117404737384 0.0443213296398892
0 0.544799176107106 0.20429362880886426 0.014418125643666324 0.018005540166204988
0 0.9294541709577755 0.33933518005540164 0.1184346035015448 0.024930747922437674
0 0.9773429454170958 0.024930747922437674 0.04531410916580844 0.0221606648199446
0 0.6936148300720907 0.7306094182825484 0.05252317198764161 0.02631578947368421
1 0.835221421215242 0.8331024930747922 0.329557157569516 0.062326869806094184