2 0.5455019157088122 0.0460657596371882 0.3132183908045977 0.05527210884353741
3 0.08333333333333333 0.21967120181405897 0.14367816091954022 0.13038548752834467
0 0.764367816091954 0.23100907029478457 0.05555555555555555 0.08219954648526077
0 0.8218390804597702 0.23030612244897958 0.04789272030651341 0.06660997732426303
0 0.8759616858237549 0.23100907029478457 0.05651340996168582 0.07086167800453515
0 0.958337164750958 0.18637188208616778 0.05268199233716475 0.07227891156462585
0 0.9449272030651342 0.25581632653061226 0.018199233716475097 0.021258503401360544
0 0.975095785440613 0.25298185941043083 0.019157088122605363 0.021258503401360544
0 0.9616858237547893 0.29903628117913833 0.06130268199233716 0.045351473922902494
0 0.9568965517241379 0.35005668934240364 0.05172413793103448 0.036848072562358274
0 0.960727969348659 0.39470521541950115 0.05363984674329502 0.03826530612244898
0 0.951632183908046 0.5619387755102041 0.05459770114942529 0.021258503401360544
0 0.7011494252873564 0.6257142857142857 0.4118773946360153 0.05810657596371882
0 0.8850574712643678 0.5690249433106576 0.04789272030651341 0.021258503401360544
0 0.3045977011494253 0.22180272108843538 0.0842911877394636 0.021258503401360544
0 0.38984674329501917 0.18070294784580498 0.04980842911877394 0.02409297052154195
0 0.3213639846743295 0.09992063492063491 0.04310344827586207 0.02976190476190476
0 0.3750038314176245 0.09708616780045351 0.04885057471264368 0.02976190476190476
0 0.4420536398467433 0.10204081632653061 0.06226053639846743 0.02834467120181406
0 0.5057471264367817 0.10417233560090702 0.038314176245210725 0.026927437641723357
0 0.5555555555555556 0.10133786848072562 0.04980842911877394 0.026927437641723357
0 0.6307509578544062 0.10204081632653061 0.09291187739463602 0.03968253968253968
0 0.4281609195402299 0.21755102040816326 0.040229885057471264 0.026927437641723357
0 0.20259003831417624 0.8545918367346939 0.031609195402298854 0.0481859410430839
0 0.24233716475095785 0.8538888888888889 0.032567049808429116 0.04109977324263039
0 0.28113409961685826 0.8517573696145124 0.03735632183908046 0.03968253968253968
0 0.32232183908045975 0.8553061224489796 0.035440613026819924 0.043934240362811794
0 0.35823754789272033 0.8524716553287982 0.03065134099616858 0.0467687074829932
0 0.3946360153256705 0.8524716553287982 0.03065134099616858 0.05243764172335601
0 0.441095785440613 0.8574263038548753 0.033524904214559385 0.0481859410430839
0 0.7485670498084291 0.8347505668934241 0.035440613026819924 0.022675736961451247
0 0.7595785440613027 0.6937414965986395 0.038314176245210725 0.02409297052154195
0 0.7729885057471264 0.9644331065759637 0.13793103448275862 0.0496031746031746
0 0.6307509578544062 0.9644331065759637 0.1388888888888889 0.05243764172335601
0 0.2974176245210728 0.9559297052154195 0.04118773946360153 0.026927437641723357
0 0.3424367816091954 0.9594671201814059 0.039272030651340994 0.022675736961451247
0 0.6738544061302681 0.8801020408163265 0.035440613026819924 0.02834467120181406