0 0.29501216545012166 0.09658454647256438 0.024330900243309004 0.022396416573348264
0 0.34925385239253853 0.09658454647256438 0.04967558799675588 0.030795072788353865
0 0.4186942416869424 0.10358342665173573 0.06285482562854826 0.030795072788353865
0 0.4815490673154907 0.10008958566629339 0.032441200324412 0.018197088465845463
0 0.5373073803730738 0.09868980963045912 0.04257907542579075 0.02379619260918253
0 0.6285482562854826 0.09798432250839866 0.09529602595296026 0.022396416573348264
0 0.7593268450932684 0.22396416573348266 0.05677210056772101 0.0755879059350504
0 0.820154095701541 0.22396416573348266 0.05879967558799676 0.09518477043673013
0 0.8809813463098135 0.23166853303471444 0.04460665044606651 0.07698768197088465
0 0.9693836171938361 0.18127659574468086 0.061232765612327655 0.08538633818589025
0 0.9509326845093269 0.24706606942889137 0.0202757502027575 0.015397536394176932
0 0.9783049472830495 0.255464725643897 0.022303325223033254 0.02379619260918253
0 0.9686780210867802 0.3009518477043673 0.04156528791565288 0.027995520716685332
0 0.9701946472019465 0.3471444568868981 0.04866180048661801 0.022396416573348264
0 0.9676642335766424 0.39473684210526316 0.04967558799675588 0.036394176931690926
0 0.9671532846715328 0.6382978723404256 0.05271695052716951 0.022396416573348264
0 0.7491889699918897 0.7047928331466965 0.04257907542579075 0.020996640537514
0 0.8738848337388483 0.6298992161254199 0.04460665044606651 0.025195968645016796
0 0.7507137064071371 0.536114221724524 0.03548256285482563 0.01959686450167973
0 0.8860502838605029 0.49902575587905934 0.05677210056772101 0.009798432250839866
0 0.6239902676399026 0.9689249720044792 0.14497161394971614 0.06215005599104143
0 0.7694647201946472 0.9707502799552071 0.13584752635847527 0.04619260918253079
0 0.2894403892944039 0.8734602463605823 0.09833738848337388 0.025195968645016796
0 0.2645985401459854 0.2162709966405375 0.0770478507704785 0.02379619260918253
0 0.3573641524736415 0.18057110862262038 0.05373073803730738 0.01959686450167973
3 0.07096512570965126 0.38424412094064947 0.10340632603406326 0.5137178051511758
0 0.6716382806163828 0.7432810750279956 0.03548256285482563 0.022396416573348264
2 0.7816301703163017 0.83006718924972 0.2615571776155718 0.025195968645016796
2 0.7861962692619627 0.8636618141097424 0.260543390105434 0.027995520716685332
2 0.7816301703163017 0.8951623740201567 0.2615571776155718 0.015397536394176932
0 0.8982157339821574 0.3212541993281075 0.04257907542579075 0.018197088465845463
2 0.5266666666666666 0.04759238521836506 0.32745336577453366 0.04759238521836506