3 0.9647626459143969 0.3495630461922597 0.07047470817120619 0.6907990012484394
3 0.0791206225680934 0.44458177278402 0.14613229571984435 0.8641947565543071
3 0.8249027237354085 0.09917602996254682 0.18157976653696492 0.12345817727840198
0 0.45525291828793774 0.07767790262172285 0.06312062256809331 0.03051186017478152
0 0.4353618677042802 0.11651685393258426 0.042365758754863855 0.03051186017478152
0 0.4686536964980545 0.7983021223470662 0.02421011673151743 0.04022471910112363
0 0.16731517509727625 0.8017727840199751 0.01815564202334629 0.04439450686641691
0 0.7042801556420234 0.48619225967540575 0.4297431906614787 0.08461922596754054
0 0.7587548638132295 0.5604119850187266 0.04928404669260695 0.03606741573033706
0 0.7535642023346304 0.7123096129837703 0.044101167315175153 0.02912609238451926
0 0.6398599221789883 0.9633832709113608 0.13488715953307387 0.06519350811485647
0 0.7834007782101168 0.9599126092384519 0.13488715953307395 0.06936329588014975
0 0.3376575875486381 0.9141323345817728 0.04755642023346304 0.027740324594257213
0 0.2888015564202335 0.9148314606741572 0.03977431906614787 0.03745318352059925