0 0.37643031784841074 0.19744483159117304 0.05806845965770171 0.023228803716608595
0 0.2832110839445803 0.08638792102206735 0.04686226568867156 0.04210220673635308
0 0.3504482477587612 0.09146341463414634 0.05297473512632437 0.029036004645760744
0 0.41921760391198043 0.09581881533101046 0.056030969845150776 0.017421602787456445
0 0.4798288508557457 0.09074332171893147 0.040749796251018745 0.02177700348432056
0 0.5384107579462103 0.09146341463414634 0.047881010594947024 0.02032520325203252
0 0.6306030969845151 0.09219512195121951 0.09372453137734311 0.03048780487804878
0 0.7161776691116545 0.08710801393728224 0.06316218418907905 0.02613240418118467
0 0.763039934800326 0.22576074332171892 0.0488997555012225 0.08275261324041812
0 0.8200896495517522 0.23011614401858305 0.05093724531377343 0.0740418118466899
0 0.8858027709861451 0.23011614401858305 0.06010594947025265 0.06533101045296168
0 0.9652648736756317 0.18075493612078977 0.06010594947025265 0.07694541231126598
0 0.9515077424612877 0.2475377468060395 0.018337408312958436 0.03339140534262486
0 0.9790138549307253 0.25479674796747964 0.02241238793806031 0.02177700348432056
0 0.9647514262428688 0.29471544715447157 0.0488997555012225 0.03484320557491289
0 0.9576202118989405 0.34045296167247385 0.05297473512632437 0.03629500580720093
0 0.9622086389568053 0.3898141695702671 0.0519559902200489 0.04500580720092915
0 0.9632273838630808 0.4595005807200929 0.053993480032599836 0.07984901277584204
0 0.9632273838630808 0.5451567944250871 0.06010594947025265 0.0740418118466899
0 0.960676446617767 0.6279094076655052 0.05297473512632437 0.07984901277584204
0 0.9642461287693562 0.7462253193960511 0.056030969845150776 0.03193960511033682
0 0.7431784841075795 0.778164924506388 0.03973105134474328 0.023228803716608595
0 0.8720456397718012 0.7041231126596981 0.040749796251018745 0.03193960511033682
0 0.7447025264873676 0.6039488966318235 0.040749796251018745 0.023228803716608595
0 0.8914017929910351 0.5596747967479675 0.06519967400162999 0.02468060394889663
0 0.6183781581092095 0.9037514518002323 0.14466177669111654 0.0624274099883856
0 0.7696658516707418 0.9022996515679442 0.14568052159739212 0.05952380952380952
0 0.20324368378158109 0.8681765389082462 0.03361858190709047 0.05516840882694541
0 0.24551752241238795 0.8667247386759582 0.03463732681336593 0.04355400696864112
0 0.28270578647106764 0.8681765389082462 0.03769356153219234 0.04355400696864112
0 0.32905460472697634 0.8739837398373984 0.042787286063569685 0.04936120789779326
0 0.37031784841075793 0.8674564459930314 0.03361858190709047 0.04790940766550523
0 0.2582559087204564 0.9712543554006968 0.04584352078239609 0.03193960511033682
0 0.31224938875305625 0.978513356562137 0.056030969845150776 0.017421602787456445
0 0.2623308883455583 0.23447154471544715 0.0845558272208639 0.02177700348432056
3 0.06418092909535453 0.38691056910569105 0.10594947025264874 0.5357142857142857
2 0.5226161369193154 0.03774680603948897 0.31988590057049715 0.04065040650406504
0 0.8949714751426244 0.3302903600464576 0.04176854115729421 0.02177700348432056
0 0.6637163814180929 0.8159117305458768 0.04584352078239609 0.023228803716608595