0 0.9643052208835341 0.06596083231334149 0.025879518072288995 0.042154222766217865
0 0.6617590361445783 0.31075887392900853 0.04908433734939751 0.03671970624235006
0 0.7237831325301205 0.31483476132190946 0.049975903614457855 0.03671970624235006
0 0.7902730923694778 0.3128029375764994 0.05622489959839357 0.04079559363525093
0 0.8478393574297188 0.31211750305997554 0.04283534136546179 0.02855569155446758
0 0.7724257028112449 0.4576376988984088 0.27934136546184735 0.06119951040391677
0 0.9406506024096385 0.4515177478580171 0.030345381526104578 0.05712362301101586
0 0.93485140562249 0.7452753977968176 0.011598393574297233 0.019045287637698832
0 0.9598393574297188 0.7479926560587515 0.009815261044176547 0.02447980416156671
0 0.9705461847389558 0.9241126070991432 0.018738955823293116 0.023121175030599878
0 0.9678714859437751 0.9778335373317013 0.016955823293172793 0.029914320685434582