0 0.9867986798679867 0.062308657465495604 0.026402640264026403 0.0424090338770389
3 0.8214356435643566 0.24415307402760353 0.3571204620462047 0.05268506900878295
0 0.662920792079208 0.368456712672522 0.038935643564356484 0.05419071518193217
0 0.6993811881188119 0.368456712672522 0.033498349834983426 0.05419071518193217
0 0.7393151815181518 0.3699623588456713 0.03495049504950487 0.05419071518193232
0 0.7779537953795379 0.37186951066499374 0.033135313531353204 0.05419071518193232
1 0.7116749174917492 0.44115432873274785 0.0493234323432343 0.03936010037641155
0 0.6752970297029703 0.4945922208281054 0.06476897689768978 0.05271016311166875
0 0.7401402640264027 0.49514429109159347 0.05693894389438943 0.04939774153074028
0 0.8061056105610561 0.49713927227101634 0.06353960396039603 0.05425345043914681
0 0.8854537953795381 0.4965244667503137 0.09051980198019804 0.05657465495608536
0 0.7748844884488448 0.5800376411543288 0.25581683168316827 0.02858218318695103
0 0.793052805280528 0.6425345043914681 0.2898349834983498 0.06799247176913432
0 0.9727557755775578 0.64198243412798 0.054488448844884456 0.07130489335006279
0 0.9550825082508251 0.942120451693852 0.009843234323432207 0.02035131744040154
0 0.9860148514851484 0.9424968632371392 0.010709570957095725 0.02109159347553318