0 0.9631758957654722 0.7580680437424058 0.04071661237785016 0.028347509113001126
0 0.9690553745928339 0.4711786148238153 0.045244299674267054 0.06479951397326858
0 0.92878664495114 0.3233414337788579 0.05338762214983709 0.0445565006075334
0 0.6772475570032573 0.3246901579586878 0.05338762214983709 0.0445565006075334
0 0.8012052117263844 0.32064398541919803 0.05338762214983709 0.0445565006075334
0 0.8645439739413682 0.3246901579586878 0.05338762214983709 0.0445565006075334
0 0.7908061889250815 0.40974483596597816 0.2895358306188925 0.04455650060753336
3 0.8175 0.19509113001215067 0.34111563517915316 0.04725394896719318
0 0.7396824104234528 0.3246901579586878 0.05338762214983709 0.0445565006075334
0 0.7917100977198698 0.47319562575941676 0.28230456026058637 0.0688578371810449
0 0.9762947882736157 0.07425273390036452 0.021718241042345335 0.032405832320777636
0 0.9839820846905537 0.9207533414337788 0.024429967426710098 0.03240583232077773
0 0.9830781758957655 0.9801579586877278 0.018998371335504825 0.026998784933171358