0 0.9865702479338843 0.07481884057971015 0.026859504132231406 0.054408212560386464
0 0.8269008264462809 0.18869565217391304 0.34619008264462797 0.0327536231884058
3 0.8269008264462809 0.24072463768115943 0.34619008264462797 0.03422705314009659
0 0.6740413223140496 0.3755917874396135 0.04952892561983476 0.09550724637681164
0 0.7239256198347108 0.3815942028985507 0.041743801652892557 0.08143719806763279
0 0.7739504132231405 0.37972222222222224 0.042173553719008244 0.07896135265700482
0 0.8251157024793389 0.3802415458937198 0.04033057851239666 0.07998792270531403
0 0.8744297520661156 0.3770410628019324 0.03933884297520654 0.0802053140096618
0 0.9266528925619835 0.38085748792270535 0.039619834710743845 0.07461352657004827
1 0.7153471074380165 0.4654106280193237 0.04680991735537198 0.04082125603864729
0 0.6790495867768594 0.5202657004830917 0.057148760330578585 0.05423913043478257
0 0.7438677685950413 0.5190338164251208 0.060619834710743725 0.05178743961352657
0 0.8090661157024793 0.5194444444444445 0.05771074380165283 0.05260869565217385
0 0.8755619834710744 0.5191183574879227 0.06005785123966948 0.05326086956521742
0 0.939809917355372 0.5214855072463769 0.05793388429752058 0.056690821256038575
0 0.7519752066115702 0.5696256038647343 0.19762809917355362 0.02745169082125606
0 0.7772479338842976 0.6317512077294687 0.2544380165289255 0.02747584541062802
0 0.7964876033057852 0.6932246376811594 0.29201652892561986 0.06804347826086947
0 0.9762231404958678 0.6915821256038648 0.04754545454545471 0.07130434782608691
0 0.9605619834710744 0.9802657004830917 0.010851239669421578 0.024963768115942118
0 0.9908181818181819 0.9796014492753623 0.015000000000000076 0.026280193236714964