0 0.036852589641434265 0.09307506053268765 0.04183266932270916 0.07717917675544794
0 0.03436653386454183 0.17782082324455206 0.03286852589641434 0.07112590799031478
0 0.03436653386454183 0.26937046004842613 0.03685258964143426 0.07263922518159806
0 0.0348605577689243 0.35487893462469733 0.037848605577689244 0.08020581113801453
0 0.03187250996015936 0.441138014527845 0.043824701195219126 0.06809927360774819
0 0.03187250996015936 0.5228571428571428 0.043824701195219126 0.07112590799031478
0 0.035856573705179286 0.6121428571428571 0.0398406374501992 0.07415254237288135
0 0.6583665338645418 0.33292978208232443 0.0398406374501992 0.07566585956416465
0 0.7056812749003984 0.33217917675544795 0.036852589641434265 0.07415254237288135
0 0.9601593625498008 0.06961259079903148 0.027888446215139442 0.033292978208232446
0 0.6658406374501992 0.46912832929782083 0.046812749003984064 0.03934624697336562
0 0.7325737051792829 0.4683777239709443 0.046812749003984064 0.03480629539951574
0 0.7993067729083666 0.4706416464891041 0.04880478087649411 0.03631961259079903
0 0.8635458167330677 0.4729176755447942 0.05976095617529881 0.037832929782082324
0 0.929784860557769 0.4736682808716707 0.046812749003984064 0.033292978208232446
0 0.6663346613545816 0.5349636803874092 0.05776892430278884 0.03177966101694915
0 0.7171314741035857 0.6560290556900726 0.07768924302788845 0.022699757869249396
0 0.7773944223107571 0.730181598062954 0.27788844621513953 0.06809927360774819
0 0.9472111553784861 0.7256416464891041 0.03386454183266932 0.03480629539951574