0 0.028854080791426217 0.09044957472660996 0.03938994229183842 0.07829890643985418
0 0.027023907666941467 0.18023086269744837 0.03572135201978566 0.07965978128797084
0 0.02747732893652102 0.26866342648845687 0.04030502885408079 0.08100850546780075
0 0.9882275350370981 0.06885783718104496 0.02354492992580375 0.035103280680437436
0 0.964550700741962 0.1890157958687728 0.05129431162407238 0.03510328068043741
0 0.6673042044517725 0.3685662211421628 0.03206100577081624 0.0432077764277036
0 0.7016570486397362 0.3631713244228432 0.02564715581203619 0.03510328068043741
0 0.6783017312448475 0.4873754556500608 0.05220939818631486 0.040498177399757036
0 0.7428771640560594 0.4873754556500608 0.058623248145094724 0.03780072904009722
0 0.8083759274525968 0.49007290400972053 0.05587798845836766 0.0432077764277036
0 0.8747815333882935 0.4853462940461725 0.05312448474855734 0.04184690157958681
0 0.6934130255564716 0.5427339003645201 0.0842704039571311 0.03510328068043741
0 0.7955482275350371 0.6912393681652491 0.2885408079142622 0.067509113001215
0 0.9782934872217642 0.6905589307411908 0.031145919208573947 0.04995139732685285
0 0.9723330585325639 0.9794775212636695 0.04305028854080775 0.025650060753341312