0 0.4942004421518055 0.6723650975889782 0.18330876934414148 0.067451205510907
0 0.4918938835666912 0.7376578645235362 0.07184966838614591 0.025832376578645237
0 0.6231613854089905 0.2597588978185993 0.006448047162859248 0.020091848450057407
0 0.013817243920412675 0.05884041331802526 0.023949889462048637 0.03157290470723306
0 0.04744288872512896 0.06243398392652123 0.024871039056742816 0.02439724454649827
0 0.0893515106853353 0.05956371986222732 0.040530582166543844 0.03587830080367393
0 0.1570596904937362 0.05812858783008036 0.08198231392778187 0.03874856486796784
0 0.2289093588798821 0.06243398392652123 0.0635593220338983 0.0301377726750861
0 0.2758879882092852 0.06458094144661308 0.02671333824613117 0.020091848450057407
0 0.3394473102431835 0.06243398392652123 0.08566691230655858 0.03300803673938001
0 0.4025423728813559 0.06099885189437428 0.03316138540899042 0.02439724454649828
0 0.4527487103905674 0.06458094144661308 0.05434782608695652 0.02870264064293915
0 0.5057111274871039 0.056693455797933404 0.047899778924097275 0.03874856486796784
0 0.573876197494473 0.053823191733639496 0.058953574060427415 0.03013777267508611
0 0.6526381724392041 0.06458094144661308 0.06724392041267502 0.03444316877152698
0 0.7889683124539426 0.21096440872560276 0.0635593220338983 0.14351320321469574
0 0.8608179808400885 0.20738231917336394 0.06540162122328666 0.15068886337543053
0 0.945099484156227 0.2267508610792193 0.0552689756816507 0.14638346727898965
0 0.7921886514369934 0.3659586681974742 0.06079587324981577 0.15212399540757748
0 0.8658806190125277 0.3638117106773823 0.07921886514369934 0.1621699196326062
0 0.9515475313190862 0.37743972445464985 0.0681650700073692 0.134902411021814
0 0.9243773028739868 0.5510907003444316 0.08566691230655858 0.17795637198622274
0 0.9331245394252027 0.7390929965556832 0.09764185703758291 0.16360505166475317
0 0.780677966101695 0.5561194029850747 0.11330140014738393 0.1994833524684271
0 0.7838983050847458 0.7419632606199771 0.08106116433308769 0.169345579793341
0 0.07921886514369934 0.5525258323765786 0.11238025055268976 0.17795637198622274
0 0.18745762711864405 0.5353042479908151 0.08198231392778187 0.169345579793341
0 0.07184966838614591 0.7477037887485649 0.09948415622697127 0.15212399540757748
0 0.19114222549742077 0.7541676234213548 0.10961680176860722 0.1621699196326062
0 0.12481945467943993 0.273398392652124 0.2256816507000737 0.3516073478760046
0 0.26897568165070007 0.2604822043628014 0.02210759027266028 0.027267508610792194
0 0.72448784082535 0.2855912743972445 0.03224023581429624 0.0574052812858783
3 0.4932792925571113 0.5022962112514351 0.2717391304347826 0.5109070034443168