3 0.8076347546259051 0.19556638246041413 0.3369991954947708 0.04736906211936661
0 0.6655028157683025 0.4865286236297198 0.05274336283185836 0.04466504263093783
0 0.727184231697506 0.4865286236297198 0.05274336283185836 0.04466504263093783
0 0.7879646017699116 0.48247259439707674 0.05274336283185836 0.04466504263093783
0 0.8505390185036203 0.4865286236297198 0.05274336283185836 0.04466504263093783
0 0.9140064360418342 0.4851766138855055 0.05274336283185836 0.04466504263093783
0 0.6780209171359614 0.5420219244823387 0.08134352373290418 0.04466504263093783
0 0.7803700724054706 0.6908891595615104 0.278897827835881 0.06902557856272847
0 0.955575221238938 0.6888672350791717 0.04469831053901846 0.06495736906211928
0 0.9542316975060338 0.9791595615103532 0.04022526146419952 0.02841656516443353
0 0.9645132743362833 0.07443361753958587 0.021456154465004082 0.032484774665042626