0 0.66915797914996 0.3297919216646267 0.05880513231756209 0.039436964504284
0 0.7457898957497995 0.33455324357405136 0.05702485966319158 0.04352509179926564
0 0.8210825982357657 0.33455324357405136 0.06148356054530871 0.04079559363525097
0 0.8905854049719326 0.3352386780905753 0.05969526864474744 0.039436964504284
0 0.6709462710505212 0.3923623011015912 0.07484362469927822 0.03671970624235006
0 0.7444506816359262 0.3835128518971848 0.054354450681635906 0.04624235006119948
0 0.8286527666399358 0.38555691554467564 0.062373696872494055 0.042154222766217934
0 0.8928067361668003 0.38760097919216646 0.05524458700882107 0.04895960832313342
0 0.6722774659182037 0.45356181150550795 0.06682437850842016 0.04488372093023251
0 0.6785164394546913 0.567796817625459 0.02583801122694469 0.03400244798041612
0 0.7489093825180433 0.567796817625459 0.02940657578187656 0.03128518971848219
0 0.7809863672814755 0.6432802937576498 0.287802726543705 0.07072215422276619
0 0.9627586206896551 0.6378335373317013 0.03653568564554927 0.05439412484700129
0 0.712373696872494 0.8499877600979193 0.10959903769045716 0.12239902080783353
0 0.9070649558941458 0.7717992656058751 0.12117882919005624 0.025838433292533537
0 0.9649799518845228 0.06596083231334149 0.0213873295910185 0.02583843329253365
0 0.03519647153167602 0.08703794369645043 0.040096230954290296 0.051676866585067316
0 0.03430633520449078 0.15231334149326806 0.040096230954290296 0.05439412484700122
0 0.037425821972734565 0.22100367197062423 0.048115477145148355 0.0639167686658507
0 0.033857257417802725 0.2889963280293758 0.04989574979951884 0.06936352509179924
0 0.04054530874097835 0.359718482252142 0.05078588612670408 0.0639167686658507