0 0.03109465020576132 0.08714460784313725 0.03841152263374486 0.07897058823529411
0 0.029267489711934158 0.17497549019607844 0.043893004115226335 0.0830637254901961
0 0.0297201646090535 0.26279411764705884 0.04664197530864197 0.07897058823529411
0 0.0297201646090535 0.348578431372549 0.04297942386831276 0.07897058823529408
0 0.030633744855967076 0.4377696078431373 0.0411522633744856 0.07488970588235296
0 0.031547325102880656 0.5249142156862745 0.039325102880658436 0.07761029411764711
0 0.9878847736625515 0.061274509803921566 0.024230452674897165 0.038125000000000006
0 0.6698683127572016 0.3138602941176471 0.033835390946501974 0.04493872549019606
0 0.7105596707818931 0.31045343137254905 0.03292181069958848 0.04901960784313729
0 0.742567901234568 0.3165808823529412 0.02377777777777786 0.03404411764705879
0 0.7796049382716049 0.3179411764705882 0.03200823045267498 0.03948529411764709
0 0.6799259259259259 0.43573529411764705 0.04846913580246922 0.03812500000000002
0 0.7453168724279835 0.4377696078431373 0.053037037037037084 0.042205882352941246
0 0.8088724279835391 0.43709558823529415 0.050296296296296214 0.03268382352941172
0 0.8756296296296298 0.43504901960784315 0.04846913580246903 0.03948529411764709
0 0.9359835390946503 0.4377696078431373 0.04480658436213996 0.03676470588235294
0 0.6954732510288066 0.4963235294117647 0.07590123456790125 0.03404411764705879
0 0.7960658436213992 0.6372549019607843 0.2898930041152263 0.06535539215686273
0 0.9711934156378601 0.6399754901960785 0.042065843621399285 0.02995098039215693
0 0.9734814814814815 0.9313725490196079 0.03749794238683123 0.016335784313725402