0 0.021856786011656953 0.10530909090909091 0.03746877601998335 0.0803030303030303
0 0.02446294754371357 0.18864242424242425 0.04683597002497918 0.08333333333333333
0 0.02289758534554538 0.2765212121212121 0.0395503746877602 0.07121212121212121
0 0.027585345545378854 0.36666666666666664 0.04475437135720233 0.07878787878787878
0 0.02497918401332223 0.44545454545454544 0.03538717735220649 0.05757575757575758
0 0.02497918401332223 0.543939393939394 0.03538717735220649 0.06666666666666667
0 0.029142381348875937 0.6257575757575757 0.0395503746877602 0.0696969696969697
0 0.02810158201498751 0.7106060606060606 0.03746877601998335 0.07272727272727272
0 0.67496253122398 0.39545454545454545 0.04475437135720233 0.08181818181818182
0 0.7254371357202332 0.3916727272727273 0.0395503746877602 0.0803030303030303
0 0.9895920066611157 0.07575757575757576 0.020815986677768527 0.030303030303030304
0 0.6848459616985845 0.5333333333333333 0.04787676935886761 0.03636363636363636
0 0.753022481265612 0.5318181818181819 0.05724396336386345 0.030303030303030304
0 0.8222314737718568 0.5325818181818182 0.04995836802664446 0.031818181818181815
0 0.888842631140716 0.5333333333333333 0.04579517069109076 0.03636363636363636
0 0.9575353871773522 0.5318181818181819 0.04579517069109076 0.030303030303030304
0 0.6843297252289758 0.5833333333333334 0.048917568692756035 0.030303030303030304
0 0.731165695253955 0.7053090909090909 0.09263114071606994 0.031818181818181815
0 0.7993338884263114 0.7863636363636364 0.29558701082431305 0.06666666666666667
0 0.9819983347210659 0.7818181818181819 0.026019983347210656 0.048484848484848485