2 0.5069016393442624 0.02500682128240109 0.29576502732240445 0.05000000000000001
0 0.9076502732240437 0.020463847203274217 0.01639344262295082 0.040927694406548434
0 0.9295081967213115 0.020463847203274217 0.01639344262295082 0.040927694406548434
0 0.9519125683060109 0.020463847203274217 0.018579234972677595 0.040927694406548434
0 0.9726775956284153 0.020463847203274217 0.01639344262295082 0.040927694406548434
0 0.9915300546448087 0.020463847203274217 0.016939890710382512 0.040927694406548434
1 0.04423497267759562 0.08750341064120054 0.06079234972677595 0.042469304229195086
0 0.10890710382513662 0.08515688949522511 0.05932786885245901 0.03147339699863574
0 0.15560109289617485 0.08436562073669851 0.023584699453551895 0.048758526603001374
0 0.18337704918032785 0.08964529331514323 0.020437158469945343 0.04604365620736699
0 0.21326775956284152 0.08260572987721691 0.030907103825136582 0.048758526603001374
0 0.2599508196721312 0.08084583901773533 0.053306010928961756 0.04875852660300136
0 0.3139344262295082 0.08482946793997272 0.042732240437158495 0.045225102319236
0 0.35197267759562845 0.08353342428376534 0.024382513661202126 0.04780354706684858
0 0.4007322404371585 0.08192360163710777 0.057808743169398887 0.05319236016371079
0 0.4442841530054645 0.08117326057298772 0.018781420765027264 0.04137789904502045
0 0.47973224043715845 0.08387448840381992 0.038338797814207695 0.04675306957708049
0 0.5212568306010928 0.08171896316507503 0.03109836065573775 0.04675306957708049
0 0.5679945355191257 0.08570259208731242 0.04703825136612018 0.04525238744884039
0 0.6274426229508197 0.08753069577080491 0.05909836065573775 0.05234652114597545
1 0.1989071038251366 0.220818553888131 0.1265901639344262 0.06418826739427014
0 0.2912622950819672 0.22283765347885404 0.042754098360655746 0.053233287858117304
1 0.029803278688524594 0.3694406548431105 0.033792349726775965 0.03427012278308322
1 0.09521857923497268 0.37028649386084583 0.038836065573770485 0.03596180081855391
1 0.08964480874316941 0.4107912687585266 0.025344262295081965 0.03260572987721688
1 0.03147540983606558 0.4065347885402456 0.039016393442622956 0.032319236016371156
1 0.030830601092896176 0.4792087312414734 0.03443715846994536 0.02765347885402453
1 0.033234972677595634 0.512169167803547 0.04253551912568306 0.02912687585266033
1 0.09595081967213115 0.47664392905866304 0.040306010928961744 0.03424283765347889
1 0.09169945355191257 0.5208049113233287 0.03179781420765027 0.03236016371077766
0 0.08477595628415299 0.5597817189631651 0.0362568306010929 0.0306139154160983
0 0.03511475409836066 0.6906957708049113 0.045819672131147536 0.038171896316507525
0 0.09768306010928961 0.7378717598908595 0.04271038251366119 0.0434652114597543
0 0.09733333333333334 0.6868894952251023 0.040480874316939884 0.04139154160982261
0 0.09687978142076502 0.8369577080491133 0.042710382513661216 0.0434652114597543
0 0.09653005464480875 0.7859754433833561 0.040480874316939884 0.04139154160982254
0 0.09636612021857924 0.936043656207367 0.042710382513661216 0.0434652114597543
0 0.09601639344262296 0.8850613915416098 0.040480874316939884 0.04139154160982254
0 0.03249180327868852 0.7904229195088677 0.0427103825136612 0.0434652114597543
0 0.034639344262295084 0.7394406548431105 0.04546994535519126 0.04139154160982254
0 0.031688524590163934 0.8887721691678035 0.0427103825136612 0.0434652114597543
0 0.031338797814207654 0.8377899045020464 0.04048087431693989 0.04139154160982254
0 0.032939890710382516 0.9782673942701229 0.0427103825136612 0.0434652114597543
0 0.03229508196721312 0.9317462482946794 0.04048087431693989 0.04139154160982254
0 0.29208196721311475 0.9205047748976808 0.02880327868852461 0.04983628922237377
0 0.4651147540983606 0.9237789904502046 0.032256830601092884 0.046739427012278296
0 0.6372841530054645 0.8931787175989087 0.029010928961748714 0.04623465211459768
0 0.8100437158469946 0.9218963165075034 0.028043715846994624 0.04156889495225106
0 0.9840437158469945 0.9213778990450204 0.029562841530054593 0.04605729877216916
0 0.9113770491803278 0.881787175989086 0.15831693989071027 0.023451568894952327
0 0.7378579234972678 0.8823874488403819 0.16273770491803274 0.027421555252387323
0 0.39421311475409837 0.8828240109140518 0.16177049180327868 0.02551159618008192
0 0.22162841530054644 0.8832469304229195 0.15977049180327868 0.02361527967257837