0 0.6666639676113361 0.35684914841849147 0.0449878542510121 0.032445255474452504
0 0.730995951417004 0.35482968369829687 0.04948178137651814 0.04189781021897803
0 0.7966720647773279 0.3534793187347932 0.04768421052631587 0.0364963503649635
0 0.8533522267206478 0.34874695863746963 0.0386882591093119 0.032445255474452504
0 0.680161943319838 0.4115936739659367 0.06837246963562757 0.03919708029197084
0 0.029238866396761133 0.08380778588807786 0.03868825910931174 0.072992700729927
0 0.03059109311740891 0.1723479318734793 0.04138461538461538 0.07975669099756691
0 0.02879352226720648 0.26290754257907545 0.037789473684210526 0.07975669099756691
0 0.03059109311740891 0.3494160583941606 0.03958704453441295 0.07704379562043798
0 0.02879352226720648 0.4339051094890511 0.03958704453441295 0.072992700729927
0 0.027886639676113358 0.5204136253041363 0.043182186234817815 0.08110705596107051
0 0.02654251012145749 0.6021897810218978 0.04048582995951417 0.06622871046228718
0 0.9712064777327936 0.0682603406326034 0.022493927125506234 0.02838199513381996
0 0.949165991902834 0.18856447688564476 0.05937651821862342 0.02838199513381993
0 0.9577165991902834 0.590705596107056 0.04048582995951417 0.05947688564476884
0 0.7822753036437248 0.5812408759124087 0.278 0.06759124087591234
0 0.9586153846153846 0.8671289537712895 0.04228340080971644 0.02568126520681253