0 0.6589737470167065 0.3766951219512195 0.0415433571996818 0.02709756097560979
0 0.7235003977724742 0.3739878048780488 0.048615751789976056 0.040646341463414684
0 0.790684168655529 0.3760121951219512 0.04330946698488469 0.03387804878048777
0 0.8574224343675417 0.3753414634146341 0.04420047732696893 0.03793902439024392
0 0.9206205250596659 0.3753414634146341 0.04330946698488469 0.03523170731707315
0 0.6625139220365951 0.4315731707317073 0.052155926809864715 0.03387804878048777
0 0.7252744630071599 0.4288658536585366 0.052155926809864715 0.0447195121951219
0 0.790684168655529 0.4295365853658537 0.04508353221957046 0.03793902439024392
0 0.8618377088305489 0.4295365853658537 0.0477326968973747 0.03793902439024392
0 0.9599602227525855 0.06436585365853659 0.024749403341288886 0.031170731707317077
0 0.7677008750994431 0.6287317073170731 0.2802068416865554 0.0704634146341463
0 0.6757677008750995 0.5541951219512196 0.018560063643595807 0.024390243902439025
0 0.7345505171042164 0.5548780487804879 0.022983293556086 0.031170731707317007
0 0.9405091487669054 0.6287317073170731 0.03889419252187738 0.06232926829268287
0 0.9453699284009546 0.9200487804878049 0.03977724741447892 0.024390243902439025
0 0.030938743038981704 0.18089024390243905 0.04242641209228322 0.07181707317073169
0 0.0322673031026253 0.2682926829268293 0.043309466984884644 0.0813048780487805
0 0.029610182975338104 0.35434146341463413 0.038011137629276055 0.07452439024390245
0 0.028727128082736673 0.44782926829268294 0.046849642004773276 0.06368292682926832
0 0.03270485282418457 0.5338780487804877 0.04066030230708034 0.07587804878048784
0 0.028289578361177407 0.6144999999999999 0.03889419252187749 0.069109756097561
0 0.03315035799522673 0.7059634146341464 0.038011137629276055 0.07317073170731707
0 0.03137629276054097 0.7913292682926829 0.04508353221957041 0.05962195121951232
0 0.02917263325377884 0.8841463414634146 0.03889419252187749 0.06368292682926832
0 0.031821797931583136 0.9661219512195123 0.03889419252187748 0.06775609756097555