0 0.8431734317343174 0.947603121516165 0.23247232472324722 0.06967670011148272
0 0.6010184501845018 0.9496989966555184 0.23154981549815498 0.05713489409141583
0 0.5871808118081181 0.8584169453734671 0.03966789667896679 0.033444816053511704
0 0.5050774907749077 0.8605128205128205 0.02859778597785978 0.04598662207357859
0 0.33302583025830257 0.03901895206243032 0.04981549815498155 0.04738015607580825
0 0.37915129151291516 0.033444816053511704 0.03136531365313653 0.036231884057971016
0 0.42988929889298894 0.0355406911928651 0.03505535055350553 0.03483835005574135
0 0.4930848708487085 0.03205128205128205 0.058118081180811805 0.03901895206243032
0 0.5701107011070111 0.029264214046822744 0.06826568265682657 0.04180602006688963
0 0.6628265682656826 0.02578595317725752 0.06918819188191883 0.03762541806020067
2 0.7892103321033211 0.03414715719063545 0.17804428044280443 0.05434782608695652
0 0.902678966789668 0.03136008918617614 0.023062730627306273 0.040412486064659976
0 0.940959409594096 0.03205128205128205 0.02952029520295203 0.044593088071348944
0 0.8316457564575647 0.3198216276477146 0.03044280442804428 0.040412486064659976
0 0.8740811808118082 0.3267892976588629 0.03044280442804428 0.05434782608695652
0 0.9294317343173433 0.3267892976588629 0.07841328413284133 0.048773690078037904
1 0.1429889298892989 0.09824972129319955 0.05166051660516605 0.03762541806020067
1 0.07242066420664206 0.0968561872909699 0.06365313653136531 0.029264214046822744
1 0.23154981549815498 0.10033444816053512 0.09778597785977859 0.03901895206243032
1 0.18496678966789667 0.029966555183946482 0.06734317343173432 0.04598662207357859
1 0.26845018450184505 0.03414715719063545 0.05719557195571956 0.048773690078037904
1 0.05627306273062731 0.029264214046822744 0.1014760147601476 0.05852842809364549