0 0.6122196969696969 0.9307909604519774 0.23768939393939395 0.07344632768361582
0 0.8603257575757577 0.9322033898305084 0.23011363636363635 0.06779661016949153
0 0.599909090909091 0.8382824858757062 0.04450757575757576 0.04943502824858757
0 0.5080530303030303 0.8368700564971752 0.04261363636363636 0.046610169491525424
0 0.8456439393939394 0.2980225988700565 0.028409090909090908 0.0480225988700565
0 0.8849469696969697 0.2944971751412429 0.03314393939393939 0.043785310734463276
0 0.9493409090909092 0.2966101694915254 0.07670454545454546 0.04519774011299435
0 0.9204545454545454 0.11935593220338983 0.030303030303030304 0.046610169491525424
0 0.9640151515151515 0.11511864406779661 0.03787878787878788 0.038135593220338986
0 0.7045454545454546 0.014836158192090398 0.043560606060606064 0.029661016949152543
0 0.7613636363636364 0.020485875706214685 0.043560606060606064 0.03531073446327683
0 0.8148712121212122 0.02189830508474576 0.036931818181818184 0.03248587570621469
0 0.8858939393939395 0.019073446327683614 0.05587121212121212 0.029661016949152543
0 0.9540757575757577 0.01694915254237288 0.04640151515151515 0.03389830508474576
0 0.5857045454545454 0.11511864406779661 0.08428030303030302 0.05508474576271186
0 0.5056818181818182 0.12005649717514125 0.06060606060606061 0.03954802259887006
0 0.4375 0.12924293785310734 0.03598484848484849 0.04096045197740113
0 0.38446969696969696 0.1228813559322034 0.032196969696969696 0.04519774011299435
0 0.3380681818181818 0.11864406779661017 0.03598484848484849 0.03954802259887006
0 0.6808712121212122 0.11299435028248588 0.0625 0.04519774011299435
2 0.8020833333333334 0.11440677966101695 0.1875 0.06779661016949153
1 0.2689393939393939 0.12500564971751413 0.0625 0.04943502824858757
1 0.18276515151515152 0.12146892655367232 0.06439393939393939 0.059322033898305086
1 0.058712121212121215 0.11794350282485876 0.11742424242424243 0.08615819209039548
1 0.6283181818181818 0.017661016949152546 0.06534090909090909 0.03531073446327684
1 0.26846969696969697 0.22246327683615819 0.11268939393939394 0.04096045197740113
1 0.15151515151515152 0.2189265536723164 0.08522727272727272 0.03672316384180791
1 0.062030303030303026 0.21963841807909604 0.05397727272727273 0.03248587570621469