0 0.20707831325301204 0.15595141700404858 0.07780873493975904 0.08396761133603241
0 0.28990963855421686 0.15595141700404858 0.05271084337349398 0.07497975708502025
0 0.3514081325301205 0.15819163292847505 0.04852409638554212 0.07346828609986504
0 0.4057906626506024 0.15819163292847505 0.045180722891566265 0.06448043184885292
0 0.4626807228915663 0.15819163292847505 0.0669352409638555 0.0794736842105263
0 0.5070256024096386 0.14695006747638326 0.060240963855421686 0.06597840755735494
0 0.5953012048192771 0.1431983805668016 0.07948795180722887 0.061484480431848836
0 0.6977936746987952 0.14619433198380566 0.07195783132530116 0.05847503373819165
2 0.8182756024096386 0.14319838056680165 0.16900602409638557 0.06747638326585696
0 0.9295481927710844 0.14020242914979758 0.03346385542168679 0.07647773279352225
0 0.9730572289156627 0.13870445344129556 0.04183734939759032 0.052483130904183516
0 0.9446084337349397 0.25866396761133603 0.01673192771084322 0.0554790823211876
0 0.9814231927710843 0.2639136302294197 0.03179216867469865 0.0629824561403509
1 0.07655873493975904 0.15369770580296896 0.11797439759036144 0.09147098515519568
1 0.639683734939759 0.02564102564102564 0.08207831325301204 0.05128205128205128
0 0.7103388554216867 0.029986504723346828 0.04852409638554221 0.05098515519568151
0 0.7760240963855422 0.0359919028340081 0.03262801204819272 0.03298245614035088
0 0.835421686746988 0.028488529014844804 0.04434487951807219 0.0359919028340081
0 0.8998493975903614 0.027746288798920375 0.059405120481927615 0.02249662618083671
0 0.9671987951807229 0.029986504723346828 0.050203313253012104 0.0359919028340081
0 0.8396084337349398 0.9386774628879891 0.30204066265060253 0.08696356275303652