0 0.017756737072104876 0.175301775147929 0.02822286962855062 0.042899408284023666
1 0.07465404224326293 0.17307692307692307 0.06554989075018208 0.047337278106508875
1 0.15568099053168244 0.17455621301775148 0.08739985433357611 0.05029585798816568
1 0.23306627822286963 0.17307692307692307 0.05462490895848507 0.04142011834319527
0 0.30544792425345957 0.1782603550295858 0.05917698470502549 0.05473372781065089
1 0.191646030589949 0.07248520710059171 0.06828113619810634 0.05325443786982249
1 0.2658412235979607 0.07396449704142012 0.06919155134741442 0.05325443786982249
0 0.33048069919883466 0.07323076923076922 0.03277494537509104 0.045857988165680465
0 0.3782811361981063 0.07471005917159763 0.035506190823015295 0.036982248520710054
0 0.428353969410051 0.0695266272189349 0.030043699927166788 0.038461538461538464
0 0.4925345957756737 0.06731360946745561 0.041879096868171886 0.036982248520710054
0 0.5662782228696286 0.0650887573964497 0.08375819373634377 0.04437869822485207
0 0.665061908230153 0.0695266272189349 0.06281864530225784 0.04142011834319527
2 0.7847778587035689 0.07027218934911242 0.17479970866715222 0.07544378698224852
0 0.8935761107064822 0.0643550295857988 0.030043699927166788 0.05177514792899408
0 0.9304442825928624 0.0650887573964497 0.03459577567370721 0.05325443786982249
0 0.8257465404224327 0.2603550295857988 0.014566642388929352 0.04437869822485207
0 0.8639839766933721 0.2611005917159763 0.025491624180626365 0.042899408284023666
0 0.916788055353241 0.2618343195266272 0.06372906045156591 0.0621301775147929
0 0.5826656955571741 0.8195266272189349 0.0528040786598689 0.0621301775147929
0 0.496176256372906 0.8217514792899409 0.03823743627093955 0.05473372781065089
0 0.59040786598689 0.9186390532544378 0.2394391842680262 0.08579881656804733
0 0.8334887108521487 0.9193846153846154 0.2394391842680262 0.07840236686390532
1 0.05553532410779315 0.07396449704142012 0.1110706482155863 0.07100591715976332