0 0.847253155159614 0.943557582668187 0.23570898292501857 0.07126567844925884
0 0.6045879732739421 0.943557582668187 0.23478099480326653 0.07696693272519954
0 0.016243504083147734 0.22805017103762829 0.01206384558277654 0.03135689851767389
0 0.9386636971046771 0.021379703534777653 0.054751299183370454 0.03135689851767389
0 0.9442316258351894 0.11616875712656784 0.02876763177431329 0.03848346636259977
0 0.8755605048255383 0.019954389965792473 0.056607275426874534 0.03135689851767389
0 0.9061841128433556 0.1168757126567845 0.023199703043801038 0.037058152793614595
0 0.8068893838158873 0.02280501710376283 0.03433556050482554 0.03135689851767389
0 0.7484261321455086 0.015678449258836945 0.03433556050482562 0.03135689851767389
2 0.7948255382331108 0.12329532497149372 0.17538975501113585 0.04703534777651083
0 0.8398292501855976 0.2936145952109464 0.020415738678544914 0.03135689851767389
0 0.691818856718634 0.019954389965792473 0.03433556050482554 0.03135689851767389
0 0.871380846325167 0.2993158494868871 0.014847809948032665 0.028506271379703536
0 0.9284558277654047 0.29860889395667045 0.06774313288789903 0.03848346636259977
0 0.6658351893095769 0.12115165336374002 0.06959910913140312 0.03135689851767389
1 0.6222197475872309 0.024230330672748004 0.056607275426874534 0.03135689851767389
0 0.5767483296213809 0.11972633979475485 0.06959910913140312 0.03135689851767389
0 0.49508537490720117 0.12115165336374002 0.04732739420935412 0.03135689851767389
0 0.43569413511507055 0.11901938426453819 0.04732739420935412 0.02708095781071836
0 0.3837268002969562 0.12115165336374002 0.03433556050482554 0.03135689851767389
0 0.3317594654788419 0.12400228050171037 0.03433556050482554 0.03135689851767389
0 0.2760801781737194 0.22234891676168758 0.03433556050482554 0.03135689851767389
1 0.26865627319970303 0.11830102622576967 0.05846325167037862 0.03420752565564424
1 0.20786933927245732 0.22519954389965793 0.05753526354862658 0.03420752565564424
1 0.1846696362286563 0.1225769669327252 0.07980697847067557 0.03420752565564424
1 0.133630289532294 0.2209236031927024 0.044543429844097995 0.03420752565564424
1 0.06867112100965107 0.2209236031927024 0.044543429844097995 0.03420752565564424