0 0.8664666166541636 0.9439564220183486 0.23630907726931732 0.07310779816513761
0 0.6221905476369092 0.9432339449541285 0.24099774943735933 0.0716743119266055
0 0.9447711927981997 0.29888761467889907 0.06845461365341335 0.03870412844036697
0 0.9607126781695424 0.11540137614678898 0.029069767441860465 0.03870412844036697
0 0.9588372093023256 0.022935779816513763 0.055326331582895724 0.03153669724770642
0 0.8913203300825208 0.022935779816513763 0.05720180045011253 0.03153669724770642
0 0.922265566391598 0.11611238532110092 0.023443360840210054 0.03727064220183486
0 0.8870967741935484 0.299598623853211 0.015003750937734433 0.028669724770642203
2 0.8153638409602402 0.12113532110091743 0.177231807951988 0.047305045871559634
0 0.8552138034508627 0.2938646788990826 0.020630157539384845 0.03153669724770642
0 0.8256789197299326 0.022935779816513763 0.03469617404351088 0.03153669724770642
0 0.7675393848462116 0.022935779816513763 0.03469617404351096 0.03153669724770642
0 0.7112753188297074 0.022935779816513763 0.03469617404351088 0.03153669724770642
0 0.6859564891222806 0.12041284403669725 0.07033008252063015 0.03153669724770642
0 0.5893698424606152 0.11897935779816514 0.07033008252063015 0.03153669724770642
1 0.6400075018754688 0.022935779816513763 0.05720180045011253 0.03153669724770642
0 0.5068492123030758 0.12041284403669725 0.04782445611402851 0.03153669724770642
0 0.446834208552138 0.1182683486238532 0.04782445611402851 0.02723623853211009
0 0.3943210802700675 0.12041284403669725 0.03469617404351088 0.03153669724770642
0 0.341807951987997 0.12327981651376146 0.03469617404351088 0.03153669724770642
1 0.27804201050262567 0.11754587155963303 0.05907726931732933 0.034403669724770644
0 0.3215078769692423 0.22362385321100917 0.04240060015003749 0.03153669724770642
1 0.19317329332333083 0.12184633027522936 0.08064516129032258 0.034403669724770644
1 0.2385596399099775 0.22287844036697246 0.08094523630907725 0.034403669724770644
1 0.1486271567891973 0.21932339449541285 0.05345086271567892 0.034403669724770644
1 0.07829707426856715 0.22219036697247707 0.05157539384846212 0.034403669724770644
0 0.025791447861965494 0.22362385321100917 0.012190547636909228 0.03153669724770642