1 0.18396423248882265 0.11862375138734739 0.06240685543964233 0.037458379578246395
2 0.7926602086438153 0.1179245283018868 0.1769746646795827 0.05549389567147614
1 0.2743144560357675 0.1200110987791343 0.06426974664679583 0.05133185349611543
0 0.3353204172876304 0.1206992230854606 0.042846497764530554 0.038845726970033294
0 0.38795081967213113 0.1262486126526082 0.0419150521609538 0.038845726970033294
0 0.4363859910581222 0.11723640399556048 0.0437779433681073 0.037458379578246395
0 0.49459761549925485 0.11514983351831298 0.06520119225037257 0.033296337402885685
0 0.5737704918032787 0.11307436182019977 0.07824143070044709 0.029134295227524972
0 0.6706408345752608 0.1206992230854606 0.06706408345752608 0.038845726970033294
0 0.9062965722801788 0.1206992230854606 0.022354694485842028 0.049944506104328525
0 0.9491430700447094 0.1220865704772475 0.044709388971684055 0.041620421753607105
0 0.6874068554396423 0.024972253052164262 0.05029806259314456 0.019422863485016647
0 0.7484202682563339 0.018734739178690344 0.0549552906110284 0.02358490566037736
0 0.8150149031296572 0.02705882352941176 0.05588673621460507 0.02635960044395116
0 0.8690387481371088 0.021509433962264148 0.05216095380029806 0.02358490566037736
0 0.9412295081967214 0.015260821309655937 0.05122950819672131 0.030521642619311874
0 0.5472280178837556 0.8220088790233074 0.1294709388971684 0.05133185349611543
0 0.6021833084947839 0.9211986681465039 0.228204172876304 0.07214206437291898
0 0.845290611028316 0.9205105438401776 0.23379284649776452 0.062430632630410654
0 0.9286512667660208 0.287180910099889 0.06706408345752608 0.033296337402885685
0 0.8727645305514158 0.2920421753607103 0.02421758569299553 0.029134295227524972
0 0.8438897168405365 0.29411764705882354 0.02421758569299553 0.024972253052164262
1 0.06333830104321908 0.21851276359600444 0.02608047690014903 0.03190899001109878
1 0.1276080476900149 0.22267480577136514 0.06520119225037257 0.020810210876803552
1 0.20678092399403875 0.21712541620421752 0.08569299552906111 0.037458379578246395
1 0.6208122205663189 0.02358490566037736 0.05122950819672131 0.019422863485016647