1 0.19252655538694993 0.11692743764172335 0.0834597875569044 0.035430839002267574
1 0.27788315629742033 0.11976190476190475 0.06069802731411229 0.035430839002267574
0 0.34522003034901366 0.11621315192743764 0.04552352048558422 0.031179138321995464
0 0.3959635811836115 0.12117913832199546 0.0407814871016692 0.026927437641723357
0 0.4424355083459788 0.12046485260770975 0.03698786039453718 0.02834467120181406
0 0.5036039453717754 0.11834467120181405 0.06449165402124431 0.026927437641723357
0 0.5851669195751138 0.11763038548752834 0.06449165402124431 0.036848072562358274
0 0.6819044006069803 0.11337868480725624 0.06449165402124431 0.03968253968253968
0 0.709886191198786 0.01630385487528345 0.042678300455235206 0.02976190476190476
0 0.7615705614567526 0.019138321995464853 0.03983308042488619 0.026927437641723357
0 0.8203717754172989 0.022675736961451247 0.05311077389984825 0.022675736961451247
0 0.887238239757208 0.018424036281179137 0.057852807283763276 0.02834467120181406
0 0.9616843702579666 0.02055555555555555 0.04552352048558422 0.03826530612244898
0 0.9270713201820941 0.11337868480725624 0.023710166919575115 0.036848072562358274
0 0.9673748103186647 0.11054421768707483 0.032245827010622154 0.03968253968253968
0 0.8540440060698028 0.29975056689342405 0.025606980273141122 0.02976190476190476
0 0.8933990895295902 0.29266439909297054 0.026555386949924126 0.03259637188208617
0 0.9531487101669196 0.2976190476190476 0.07397572078907436 0.04251700680272109
0 0.5590895295902883 0.8404195011337868 0.13562215477996964 0.036848072562358274
0 0.6159939301972686 0.9360884353741497 0.23994688922610016 0.06944444444444445
0 0.8658952959028832 0.9290022675736962 0.23710166919575112 0.07794784580498866
1 0.08725341426403642 0.22180272108843538 0.07966616084977238 0.026927437641723357
1 0.17450682852807284 0.22534013605442177 0.051213960546282244 0.01984126984126984
1 0.2702959028831563 0.22180272108843538 0.11001517450682853 0.026927437641723357
2 0.8132625189681336 0.11976190476190475 0.17545523520485584 0.0496031746031746
1 0.6382776934749621 0.021972789115646256 0.06069802731411229 0.021258503401360544