1 0.18773431734317342 0.11837655016910936 0.06918819188191883 0.03945885005636979
1 0.26476014760147604 0.11414881623449831 0.06457564575645756 0.03664036076662908
0 0.3339483394833948 0.11485907553551296 0.03874538745387454 0.035231116121758735
0 0.3800738007380074 0.12331454340473506 0.03505535055350553 0.04650507328072153
0 0.4340442804428044 0.12613303269447576 0.045202952029520294 0.03804960541149944
0 0.4893948339483395 0.12613303269447576 0.048892988929889296 0.049323562570462234
0 0.5673431734317343 0.1226042841037204 0.07380073800738007 0.042277339346110485
0 0.6591365313653137 0.11837655016910936 0.06365313653136531 0.03945885005636979
0 0.9031365313653137 0.11837655016910936 0.02029520295202952 0.04509582863585118
0 0.9289667896678967 0.10992108229988726 0.03874538745387454 0.042277339346110485
0 0.8362583025830259 0.30580608793686587 0.02859778597785978 0.047914317925591886
0 0.8731586715867159 0.2959413754227734 0.021217712177121772 0.042277339346110485
0 0.9303542435424355 0.2818489289740699 0.07103321033210332 0.033821871476888386
0 0.8939114391143912 0.5150845546786922 0.12730627306273062 0.021138669673055242
0 0.5488929889298892 0.8356820744081173 0.12546125461254612 0.047914317925591886
0 0.6005535055350554 0.9322209695603156 0.23247232472324722 0.06623449830890643
0 0.8408708487084872 0.9265839909808342 0.2333948339483395 0.07750845546786922
0 0.023062730627306273 0.22406989853438558 0.027675276752767528 0.02818489289740699
1 0.08487084870848709 0.22337091319052987 0.08118081180811808 0.035231116121758735
1 0.16051660516605165 0.22266065388951523 0.046125461254612546 0.02536640360766629
1 0.23201476014760147 0.22125140924464487 0.06365313653136531 0.02818489289740699
1 0.30904059040590404 0.21702367531003383 0.07564575645756458 0.03100338218714769
1 0.6226937269372693 0.01832018038331454 0.05904059040590406 0.019729425028184894
0 0.6932693726937269 0.016211950394588504 0.035977859778597784 0.023957158962795943
0 0.7504649446494466 0.03171364148816234 0.048892988929889386 0.02113866967305524
0 0.8030479704797049 0.019030439684329197 0.052583025830258305 0.023957158962795943
0 0.8703911439114392 0.015501691093573845 0.05627306273062731 0.02818489289740699
0 0.9391143911439115 0.019729425028184894 0.046125461254612546 0.02536640360766629
2 0.7869003690036901 0.11696730552423901 0.1752767527675277 0.04509582863585118