1 0.18796992481203006 0.12470997679814386 0.07330827067669173 0.043503480278422275
1 0.27349624060150374 0.11964037122969837 0.06390977443609022 0.04205336426914153
1 0.0935187969924812 0.22549883990719258 0.07048872180451128 0.030452436194895592
1 0.1602481203007519 0.22766821345707658 0.04981203007518797 0.02320185614849188
1 0.24953383458646616 0.22331786542923435 0.08364661654135339 0.031902552204176336
0 0.6287593984962406 0.020301624129930394 0.06015037593984962 0.02320185614849188
0 0.3355263157894737 0.11964037122969837 0.03759398496240601 0.04495359628770302
0 0.39333082706766914 0.12544083526682134 0.046052631578947366 0.04205336426914153
0 0.44548872180451127 0.11529002320185615 0.046992481203007516 0.030452436194895592
0 0.5046992481203008 0.11674013921113689 0.05451127819548872 0.0478538283062645
0 0.5836466165413534 0.12254060324825986 0.08646616541353383 0.03335266821345707
0 0.6766917293233082 0.12254060324825986 0.07518796992481203 0.03915313225058004
0 0.7039473684210527 0.02393271461716937 0.046992481203007516 0.027552204176334104
0 0.7570526315789474 0.018851508120649653 0.03477443609022565 0.02320185614849188
0 0.8148496240601504 0.02248259860788863 0.05075187969924812 0.021751740139211138
0 0.8843984962406015 0.021751740139211138 0.06578947368421052 0.020301624129930394
0 0.9572406015037594 0.01958236658932714 0.040413533834586464 0.036252900232018555
0 0.8853383458646616 0.11310904872389792 0.02443609022556391 0.049303944315545245
0 0.9191729323308271 0.11745939675174014 0.03383458646616541 0.04060324825986079
0 0.9703984962406016 0.12325986078886311 0.05357142857142857 0.058004640371229696
0 0.8529172932330827 0.3103248259860789 0.02913533834586466 0.04060324825986079
0 0.8872180451127819 0.30235498839907193 0.03195488721804511 0.03915313225058004
0 0.9473684210526315 0.3059744779582367 0.06766917293233082 0.052204176334106726
0 0.9130676691729324 0.527122969837587 0.13063909774436092 0.021751740139211138
0 0.5582706766917294 0.859199535962877 0.13345864661654136 0.05365429234338747
0 0.6094962406015038 0.9534570765661253 0.23966165413533835 0.07395591647331787
0 0.8580827067669173 0.9527262180974478 0.23684210526315788 0.07830626450116009
2 0.8035714285714286 0.11890951276102088 0.17857142857142858 0.037703016241299306