0 0.8146766169154229 0.9079074889867841 0.22388059701492538 0.07020925110132159
0 0.5832480454868515 0.9072136563876652 0.2283226723525231 0.06883259911894272
0 0.023546552949538026 0.22026431718061673 0.011549395877754087 0.0302863436123348
1 0.1377043354655295 0.21338105726872247 0.042643923240938165 0.03303964757709251
0 0.888862828713575 0.28841409691629954 0.0648542999289268 0.03716960352422907
0 0.9021890547263682 0.01789647577092511 0.05241648898365316 0.0302863436123348
0 0.9039658848614073 0.11220264317180616 0.027540867093105898 0.03716960352422907
1 0.17679459843638948 0.1183920704845815 0.07640369580668088 0.03303964757709251
1 0.25719971570717837 0.11426211453744493 0.055970149253731345 0.03303964757709251
0 0.6436602700781805 0.11701541850220264 0.06663113006396588 0.0302863436123348
0 0.838223169864961 0.019273127753303965 0.054193319118692254 0.0302863436123348
0 0.867540867093106 0.11288546255506608 0.02221037668798863 0.03579295154185022
0 0.367363184079602 0.11701541850220264 0.03287135749822317 0.0302863436123348
2 0.7662615493958779 0.11770925110132158 0.16791044776119404 0.0454295154185022
0 0.8342217484008528 0.28909691629955947 0.014214641080312722 0.02753303964757709
0 0.4739729921819474 0.11701541850220264 0.0453091684434968 0.0302863436123348
0 0.5521535181236674 0.11563876651982379 0.06663113006396588 0.0302863436123348
0 0.720952380952381 0.016519823788546256 0.03287135749822325 0.0302863436123348
0 0.8040156361051883 0.28359030837004406 0.01954513148542999 0.0302863436123348
1 0.6001279317697228 0.022026431718061675 0.054193319118692254 0.0302863436123348
0 0.7760341151385928 0.022026431718061675 0.03287135749822317 0.0302863436123348
0 0.6676474769012083 0.01789647577092511 0.03287135749822317 0.0302863436123348
0 0.4171144278606965 0.11495594713656387 0.0453091684434968 0.026156387665198236
0 0.3176119402985075 0.11976872246696035 0.03287135749822317 0.0302863436123348
0 0.26430703624733476 0.21475770925110133 0.03287135749822317 0.0302863436123348
1 0.19900497512437812 0.21751101321585903 0.055081734186211796 0.03303964757709251
1 0.07684434968017058 0.21475770925110133 0.04886282871357498 0.03303964757709251