1 0.07119082840236686 0.014934289127837515 0.035133136094674555 0.026881720430107527
1 0.1363757396449704 0.017921146953405017 0.04345414201183432 0.032855436081242535
1 0.20294378698224852 0.016427718040621268 0.04345414201183432 0.02986857825567503
0 0.8334911242603551 0.10081242532855436 0.02496301775147929 0.034348864994026285
0 0.8681582840236687 0.10081242532855436 0.029585798816568046 0.03136200716845878
0 0.923173076923077 0.09259259259259259 0.06379437869822485 0.044802867383512544
0 0.5145192307692308 0.6324731182795699 0.061945266272189346 0.043309438470728795
0 0.5898668639053254 0.6324731182795699 0.07581360946745562 0.034348864994026285
0 0.6790902366863906 0.6279928315412187 0.08228550295857988 0.034348864994026285
0 0.7618343195266272 0.6302270011947432 0.06841715976331361 0.04181600955794504
0 0.5968047337278106 0.8251254480286738 0.23206360946745563 0.07019115890083633
0 0.8390384615384616 0.8243727598566308 0.23576183431952663 0.08064516129032258
0 0.5459541420118343 0.7295459976105138 0.12666420118343194 0.052270011947431305
0 0.08598372781065089 0.9057706093189964 0.05362426035502959 0.08512544802867383
0 0.14562130177514793 0.9027837514934289 0.04900147928994083 0.08213859020310633
0 0.20710059171597633 0.9057706093189964 0.05732248520710059 0.09109916367980884
0 0.26627218934911245 0.9050179211469535 0.04992603550295858 0.08661887694145759
0 0.3254437869822485 0.9057706093189964 0.05547337278106509 0.08811230585424133
0 0.08801775147928995 0.9814814814814815 0.05473372781065089 0.037037037037037035