1 0.195578231292517 0.12032842582106455 0.06424792139077853 0.04246885617214043
1 0.2773091458805744 0.11962627406568516 0.06897203325774755 0.049546998867497166
1 0.07369614512471655 0.2222536806342016 0.045351473922902494 0.028312570781426953
1 0.14125472411186696 0.2222536806342016 0.05763416477702192 0.022650056625141562
1 0.23668178382464097 0.22013590033975083 0.08597883597883597 0.021234428086070217
0 0.34061224489795916 0.11537938844847112 0.046296296296296294 0.052378255945639864
0 0.3982464096749811 0.12032842582106455 0.04251700680272109 0.039637599093997736
0 0.45634920634920634 0.1274065685164213 0.035903250188964474 0.03397508493771234
0 0.5087906273620559 0.11821064552661381 0.05007558578987151 0.03539071347678369
0 0.582010582010582 0.11962627406568516 0.06613756613756613 0.029728199320498302
0 0.6906651549508692 0.11821064552661381 0.07558578987150416 0.032559456398640996
0 0.7109826152683295 0.01911664779161948 0.0481859410430839 0.029728199320498302
0 0.7671957671957672 0.017701019252548134 0.03212396069538927 0.021234428086070217
0 0.8253061224489797 0.017701019252548134 0.0481859410430839 0.021234428086070217
0 0.8928571428571429 0.017701019252548134 0.06802721088435375 0.03539071347678369
0 0.9627739984882842 0.01698754246885617 0.05668934240362812 0.02548131370328426
0 0.9282917611489041 0.1210419026047565 0.031179138321995464 0.052378255945639864
0 0.9646636432350718 0.1160815402038505 0.02834467120181406 0.03680634201585504
0 0.8583749055177627 0.29303510758776896 0.025510204081632654 0.03680634201585504
0 0.8980574452003024 0.29586636466591165 0.01984126984126984 0.04246885617214043
0 0.952857142857143 0.2937485843714609 0.06708238851095993 0.04388448471121178
0 0.5621693121693122 0.8366364665911665 0.12660619803476947 0.045300113250283124
0 0.6193348450491307 0.9328992072480181 0.2390400604686319 0.06795016987542468
0 0.8645124716553289 0.9343148357870895 0.2399848828420257 0.06795016987542468
2 0.8134920634920635 0.11537938844847112 0.17762660619803478 0.06370328425821065
1 0.6330309901738473 0.022650056625141562 0.05291005291005291 0.022650056625141562