1 0.1893268511593119 0.1164421997755331 0.07011967090501121 0.028058361391694726
1 0.2706656694091249 0.11995510662177328 0.05516080777860882 0.029461279461279462
1 0.08461480927449513 0.21956228956228957 0.07385938668661182 0.02665544332210999
1 0.16735228122662676 0.2181593714927048 0.04113687359760658 0.03226711560044893
1 0.2631862378459237 0.21675645342312008 0.0962976813762154 0.023849607182940515
0 0.014495138369483919 0.21885521885521886 0.010284218399401645 0.025252525252525252
0 0.3632236350037397 0.22236812570145903 0.04581151832460733 0.02665544332210999
0 0.3314360508601346 0.11924803591470258 0.028982797307404638 0.028058361391694726
0 0.38472700074794314 0.1164421997755331 0.028982797307404638 0.028058361391694726
0 0.4352131637995512 0.11924803591470258 0.028982797307404638 0.028058361391694726
0 0.4931787584143605 0.11784511784511785 0.04394166043380703 0.028058361391694726
0 0.5810620792819746 0.11924803591470258 0.07572924457741212 0.028058361391694726
0 0.6698803290949887 0.11713804713804714 0.07572924457741212 0.023849607182940515
0 0.8012341062079282 0.12276094276094275 0.17389678384442783 0.046296296296296294
0 0.9087509349289454 0.11434343434343434 0.024308152580403888 0.04068462401795735
0 0.9489528795811518 0.11363636363636363 0.02617801047120419 0.04208754208754209
0 0.6946522064323112 0.018945005611672276 0.03926701570680628 0.02665544332210999
0 0.7493492894540015 0.01823793490460157 0.030852655198204935 0.016835016835016835
0 0.8101196709050112 0.023153759820426487 0.030852655198204935 0.01823793490460157
0 0.8774345549738221 0.02175084175084175 0.05142109199700823 0.02665544332210999
0 0.9419446522064324 0.023153759820426483 0.04581151832460733 0.02946127946127946
0 0.8503216155572177 0.9273288439955106 0.24214659685863874 0.07575757575757576
0 0.6053702318623785 0.9287317620650954 0.24214659685863874 0.06453423120089787
0 0.55301421091997 0.8305274971941639 0.1243455497382199 0.03928170594837262
1 0.6250037397157816 0.018945005611672276 0.05516080777860882 0.023849607182940515