0 0.33565185185185187 0.0716743119266055 0.03981481481481482 0.0430045871559633
0 0.3814814814814815 0.07310779816513761 0.03888888888888889 0.060206422018348624
0 0.4347259259259259 0.0716743119266055 0.030555555555555555 0.040137614678899085
0 0.5009259259259259 0.07454128440366972 0.05925925925925926 0.040137614678899085
0 0.5833333333333334 0.0702408256880734 0.07777777777777778 0.045871559633027525
0 0.6722222222222223 0.07884174311926606 0.07222222222222222 0.03727064220183486
0 0.9050962962962964 0.07096330275229357 0.04722222222222222 0.04730504587155963
0 0.9490740740740741 0.0702408256880734 0.03888888888888889 0.05447247706422018
0 0.935651851851852 0.25301605504587155 0.06759259259259259 0.03870412844036697
0 0.8768518518518519 0.25014908256880736 0.025925925925925925 0.04443807339449541
0 0.8384296296296297 0.25301605504587155 0.028703703703703703 0.05017201834862385
0 0.8462962962962963 0.9002293577981652 0.2351851851851852 0.0716743119266055
0 0.6083333333333333 0.9002293577981652 0.23333333333333334 0.06594036697247706
0 0.5088 0.8027522935779816 0.041666666666666664 0.03727064220183486
0 0.5953703703703703 0.8020412844036697 0.03333333333333333 0.04157110091743119
1 0.25833333333333336 0.18061926605504589 0.0962962962962963 0.034403669724770644
1 0.1638888888888889 0.17990825688073395 0.06481481481481481 0.04443807339449541
1 0.08425925925925926 0.1877866972477064 0.06666666666666667 0.045871559633027525
1 0.05925925925925926 0.06809633027522935 0.1 0.08744266055045871
1 0.1912074074074074 0.07813073394495412 0.0712962962962963 0.04157110091743119
1 0.27083703703703704 0.07239678899082569 0.06574074074074074 0.03870412844036696
2 0.7930592592592594 0.07310779816513761 0.175 0.05447247706422018
0 0.7972222222222223 0.45513761467889907 0.018518518518518517 0.02150229357798165