0 0.5651730418943534 0.14035714285714285 0.0941074681238615 0.027923280423280402
0 0.9729781420765027 0.11022486772486773 0.037440801457195014 0.04115079365079363
0 0.7594626593806921 0.3534656084656085 0.04351548269581054 0.033809523809523775
0 0.9674134790528234 0.45560846560846563 0.030355191256830536 0.02058201058201051
0 0.561120218579235 0.5739285714285715 0.04351548269581054 0.030859788359788413
0 0.5970491803278688 0.5180820105820106 0.1092896174863388 0.02498677248677247
0 0.6608014571948998 0.6202248677248677 0.2064389799635702 0.026455026455026454
0 0.659280510018215 0.6709259259259259 0.21149362477231332 0.02205026455026457
0 0.5140619307832424 0.8597883597883598 0.09714936247723134 0.05291005291005291
0 0.4740983606557377 0.9656084656084656 0.04958105646630242 0.06173280423280433
0 0.6228506375227687 0.9670767195767196 0.2337613843351549 0.0646693121693123
0 0.8662204007285975 0.9695767195767195 0.2286976320582877 0.06084656084656084