1 0.034065693430656935 0.027523427041499328 0.05028467153284673 0.02528781793842035
1 0.09610948905109488 0.02677376171352075 0.055963503649635045 0.02380187416331995
0 0.6281459854014598 0.1480053547523427 0.06407299270072991 0.031231593038821934
1 0.17315328467153285 0.029009370816599735 0.07542335766423357 0.019330655957161977
0 0.9618832116788321 0.11899598393574297 0.019467153284671586 0.04461847389558234
0 0.7972408759124088 0.42317269076305225 0.03406569343065699 0.034216867469879446
0 0.9626934306569344 0.8627041499330657 0.025956204379562003 0.02082998661311907
0 0.6662627737226278 0.9303882195448461 0.0948905109489051 0.02528781793842048
0 0.6362554744525547 0.9817001338688086 0.03000729927007292 0.017844712182061483
0 0.6407153284671533 0.578607764390897 0.035686131386861386 0.06544846050870146
0 0.6841021897810219 0.5763855421686747 0.034875912408759105 0.06396251673360104
0 0.7274963503649635 0.5815796519410977 0.0324379562043796 0.06842034805890229
0 0.7700729927007299 0.5763855421686747 0.0332554744525547 0.05800535475234276
0 0.8134598540145985 0.5823293172690763 0.0324379562043796 0.060990629183400195
0 0.8568540145985403 0.578607764390897 0.030007299270073087 0.06247657295850061
0 0.8998394160583941 0.578607764390897 0.0364963503649635 0.06842034805890229
0 0.9424160583941605 0.5778714859437751 0.0324379562043796 0.06990629183400271
0 0.6411167883211679 0.6574431057563588 0.0332554744525547 0.06544846050870153
0 0.6832919708029197 0.6529852744310575 0.0381167883211679 0.06842034805890222
0 0.7262773722627737 0.6492637215528781 0.0332554744525547 0.07287817938420356
0 0.032846715328467155 0.12568942436412317 0.04298540145985401 0.08180722891566264
0 0.03162773722627737 0.21567603748326641 0.037306569343065685 0.07437751004016065
0 0.032036496350364964 0.30120481927710846 0.039737226277372265 0.07883534136546183
0 0.033255474452554744 0.38376171352074967 0.04703649635036496 0.08032128514056225
0 0.032036496350364964 0.47077643908969213 0.04947445255474452 0.075863453815261
0 0.030416058394160585 0.5295314591700134 0.03811678832116788 0.02380187416331991