0 0.5718315018315019 0.14624338624338626 0.09360805860805864 0.030859788359788337
0 0.9757875457875458 0.10802910052910053 0.030521978021977956 0.030859788359788375
0 0.7646520146520146 0.3600793650793651 0.03967948717948711 0.04115079365079367
0 0.5662362637362638 0.5673148148148148 0.04375457875457873 0.023518518518518484
0 0.607445054945055 0.5180820105820106 0.11803113553113562 0.030859788359788413
0 0.9793406593406594 0.45855820105820105 0.033580586080586144 0.023518518518518484
0 0.6618864468864468 0.6158201058201058 0.22893772893772893 0.03527777777777772
0 0.6593406593406593 0.6768121693121694 0.22181318681318685 0.022050264550264497
0 0.4873809523809524 0.8619973544973545 0.030521978021977956 0.04555555555555563
0 0.5509798534798535 0.8656613756613757 0.021364468864468796 0.05584656084656088
0 0.47822344322344323 0.9696560846560845 0.05291208791208789 0.05805555555555569
0 0.6293223443223444 0.9696560846560845 0.23911172161172173 0.05805555555555569
0 0.8709798534798535 0.9688359788359789 0.24012820512820515 0.062314814814814684