1 0.03860672614962251 0.024213075060532687 0.024021962937542895 0.018159806295399514
1 0.08879890185312285 0.03026634382566586 0.04547014413177763 0.024213075060532687
1 0.13726835964310227 0.02875302663438257 0.027453671928620454 0.024213075060532687
1 0.2123404255319149 0.024975786924939465 0.08493479752916952 0.01967312348668281
0 0.6056966369251887 0.11198547215496368 0.04289636238846946 0.024213075060532687
0 0.9390048043925876 0.10972154963680388 0.028311599176389843 0.043886198547215496
0 0.7802882635552506 0.36168280871670705 0.0317433081674674 0.027239709443099273
0 0.6460192175703501 0.4978813559322034 0.05833905284831846 0.0423728813559322
0 0.7129375428963624 0.4978813559322034 0.05833905284831846 0.04539951573849879
0 0.7781400137268359 0.4993946731234867 0.05833905284831846 0.04539951573849879
0 0.8416266300617707 0.5001573849878934 0.06177076183939602 0.04691283292978208
0 0.9068291008922443 0.4993946731234867 0.06005490734385724 0.04539951573849879
0 0.6477350720658888 0.5569007263922519 0.0634866163349348 0.03934624697336562
0 0.7112216884008236 0.5553874092009685 0.06177076183939602 0.0423728813559322
0 0.7751407000686342 0.5584140435835351 0.05919698009608785 0.0423728813559322
0 0.8412010981468773 0.5508474576271186 0.05919698009608785 0.04539951573849879
0 0.9372889498970488 0.657542372881356 0.03002745367192862 0.01967312348668281
0 0.5636582017844887 0.9170702179176755 0.04118050789293068 0.0635593220338983
0 0.629293067947838 0.764225181598063 0.02144818119423473 0.024213075060532687
0 0.7077899794097461 0.8119007263922519 0.16986959505833904 0.03177966101694915
0 0.676904598490048 0.9155569007263923 0.1733013040494166 0.06658595641646489
0 0.8596431022649279 0.9155569007263923 0.17158544955387783 0.06658595641646489
0 0.3333081674673988 0.8656174334140436 0.0317433081674674 0.024213075060532687