0 0.7085692307692307 0.6111692650334076 0.08146923076923084 0.04738307349665919
0 0.625 0.6106681514476615 0.07377692307692314 0.04839643652561251
0 0.39633076923076926 0.548674832962138 0.09126153846153849 0.02564587973273939
0 0.9242999999999999 0.02169265033407572 0.10524615384615398 0.03464365256124721
0 0.8453692307692308 0.024977728285077952 0.02255384615384628 0.033129175946547886
0 0.2812076923076923 0.07660356347438753 0.05157692307692304 0.051336302895322934
0 0.21171538461538464 0.07761692650334076 0.06468461538461541 0.049309576837416484
0 0.1354076923076923 0.0779955456570156 0.06766153846153844 0.04602449888641426
0 0.04633076923076923 0.08179287305122494 0.09056153846153847 0.05360801781737195
0 0.02369230769230769 0.025612472160356347 0.03653846153846154 0.04452115812917593
0 0.18365384615384617 0.16959910913140314 0.031292307692307675 0.02473273942093539
0 0.2547230769230769 0.16959910913140314 0.06678461538461533 0.02473273942093539