0 0.05196581196581196 0.10740576496674058 0.0709013209013209 0.04018847006651885
0 0.1218958818958819 0.10670731707317073 0.05924630924630925 0.038802660753880266
0 0.19376845376845375 0.10532150776053215 0.07478632478632478 0.03603104212860311
0 0.034483294483294485 0.1850110864745011 0.026223776223776224 0.04018847006651885
0 0.795944055944056 0.1850110864745011 0.039821289821289824 0.056818181818181816
0 0.9280341880341881 0.1863968957871397 0.03787878787878788 0.054046563192904656
0 0.9821289821289821 0.18292682926829268 0.035742035742035744 0.04434589800443459
0 0.8464491064491065 0.04018847006651885 0.035936285936285936 0.02771618625277162
0 0.9438616938616938 0.041574279379157426 0.11227661227661227 0.01662971175166297
0 0.10683760683760683 0.29379157427937913 0.18065268065268064 0.03325942350332594
0 0.6638539238539238 0.5342350332594235 0.09032634032634032 0.04296008869179601
0 0.7313519813519813 0.4559312638580931 0.019425019425019424 0.022172949002217297
0 0.660940170940171 0.7483370288248337 0.08838383838383838 0.041574279379157426
0 0.7264957264957265 0.6707317073170732 0.023310023310023312 0.024944567627494457
0 0.6619114219114219 0.9555210643015521 0.08838383838383838 0.04296008869179601
0 0.7279564879564879 0.8813747228381374 0.028166278166278168 0.024944567627494457
0 0.8750971250971251 0.7552660753880266 0.21756021756021757 0.04434589800443459
0 0.30982905982905984 0.37416851441241683 0.17676767676767677 0.08869179600886919
0 0.48902874902874904 0.37555432372505543 0.1757964257964258 0.0803769401330377
0 0.6599689199689199 0.376940133037694 0.1660839160839161 0.07483370288248337
1 0.6876456876456877 0.2896341463414634 0.12237762237762238 0.03603104212860311
1 0.07575757575757576 0.4164412416851441 0.11460761460761461 0.04850332594235033
1 0.07041958041958042 0.47394678492239467 0.10198135198135198 0.04711751662971175
1 0.0641025641025641 0.5370066518847006 0.09906759906759907 0.04850332594235033
3 0.8750971250971251 0.38248337028824836 0.23115773115773117 0.2771618625277162
3 0.8755866355866356 0.6693458980044346 0.22824397824397824 0.24113082039911307
3 0.8791763791763791 0.9074279379157428 0.24164724164724163 0.18514412416851442