0 0.07344040574809806 0.11491031390134529 0.026415891800507185 0.02522421524663677
0 0.1114792899408284 0.11281390134529147 0.030642434488588336 0.029428251121076235
0 0.15004226542688082 0.11281390134529147 0.029585798816568046 0.026625560538116592
0 0.2007607776838546 0.1142152466367713 0.04649196956889264 0.026625560538116592
0 0.30061707523245984 0.11210762331838565 0.1426458157227388 0.02522421524663677
0 0.6202451394759088 0.03573991031390134 0.03803888419273035 0.015414798206278023
0 0.7306677937447168 0.03854260089686099 0.1426458157227388 0.02382286995515695
0 0.8262890955198647 0.03433856502242152 0.021132713440405747 0.018217488789237665
0 0.8933896872358412 0.03854260089686099 0.08136094674556213 0.037836322869955155
0 0.8859932375316991 0.6978699551569507 0.02007607776838546 0.028026905829596414
0 0.9203296703296703 0.6992713004484304 0.03169907016060862 0.030829596412556053
0 0.9002535925612849 0.8996636771300448 0.08453085376162299 0.03643497757847534
0 0.06498732037193575 0.8989686098654709 0.03486897717666949 0.02102017937219731
0 0.10249366018596788 0.897567264573991 0.0253592561284869 0.01821748878923767
0 0.13472527472527474 0.8961659192825112 0.022189349112426034 0.01821748878923767
0 0.18227387996618766 0.8989686098654709 0.030642434488588336 0.02382286995515695
0 0.2356297548605241 0.8989686098654709 0.04860524091293322 0.01821748878923767
0 0.3074809805579036 0.8954596412556054 0.04649196956889264 0.02242152466367713