0 0.1758154335719968 0.7789256198347108 0.3134447096260939 0.4256198347107438
0 0.8349244232299124 0.3278236914600551 0.3158313444709626 0.42424242424242425
0 0.5059665871121718 0.3243801652892562 0.3134447096260939 0.4201101928374656
0 0.8389021479713604 0.7713498622589532 0.3158313444709626 0.42424242424242425
0 0.5043754972155927 0.7706611570247934 0.3134447096260939 0.4201101928374656
0 0.17820206841686556 0.32575757575757575 0.3134447096260939 0.4256198347107438
0 0.049323786793953855 0.4903581267217631 0.035003977724741446 0.0440771349862259
0 0.09069212410501193 0.49242424242424243 0.03341288782816229 0.0371900826446281
0 0.049323786793953855 0.9359504132231405 0.030230708035003977 0.0371900826446281
0 0.08949880668257756 0.9373278236914601 0.03579952267303103 0.0371900826446281
0 0.38066825775656327 0.9373278236914601 0.03579952267303103 0.045454545454545456
0 0.4232299124900557 0.9393939393939394 0.03659506762132061 0.03581267217630854
0 0.7100238663484487 0.9380165289256198 0.03579952267303103 0.04132231404958678
0 0.7517899761336515 0.9387052341597796 0.035003977724741446 0.03994490358126722
0 0.7521877486077964 0.48829201101928377 0.0294351630867144 0.04269972451790634
0 0.7124105011933174 0.49449035812672176 0.03261734287987271 0.03305785123966942
0 0.4236276849642005 0.4896694214876033 0.03420843277645187 0.04269972451790634
0 0.37987271280827367 0.49173553719008267 0.03739061256961018 0.03305785123966942