0 0.9580078125 0.3290618101545254 0.0703125 0.07588300220750552
0 0.9658203125 0.05518763796909492 0.0625 0.02759381898454746
0 0.9106484375000001 0.05380794701986755 0.0205078125 0.033112582781456956
0 0.857421875 0.05518763796909492 0.0625 0.024834437086092714
0 0.2211953125 0.12210816777041943 0.0732421875 0.04277041942604857
0 0.1469765625 0.12417218543046357 0.0615234375 0.04415011037527594
0 0.07421875 0.12072847682119205 0.068359375 0.048289183222958054
1 0.7998046875 0.3952869757174393 0.10546875 0.03449227373068433
1 0.0654296875 0.26421633554083884 0.05859375 0.037251655629139076
1 0.0869140625 0.3952869757174393 0.10546875 0.03173289183222958
1 0.080078125 0.4394370860927152 0.08984375 0.028973509933774833
1 0.2783203125 0.3945916114790287 0.111328125 0.02759381898454746
1 0.123046875 0.3325055187637969 0.17578125 0.0772626931567329
0 0.2275390625 0.32974613686534215 0.03125 0.04415011037527594
2 0.331546875 0.3325055187637969 0.1630859375 0.06898454746136866
2 0.5029296875 0.33044150110375275 0.1484375 0.06484547461368653
2 0.6669921875 0.32974613686534215 0.150390625 0.06622516556291391
1 0.830078125 0.3290618101545254 0.15625 0.07588300220750552
0 0.189453125 0.5912030905077262 0.30859375 0.08140176600441501
0 0.5146484375 0.5918874172185431 0.30859375 0.08002207505518764
0 0.8427734375 0.5918874172185431 0.30859375 0.08278145695364239
3 0.5151406250000001 0.8380242825607064 0.9580078125 0.3239514348785872