0 0.029825026511134677 0.09474372955288986 0.04374337221633086 0.04498364231188658
0 0.03678685047720042 0.14517993456924755 0.04838282078472959 0.03953107960741548
0 0.0328101802757158 0.1751690294438386 0.04042948038176034 0.02589967284623773
0 0.03512725344644751 0.2078844056706652 0.04772004241781548 0.03135223555070883
0 0.031484623541887594 0.25014176663031623 0.04175503711558855 0.02589967284623773
0 0.03247613997879109 0.3019411123227917 0.042417815482502653 0.03407851690294438
0 0.05269353128313892 0.34419847328244274 0.08019618239660657 0.02862595419847328
0 0.03811240721102863 0.3871319520174482 0.04573170731707317 0.029989094874591057
0 0.04374337221633086 0.4464340239912759 0.0689289501590668 0.02862595419847328
0 0.04341463414634146 0.48391494002181024 0.05633616118769883 0.029989094874591057
0 0.037778366914103925 0.5207197382769901 0.04904559915164369 0.029989094874591057
0 0.03943796394485684 0.5800218102508179 0.055010604453870626 0.02589967284623773
0 0.04109225874867444 0.6181897491821156 0.0516967126193001 0.02589967284623773
0 0.055344644750795334 0.6577208287895311 0.0841728525980912 0.02589967284623773
0 0.03214740190880169 0.7136095965103598 0.04308059384941675 0.03407851690294438
0 0.059650053022269355 0.7585932388222465 0.08218451749734888 0.02317339149400218
0 0.04838282078472959 0.02589967284623773 0.0689289501590668 0.03816793893129771
0 0.9679904559915165 0.03407851690294438 0.05633616118769883 0.04634678298800436
0 0.9722958642629904 0.949432933478735 0.04109225874867444 0.04770992366412214
0 0.3178048780487805 0.23378407851690294 0.15972958642629906 0.03953107960741548
4 0.0331389183457052 0.8894547437295529 0.04109225874867444 0.0831515812431843
2 0.4762089077412514 0.03407851690294438 0.14382290562036062 0.027262813522355506