2 0.5016068376068377 0.07989336492890996 0.9455128205128205 0.04858609794628752
0 0.9097264957264958 0.07915481832543443 0.07584615384615376 0.03526066350710902
0 0.08013675213675213 0.07866113744075828 0.0705128205128205 0.03624802527646131
0 0.9431111111111111 0.13777251184834122 0.05715384615384606 0.024135071090047398
0 0.9268205128205129 0.1973736176935229 0.0843931623931622 0.030781990521327036
0 0.9027863247863248 0.9319905213270143 0.07905128205128197 0.024897314375987346
0 0.7126153846153847 0.9334715639810427 0.07477777777777779 0.031804897314375885
0 0.5008034188034188 0.9361848341232227 0.10843589743589735 0.05105845181674556
0 0.2914102564102564 0.9332227488151659 0.05715384615384616 0.027365718799368072
0 0.08094017094017093 0.9345813586097946 0.0721111111111111 0.032053712480252704
0 0.18723931623931622 0.13752369668246445 0.3221196581196581 0.029565560821484996