0 0.15062916358253145 0.04911323328785812 0.03626943005181347 0.027285129604365622
0 0.20133234641006661 0.0538881309686221 0.04145077720207254 0.023192360163710776
0 0.2524056254626203 0.04638472032742155 0.05181347150259067 0.019099590723055934
0 0.12583271650629163 0.09890859481582538 0.023686158401184307 0.023192360163710776
0 0.16654330125832717 0.1043656207366985 0.03256846780162842 0.017735334242837655
0 0.20170244263508513 0.10163710777626193 0.028867505551443375 0.02592087312414734
0 0.2450037009622502 0.10504774897680765 0.04441154700222058 0.030013642564802184
0 0.2957068837897853 0.09890859481582538 0.046632124352331605 0.03956343792633015
0 0.3564026646928201 0.10982264665757162 0.0540340488527017 0.02592087312414734
0 0.40451517394522574 0.10300136425648022 0.028867505551443375 0.020463847203274217
1 0.45040710584752036 0.10368349249658936 0.046632124352331605 0.02455661664392906
0 0.5181347150259067 0.09959072305593451 0.05921539600296077 0.03819918144611187
0 0.8945225758697262 0.04160982264665757 0.03478904515173945 0.05320600272851296
0 0.9311621021465581 0.049795361527967257 0.023686158401184307 0.045020463847203276
0 0.9555884529977794 0.042974079126875855 0.023686158401184307 0.034106412005457026
0 0.8656550703182827 0.10368349249658936 0.030347890451517395 0.02455661664392906
0 0.9067357512953368 0.10709413369713507 0.037009622501850484 0.023192360163710776
0 0.9526276831976314 0.10641200545702592 0.03997039230199852 0.013642564802182811
0 0.047372316802368614 0.8246930422919508 0.053293856402664694 0.15143246930422918
0 0.11361954108068098 0.8246930422919508 0.049592894152479645 0.13233287858117326
0 0.18245743893412286 0.8431105047748977 0.06291635825314582 0.14733969986357434
0 0.24796447076239822 0.834924965893588 0.056254626202812734 0.12551159618008187
0 0.31569207994078463 0.8362892223738063 0.05107327905255366 0.12824010914051842
0 0.38490007401924503 0.8410641200545702 0.05773501110288675 0.12687585266030013
0 0.45558845299777945 0.8369713506139154 0.0614359733530718 0.11323328785811733
0 0.5240562546262029 0.8369713506139154 0.05477424130273871 0.12141882673942701
0 0.5936343449296817 0.8342428376534788 0.050333086602516654 0.12687585266030013
0 0.6609918578830496 0.8342428376534788 0.056254626202812734 0.14597544338335608
0 0.7301998519615099 0.8376534788540245 0.07031828275351591 0.15006821282401092
0 0.7960769800148039 0.839699863574352 0.052553663952627686 0.13506139154160982
0 0.8619541080680977 0.8458390177353342 0.05699481865284974 0.1446111869031378
0 0.9326424870466321 0.8587994542974079 0.056254626202812734 0.12687585266030013
0 0.848260547742413 0.6862210095497954 0.023686158401184307 0.040927694406548434
0 0.8700962250185048 0.6889495225102319 0.015544041450777202 0.027285129604365622
0 0.8915618060695781 0.6807639836289222 0.017024426350851222 0.03274215552523874
0 0.9555884529977794 0.6807639836289222 0.01628423390081421 0.030013642564802184
2 0.732420429311621 0.04638472032742155 0.2686898593634345 0.05184174624829468