0 0.07818652849740933 0.1119186046511628 0.05458919319022946 0.03488372093023256
0 0.12953367875647667 0.1082906976744186 0.03145817912657291 0.03343023255813953
0 0.1614581791265729 0.10683720930232557 0.034233900814211696 0.024709302325581394
0 0.20216876387860844 0.1119186046511628 0.030532938564026647 0.03488372093023256
0 0.24703923019985197 0.11337209302325581 0.033308660251665435 0.0377906976744186
0 0.28960029607698 0.11627906976744186 0.04996299037749815 0.040697674418604654
0 0.7545373797187269 0.04215116279069767 0.11380458919319031 0.046511627906976744
0 0.49130273871206515 0.24782558139534883 0.06846780162842339 0.10901162790697674
0 0.49084381939304217 0.36410465116279067 0.07494448556624722 0.08284883720930232
0 0.5903034789045152 0.24127906976744187 0.0536639526276832 0.03197674418604651
0 0.666639526276832 0.24273255813953487 0.07494448556624722 0.020348837209302327
0 0.9687268689859363 0.24055813953488372 0.025906735751295335 0.050872093023255814
0 0.7623982235381199 0.45203488372093026 0.4478164322723908 0.05813953488372093
0 0.9792746113989638 0.5559651162790697 0.04145077720207254 0.04796511627906977
0 0.6906957809030347 0.688953488372093 0.08604737231680237 0.03197674418604651
0 0.6828275351591414 0.755093023255814 0.07772020725388601 0.027616279069767442
0 0.9543893412287195 0.6707906976744186 0.05088823094004441 0.036337209302325583
0 0.9608660251665434 0.7739883720930233 0.06939304219096966 0.05377906976744186
0 0.7327905255366395 0.8611976744186046 0.025906735751295335 0.03343023255813953
0 0.23316062176165803 0.8757325581395349 0.41265729089563286 0.04505813953488372
0 0.4057216876387861 0.9411395348837209 0.07679496669133974 0.04215116279069767
2 0.8942487046632125 0.044337209302325584 0.16746854182087342 0.05377906976744186