2 0.7389409984871408 0.03672811059907834 0.27136913767019677 0.044642857142857144
0 0.13993948562783662 0.04176267281105991 0.049167927382753406 0.03168202764976959
0 0.1928895612708018 0.03816820276497696 0.0453857791225416 0.033122119815668205
0 0.2590771558245083 0.033122119815668205 0.0737518910741301 0.04032258064516129
0 0.11488653555219364 0.08569124423963133 0.04444024205748865 0.03024193548387097
0 0.1555446293494705 0.08496543778801843 0.03687594553706505 0.02880184331797235
0 0.2004538577912254 0.08425115207373271 0.028366111951588502 0.03024193548387097
0 0.24962178517397882 0.08064516129032258 0.0586232980332829 0.02880184331797235
0 0.3016263237518911 0.08496543778801843 0.0359304084720121 0.025921658986175114
0 0.3597806354009077 0.08425115207373271 0.06524205748865355 0.033122119815668205
0 0.3994931921331316 0.0820852534562212 0.034984871406959155 0.02880184331797235
0 0.4462934947049924 0.08713133640552995 0.06429652042360061 0.036002304147465435
0 0.507284417549168 0.07849078341013824 0.06524205748865355 0.044642857142857144
0 0.7639939485627837 0.467315668202765 0.4236006051437216 0.05616359447004608
0 0.9729576399394856 0.21457373271889402 0.015128593040847202 0.02880184331797235
0 0.903464447806354 0.03744239631336405 0.031202723146747352 0.04032258064516129
0 0.9346671709531015 0.04032258064516129 0.01985627836611195 0.03456221198156682
0 0.960196671709531 0.03744239631336405 0.034984871406959155 0.03168202764976959
0 0.8788804841149774 0.08569124423963133 0.034984871406959155 0.027361751152073732
0 0.9162254160363086 0.08928571428571429 0.0340393343419062 0.02304147465437788
0 0.9516868381240545 0.08569124423963133 0.03876701966717095 0.03024193548387097
0 0.6803177004538578 0.6768433179723502 0.08415279878971256 0.03744239631336405
0 0.772980332829047 0.6156451612903225 0.42076399394856284 0.03888248847926267
0 0.9564145234493193 0.6768433179723502 0.05578668683812405 0.025921658986175114
0 0.5744175491679274 0.8942972350230415 0.031202723146747352 0.03456221198156682
0 0.6415506807866869 0.9043778801843319 0.04254916792738275 0.02880184331797235