0 0.04768137621540763 0.15676889375684555 0.06731488406881077 0.028751369112814895
0 0.11406133133881825 0.156078860898138 0.02617801047120419 0.024644030668127054
0 0.1481899775617053 0.15266155531215772 0.030852655198204935 0.023274917853231106
0 0.1907255048616305 0.15129244249726176 0.02243829468960359 0.02053669222343921
0 0.2281226626776365 0.15539978094194962 0.033657442034405384 0.023274917853231106
0 0.2762752430815258 0.15403066812705365 0.032722513089005235 0.02053669222343921
0 0.10237845923709797 0.01575027382256298 0.038332086761406134 0.023274917853231106
0 0.14958863126402394 0.01642935377875137 0.029917726252804786 0.024644030668127054
0 0.19913986537023187 0.01575027382256298 0.048616305160807775 0.017798466593647318
0 0.7423335826477188 0.09378970427163198 0.11406133133881825 0.03696604600219058
0 0.8764996260284219 0.01575027382256298 0.01963350785340314 0.017798466593647318
0 0.896133133881825 0.014381161007667035 0.010284218399401645 0.02053669222343921
0 0.9162303664921466 0.013691128148959474 0.013089005235602094 0.02190580503833516
0 0.9339940164547494 0.01711938663745893 0.016828721017202692 0.017798466593647318
0 0.9540987284966344 0.015060240963855422 0.01963350785340314 0.02190580503833516
0 0.9526925953627524 0.30531215772179626 0.02617801047120419 0.024644030668127054
0 0.593679880329095 0.313526834611172 0.08788332086761406 0.030120481927710843
0 0.5726477187733732 0.24096385542168675 0.04955123410620793 0.024644030668127054
0 0.47167539267015707 0.2827272727272727 0.07385938668661182 0.10542168674698796
0 0.46980553477935677 0.39362541073384444 0.07011967090501121 0.09446878422782037
0 0.770852655198205 0.5976232201533407 0.38238593866866116 0.03970427163198247
0 0.6759536275243081 0.8029901423877327 0.09349289454001496 0.03696604600219058
0 0.6754899027673896 0.8721248630887185 0.09068810770381451 0.03285870755750274
0 0.6754899027673896 0.9214129244249726 0.08320867614061331 0.03285870755750274
0 0.6764248317127898 0.9679627601314348 0.08507853403141362 0.030120481927710843
0 0.9433433059087509 0.7988828039430449 0.054225878833208674 0.02053669222343921
0 0.9480179506357517 0.8687075575027382 0.05609573672400898 0.02053669222343921
0 0.952228870605834 0.9234720700985761 0.06077038145100972 0.03148959474260679
0 0.39033657442034403 0.8837677984665936 0.04955123410620793 0.026013143483023003
0 0.07385938668661182 0.8680175246440307 0.14023934181002243 0.03285870755750274
1 0.9442782348541511 0.534644030668127 0.05048616305160808 0.028751369112814895
2 0.887247569184742 0.09583789704271632 0.16454749439042632 0.04107338444687842