0 0.26419841840402586 0.2312219730941704 0.05391804457225018 0.03643497757847534
0 0.31856937455068296 0.22561659192825112 0.03145219266714594 0.03923766816143498
0 0.3697915168943206 0.22071748878923766 0.04583033788641265 0.03503363228699551
0 0.42910136592379583 0.2305269058295964 0.05301941049604601 0.03223094170403588
0 0.49245147375988496 0.23332959641255605 0.04852624011502516 0.026625560538116592
0 0.5526599568655644 0.22701793721973093 0.0503235082674335 0.028026905829596414
0 0.5886053199137311 0.22211883408071748 0.02516175413371675 0.02382286995515695
0 0.6595974119338606 0.22492152466367712 0.08986340762041696 0.037836322869955155
0 0.8914450035945363 0.15554932735426008 0.019769949676491733 0.030829596412556053
0 0.9197555715312725 0.14013452914798205 0.02246585190510424 0.03923766816143498
0 0.8438173975557153 0.07707399103139013 0.041337167505391806 0.03643497757847534
0 0.8806613946800863 0.0812780269058296 0.02695902228612509 0.01961883408071749
0 0.9166067577282531 0.08267937219730942 0.03414809489575845 0.033632286995515695
0 0.8662832494608196 0.033632286995515695 0.02516175413371675 0.02522421524663677
0 0.8923436376707404 0.03433856502242152 0.02336448598130841 0.03503363228699551
0 0.921998562185478 0.031535874439461875 0.03235082674335011 0.03223094170403587
0 0.12716031631919483 0.08267937219730942 0.03324946081955428 0.028026905829596414
0 0.16759884974838246 0.07847533632286996 0.0296549245147376 0.02242152466367713
0 0.20354421279654925 0.07357623318385649 0.02426312005751258 0.02102017937219731
0 0.24937455068296188 0.07847533632286996 0.03324946081955428 0.028026905829596414
0 0.29205607476635514 0.08198430493273542 0.03235082674335011 0.026625560538116592
0 0.34507548526240117 0.0812780269058296 0.04493170381020848 0.028026905829596414
0 0.38910855499640545 0.07778026905829596 0.03235082674335011 0.03223094170403588
0 0.4421279654924515 0.08338565022421524 0.05751258087706686 0.03223094170403588
0 0.49245147375988496 0.08338565022421524 0.0503235082674335 0.03223094170403588
0 0.07458662832494609 0.08968609865470852 0.08267433501078361 0.030829596412556053
0 0.1455787203450755 0.0406390134529148 0.039539899352983465 0.030829596412556053
0 0.1985981308411215 0.03854260089686099 0.0593098490294752 0.02382286995515695
0 0.2430841121495327 0.03714125560538117 0.06380301941049604 0.026625560538116592
2 0.7135154565061107 0.03433856502242152 0.2606038820992092 0.029428251121076228