0 0.546318082788671 0.024960451977401134 0.06799564270152514 0.030790960451977406
0 0.6687799564270153 0.02624858757062147 0.11355119825708054 0.03335593220338983
0 0.7992519970951343 0.02624858757062147 0.09193173565722595 0.03335593220338983
0 0.9038126361655773 0.022395480225988702 0.07262164124909223 0.03592090395480226
0 0.9448220769789397 0.7715141242937853 0.06057371096586772 0.116587570621469
0 0.8481045751633987 0.7713785310734462 0.05859114015976749 0.11428248587570633
0 0.7525417574437182 0.7711186440677966 0.062222222222222186 0.10966101694915249
0 0.6566521423384168 0.7698418079096044 0.06519244734931008 0.11736723163841796
0 0.5594335511982571 0.7758757062146893 0.06552650689905593 0.14380790960451975
0 0.46180827886710235 0.7704858757062146 0.06007988380537402 0.12891525423728803
0 0.36599854756717504 0.7772881355932203 0.054960058097313046 0.10760451977401132
0 0.27200435729847494 0.7830621468926554 0.06337690631808278 0.1294237288135593
0 0.1771822803195352 0.7717627118644068 0.05363834422657951 0.1109378531073447
0 0.0804647785039942 0.7654689265536724 0.05826434277414669 0.13123163841807922
0 0.9461437908496731 0.9327457627118644 0.06057371096586772 0.12685875706214686
0 0.8469498910675382 0.9351638418079096 0.0635439360929557 0.12966101694915255
0 0.7538634713144516 0.933638418079096 0.062222222222222186 0.12249717514124303
0 0.6579738562091503 0.9259435028248588 0.06519244734931008 0.11736723163841796
0 0.5607552650689905 0.9178305084745763 0.06552650689905593 0.14380790960451975
0 0.4631299927378359 0.9297627118644068 0.06007988380537402 0.1378983050847457
0 0.3673202614379085 0.9333898305084746 0.05496005809731296 0.10760451977401132
0 0.27332607116920843 0.9250169491525424 0.06337690631808278 0.1294237288135593
0 0.17437908496732027 0.9361920903954802 0.06188816267247642 0.12760451977401138
0 0.08178649237472767 0.9279774011299435 0.05826434277414671 0.144045197740113
0 0.014524328249818447 0.3152316384180791 0.029048656499636893 0.060745762711864396
3 0.8290413943355119 0.3189943502824859 0.29610021786492374 0.5085084745762711
3 0.5133841684822077 0.31963841807909604 0.30022512708787225 0.5097966101694916
3 0.19764705882352943 0.3189943502824859 0.29923747276688456 0.5110734463276837