2 0.8878955223880597 0.054222737819025535 0.16588059701492552 0.046624129930394435
0 0.7438955223880598 0.0534338747099768 0.11194029850746277 0.04293503480278421
0 0.27790298507462685 0.11274941995359629 0.03985820895522386 0.03501160092807425
0 0.2331268656716418 0.11407192575406032 0.03171641791044776 0.03764501160092809
0 0.19293283582089552 0.11604408352668213 0.03171641791044776 0.031055684454756392
0 0.15442537313432836 0.11353828306264502 0.030701492537313423 0.028155452436194908
0 0.11236567164179104 0.11631090487238979 0.03341044776119401 0.025255220417633423
0 0.061567164179104475 0.11709976798143851 0.048507462686567165 0.028944315545243605
0 0.022641791044776118 0.1164385150812065 0.01950746268656716 0.027621809744779586
0 0.9612462686567164 0.24522041763341068 0.025955223880597164 0.03628770301624127
0 0.6575671641791044 0.24350348027842228 0.07835820895522388 0.03707656612529
0 0.948865671641791 0.7543967517401392 0.05207462686567179 0.03799303944315545
0 0.9458955223880597 0.6803248259860789 0.05122388059701483 0.03325986078886319
0 0.9417388059701493 0.46599767981438517 0.02323134328358217 0.03490719257540607
0 0.9614179104477611 0.551415313225058 0.017805970149253825 0.022227378190255182
0 0.6797014925373134 0.6870417633410673 0.08938059701492536 0.03827146171693736
0 0.6783432835820896 0.7580858468677495 0.0920970149253732 0.04114849187935038
0 0.3983208955223881 0.957784222737819 0.06360447761194031 0.03977958236658929
3 0.2216791044776119 0.8826566125290023 0.4141791044776119 0.03715777262180971
0 0.375679104477612 0.8801508120649653 0.07835820895522393 0.023712296983758763
3 0.10761940298507465 0.9587006960556844 0.20132089552238805 0.07747099767981436