0 0.04711751662971175 0.11122847301951778 0.07206208425720621 0.035878300803673935
0 0.11133037694013304 0.1148105625717566 0.03233555062823355 0.02870264064293915
0 0.1542867701404287 0.11553386911595866 0.03510716925351072 0.03300803673938002
0 0.18893569844789357 0.10763490241102182 0.021249076127124907 0.025832376578645237
0 0.23235772357723578 0.11266360505166474 0.03972653362897265 0.03013777267508611
0 0.27161862527716185 0.10548794489092995 0.03325942350332594 0.027267508610792194
0 0.4660975609756097 0.24397244546498278 0.0655949741315595 0.10045924225028703
0 0.64810051736881 0.2396670493685419 0.06929046563192905 0.025832376578645237
0 0.7317073170731707 0.049517795637198624 0.11271249076127125 0.03874856486796785
0 0.948359201773836 0.24110218140068887 0.03048780487804878 0.045924225028702644
0 0.7511086474501109 0.45493685419058555 0.3954175905395418 0.04879448909299656
0 0.6675018477457502 0.6730769230769231 0.09146341463414634 0.03731343283582089
0 0.6698078344419808 0.744833524684271 0.08869179600886919 0.03731343283582089
0 0.9349593495934959 0.6709299655568313 0.051736881005173686 0.04161882893226177
0 0.9377309682187731 0.743398392652124 0.051736881005173686 0.040183696900114814
0 0.3690909090909091 0.8696900114810563 0.09515890613451589 0.03157290470723306
0 0.39126385809312636 0.9414466130884042 0.0582039911308204 0.02870264064293915
2 0.873059866962306 0.05309988518943743 0.16260162601626016 0.04305396096440873
1 0.9252623798965263 0.39466130884041334 0.061899482631189946 0.03444316877152698
1 0.6804360679970436 0.6077841561423651 0.10439763488543977 0.03013777267508611
1 0.19216555801921656 0.169345579793341 0.03695491500369549 0.020091848450057407
1 0.14828529194382853 0.16719862227324914 0.03233555062823355 0.021526980482204364
1 0.10855875831485587 0.169345579793341 0.03972653362897265 0.01722158438576349