0 0.9109159159159158 0.04315 0.01876876876876877 0.03563750000000001
0 0.9409459459459459 0.0453625 0.02252252252252252 0.033812499999999995
0 0.9713663663663663 0.0473125 0.025495495495495523 0.037724999999999995
0 0.5317867867867868 0.095225 0.061313813813813865 0.035625
0 0.46421921921921927 0.09795 0.05756006006006011 0.03276250000000001
0 0.41346096096096097 0.09965 0.032687687687687664 0.03197499999999998
0 0.3638063063063063 0.1006875 0.049421921921921956 0.029899999999999986
0 0.3075 0.0977 0.04316816816816817 0.02807500000000001
0 0.2549474474474474 0.09743750000000001 0.041914414414414444 0.03379999999999999
0 0.2088063063063063 0.09535 0.030968468468468468 0.02754999999999999
0 0.17017267267267266 0.1003 0.03003003003003003 0.02286249999999999
0 0.12771021021021023 0.09743750000000001 0.022680180180180164 0.02338750000000001
0 0.1510885885885886 0.0453625 0.036914414414414426 0.033812499999999995
0 0.19832582582582584 0.0453625 0.036283783783783795 0.023399999999999997
0 0.2578378378378378 0.0479625 0.062409909909909904 0.0286125
2 0.7477027027027028 0.0434 0.2779354354354355 0.06116250000000001
0 0.538506006006006 0.16995000000000002 0.07225975975975976 0.03716250000000001
0 0.6637087087087087 0.1722875 0.11746246246246249 0.03768749999999999
0 0.7993168168168169 0.168775 0.09337087087087079 0.036899999999999995
0 0.9096621621621622 0.1709875 0.07757507507507502 0.035087499999999994
0 0.8847147147147147 0.0973 0.028933933933933908 0.02103749999999998
0 0.9261636636636638 0.097175 0.030495495495495413 0.01870000000000001
0 0.970578078078078 0.0977 0.03550300300300298 0.017662499999999994