0 0.09832061068702291 0.023155021834061137 0.0424885496183206 0.024355895196506553
0 0.14448091603053437 0.024399563318777295 0.0366412213740458 0.027772925764192137
0 0.19746564885496184 0.022576419213973797 0.055007633587786285 0.027893013100436678
0 0.8847251908396947 0.0249235807860262 0.021076335877862694 0.02788209606986899
0 0.9091450381679389 0.023504366812227076 0.019183206106870312 0.025993449781659392
0 0.9298091603053434 0.022216157205240176 0.015725190839694588 0.026233624454148473
0 0.9518778625954198 0.022565502183406114 0.021000000000000168 0.02788209606986899
0 0.9724656488549619 0.022565502183406114 0.01605343511450397 0.02788209606986899
2 0.8987251908396946 0.10172489082969433 0.17424427480916047 0.04864628820960699
3 0.7506641221374046 0.1000764192139738 0.11791603053435117 0.04722707423580785
3 0.7686412213740458 0.5370196506550219 0.4338396946564887 0.0567794759825328
0 0.04268702290076336 0.16033842794759826 0.0744351145038168 0.043810043668122266
0 0.10474045801526718 0.16077510917030569 0.03690839694656489 0.05162663755458516
0 0.15190839694656488 0.15805676855895195 0.035244274809160314 0.04618995633187773
0 0.18919847328244274 0.15980349344978165 0.025977099236641245 0.05140829694323146
0 0.22725190839694656 0.15860262008733625 0.03038167938931294 0.05597161572052401
0 0.27654961832061065 0.1571943231441048 0.04876335877862595 0.0479366812227074
0 0.585442748091603 0.31915938864628823 0.06622900763358779 0.0416484716157205
0 0.9722748091603054 0.3180676855895197 0.03538931297709933 0.048165938864628825
1 0.9569312977099236 0.45942139737991267 0.06911450381679386 0.04582969432314413
1 0.7684198473282443 0.6174563318777293 0.43703053435114503 0.04907205240174677
1 0.6528931297709923 0.6833951965065502 0.21084732824427482 0.054093886462882046
0 0.9605801526717557 0.7417358078602619 0.061824427480915864 0.035207423580786025
0 0.9626259541984733 0.8157205240174673 0.05620610687022909 0.037194323144104736
0 0.9654351145038168 0.8667903930131005 0.06425190839694662 0.035043668122270645
0 0.3929847328244274 0.8867794759825327 0.07747328244274809 0.04069868995633185
0 0.06091603053435116 0.8661353711790393 0.11574809160305344 0.031997816593886404