2 0.7132626728110599 0.621359102244389 0.21812903225806457 0.03740648379052362
0 0.0512073732718894 0.22582294264339153 0.07168663594470046 0.09143391521197006
0 0.05223041474654378 0.31865336658354115 0.07373271889400922 0.0831296758104738
0 0.05017511520737327 0.40523690773067333 0.06349308755760368 0.07619700748129678
0 0.048129032258064516 0.5049875311720698 0.06349308755760368 0.08728179551122195
0 0.0512073732718894 0.5978054862842893 0.05734562211981567 0.07342892768079799
0 0.16999078341013824 0.901221945137157 0.3031244239631336 0.08174563591022437
0 0.48233179723502306 0.9005236907730674 0.31541013824884795 0.06096009975062357
0 0.8038894009216591 0.8977556109725686 0.3113179723502305 0.07758104738154617
0 0.505889400921659 0.775149625935162 0.055299539170506916 0.0512593516209475
0 0.5673364055299539 0.7758354114713217 0.07168663594470044 0.05264339152119704
0 0.690221198156682 0.7813840399002493 0.17613824884792617 0.06096009975062357
0 0.8709677419354839 0.7848379052369078 0.17511520737327188 0.0512593516209475
0 0.918589861751152 0.19950124688279303 0.018433179723502304 0.047107231920199465
0 0.9498248847926267 0.19326683291770574 0.011262672811059724 0.031870324189526185
0 0.7117235023041475 0.5049875311720698 0.016387096774193522 0.03740648379052369
0 0.640036866359447 0.5534788029925187 0.014341013824884742 0.023553615960099732