0 0.11987554904831625 0.11911281489594742 0.03477306002928258 0.027382256297918947
0 0.1619692532942899 0.1115881708652793 0.029282576866764276 0.026013143483023003
0 0.19948755490483164 0.1115881708652793 0.03843338213762811 0.03422782037239869
0 0.24798682284040996 0.12185104052573932 0.04575402635431918 0.027382256297918947
0 0.28596632503660324 0.12117196056955093 0.03568814055636896 0.017798466593647318
0 0.35002196193265006 0.11774370208105148 0.06680087847730601 0.02190580503833516
0 0.40218155197657396 0.11774370208105148 0.03568814055636896 0.02190580503833516
1 0.4456442166910688 0.11569550930996714 0.04575402635431918 0.02053669222343921
0 0.14412884333821377 0.07325301204819276 0.037518301610541725 0.017798466593647318
0 0.18759150805270863 0.07119386637458927 0.03477306002928258 0.019167579408543262
0 0.24478770131771596 0.06640744797371304 0.0558199121522694 0.017798466593647307
0 0.8803074670571011 0.06571741511500548 0.02745241581259151 0.035596933187294635
0 0.9137115666178625 0.06434830230010953 0.026537335285505125 0.035596933187294635
0 0.9425329428989752 0.06571741511500548 0.021961932650073207 0.030120481927710843
0 0.8620058565153733 0.12117196056955093 0.03294289897510981 0.015060240963855422
0 0.9036456808199123 0.11432639649507119 0.026537335285505125 0.02053669222343921
0 0.9393338213762812 0.1115881708652793 0.037518301610541725 0.026013143483023003
0 0.9397877013177159 0.27519167579408543 0.03294289897510981 0.04107338444687842
0 0.7476207906295754 0.52026286966046 0.41544655929721813 0.05750273822562979
1 0.9283528550512445 0.46618838992332967 0.057650073206442165 0.026013143483023003
0 0.746705710102489 0.7187842278203724 0.4081259150805271 0.04654983570646221
0 0.09425329428989751 0.822157721796276 0.17020497803806736 0.026013143483023003
0 0.3939458272327965 0.8406352683461117 0.06680087847730601 0.030120481927710843
0 0.6684699853587116 0.7762869660460022 0.07961200585651537 0.035596933187294635
0 0.6670937042459737 0.8426944140197152 0.08052708638360176 0.03970427163198247
0 0.9375036603221084 0.7728696604600219 0.04300878477306003 0.023274917853231106
0 0.9370424597364568 0.8406352683461117 0.049414348462664716 0.030120481927710843
0 0.5714714494875549 0.27451259583789706 0.05398975109809663 0.045180722891566265
0 0.5129062957540264 0.11432639649507119 0.0613103953147877 0.026013143483023003
1 0.0974597364568082 0.171829134720701 0.05215959004392386 0.028751369112814895
1 0.15556368960468522 0.171829134720701 0.036603221083455345 0.023274917853231106
1 0.2168740849194729 0.16566265060240964 0.04758418740849195 0.019167579408543262
2 0.722913616398243 0.06777656078860898 0.2617130307467057 0.039704271631982466