2 0.7482928679817906 0.032333333333333325 0.2712443095599393 0.04454022988505747
0 0.12282245827010622 0.08620689655172414 0.0407814871016692 0.031609195402298854
0 0.1650227617602428 0.08189655172413793 0.036039453717754175 0.031609195402298854
0 0.21197268588770865 0.0797471264367816 0.042678300455235206 0.033045977011494254
0 0.26128983308042486 0.08045977011494253 0.05216236722306525 0.034482758620689655
0 0.3049165402124431 0.08118390804597701 0.048368740515933234 0.041666666666666664
0 0.36323975720789076 0.08477011494252873 0.06069802731411229 0.03735632183908046
0 0.410660091047041 0.08333333333333333 0.03414264036418816 0.03735632183908046
0 0.4542867981790592 0.08405747126436781 0.051213960546282244 0.041666666666666664
0 0.5273141122913505 0.08189655172413793 0.07207890743550835 0.031609195402298854
0 0.9161608497723824 0.031609195402298854 0.032245827010622154 0.040229885057471264
0 0.9503034901365706 0.03879310344827586 0.0208649468892261 0.034482758620689655
0 0.9730652503793626 0.03377011494252873 0.028452200303490136 0.03304597701149425
0 0.8915022761760243 0.08333333333333333 0.032245827010622154 0.020114942528735632
0 0.9289681335356602 0.08262068965517241 0.03509104704097117 0.02442528735632184
0 0.9702200303490136 0.08333333333333333 0.03414264036418816 0.028735632183908046
0 0.9730652503793626 0.24281609195402298 0.0208649468892261 0.04885057471264368
0 0.7757966616084977 0.4511494252873563 0.4343702579666161 0.04885057471264368
0 0.7046661608497724 0.6048850574712644 0.11380880121396054 0.04597701149425287
0 0.8217981790591806 0.7413793103448276 0.34427162367223063 0.08045977011494253
0 0.7729514415781487 0.6537356321839081 0.4305766312594841 0.04885057471264368
0 0.6814339908952959 0.867816091954023 0.10716995447647952 0.04597701149425287
0 0.6890212443095599 0.9410919540229885 0.08820182094081942 0.04310344827586207
0 0.6919575113808801 0.9862068965517241 0.1047040971168437 0.027586206896551724
0 0.9688012139605464 0.8642298850574712 0.05216236722306525 0.02442528735632184
0 0.9616843702579666 0.9454022988505747 0.06638846737481031 0.031609195402298854
0 0.22572078907435508 0.8362068965517241 0.40781487101669195 0.05172413793103448
0 0.40212443095599393 0.9066091954022989 0.07587253414264036 0.020114942528735632
0 0.0825113808801214 0.8929655172413793 0.11760242792109256 0.03879310344827586
0 0.1479514415781487 0.04741379310344827 0.03793626707132018 0.014367816091954023
0 0.19442336874051594 0.03808045977011495 0.04362670713201821 0.021551724137931036
0 0.2451669195751138 0.030896551724137924 0.048368740515933234 0.027298850574712638