2 0.7461444866920152 0.033348837209302325 0.2799543726235742 0.05148837209302326
0 0.9072851711026615 0.03465116279069767 0.02857034220532332 0.04662790697674419
0 0.9393307984790875 0.033499999999999995 0.02456273764258569 0.050627906976744186
0 0.9700228136882129 0.033999999999999996 0.025505703422053206 0.051465116279069766
0 0.8818098859315588 0.08251162790697673 0.029292775665399225 0.02444186046511628
0 0.9251406844106463 0.08416279069767442 0.03794676806083657 0.027755813953488376
0 0.971361216730038 0.08626744186046512 0.03938403041825092 0.027976744186046513
0 0.9735665399239544 0.2166046511627907 0.03209125475285157 0.05011627906976747
0 0.14012167300380227 0.034965116279069765 0.043619771863117884 0.034720930232558136
0 0.18790114068441063 0.03606976744186047 0.039057034220532305 0.036930232558139535
0 0.24480608365019013 0.035965116279069766 0.05666920152091253 0.03273255813953488
0 0.05074524714828898 0.08170930232558139 0.0865551330798479 0.03488372093023256
0 0.11617490494296578 0.0826046511627907 0.025946768060836504 0.04204651162790697
0 0.15357414448669202 0.08256976744186047 0.03311026615969583 0.040627906976744184
0 0.19621292775665397 0.0826046511627907 0.037596958174904965 0.04204651162790697
0 0.2442509505703422 0.08432558139534883 0.044950570342205336 0.04010465116279071
0 0.29660076045627376 0.08469767441860465 0.04952851711026616 0.04084883720930232
0 0.3544638783269962 0.0836860465116279 0.0528365019011407 0.04287209302325582
0 0.4027908745247148 0.08476744186046513 0.03619011406844105 0.0436860465116279
1 0.45572623574144483 0.0825 0.054228136882129234 0.0377906976744186
0 0.521703422053232 0.08689534883720931 0.06498859315589356 0.03988372093023255
1 0.9568365019011407 0.32319767441860464 0.06486692015209139 0.042453488372093014
3 0.7723954372623575 0.38569767441860464 0.43374904942965786 0.06672093023255814
1 0.7718098859315589 0.4705348837209303 0.42906463878327 0.05509302325581395
1 0.6538707224334601 0.5342093023255814 0.1975817490494296 0.045465116279069795
3 0.7698859315589353 0.5949418604651162 0.4260912547528516 0.056813953488372045
0 0.9646692015209125 0.6541976744186047 0.05505703422053239 0.038325581395348876
1 0.8146007604562738 0.9144418604651162 0.3425019011406843 0.04715116279069762
1 0.8135057034220532 0.9730930232558139 0.3446996197718632 0.046267441860465074
3 0.2208441064638784 0.8465697674418604 0.4285019011406844 0.07123255813953487
0 0.397574144486692 0.9074186046511628 0.07406844106463881 0.04654651162790695
0 0.08019771863117871 0.9069418604651163 0.15072243346007605 0.03558139534883711
0 0.5818479087452472 0.2123139534883721 0.052714828897338355 0.048976744186046514