0 0.6192170818505338 0.22373152709359603 0.09648398576512451 0.05336206896551722
0 0.7275587188612099 0.22783251231527094 0.099644128113879 0.050628078817734005
0 0.8366975088967971 0.22852216748768472 0.09331672597864778 0.04652709359605908
1 0.7714519572953737 0.4132512315270936 0.2791601423487544 0.04652709359605908
1 0.7758007117437722 0.505615763546798 0.2862775800711745 0.0424137931034482
0 0.7406120996441281 0.7320689655172414 0.3408469750889679 0.054729064039408935
0 0.6532241992882563 0.7922783251231528 0.16607117437722416 0.0437931034482758
0 0.823644128113879 0.7998029556650247 0.1700284697508896 0.05062807881773387
0 0.6587615658362989 0.8716502463054187 0.061686832740213575 0.0437931034482758
0 0.701067615658363 0.8682266009852216 0.0181921708185053 0.0314778325123152
0 0.7307259786476868 0.8641256157635467 0.018982206405694 0.03694581280788178
0 0.7334946619217081 0.921588669950739 0.0181921708185053 0.015049261083743876
0 0.662711743772242 0.9742733990147784 0.08698932384341639 0.04652709359605908
0 0.7247900355871886 0.9735960591133004 0.024512455516014192 0.03967980295566506