0 0.6520772200772201 0.21482758620689654 0.09266409266409266 0.04926108374384237
0 0.7713436293436294 0.21825123152709358 0.08751351351351354 0.045160098522167506
0 0.894895752895753 0.21141625615763546 0.12012355212355208 0.042413793103448276
0 0.7812123552123552 0.7156527093596059 0.36979922779922786 0.06020935960591145
0 0.6894054054054054 0.7840763546798029 0.1810347490347491 0.0437931034482758
0 0.8773050193050193 0.7813300492610838 0.18962162162162158 0.04926108374384237
0 0.6975521235521236 0.8531773399014778 0.06864092664092672 0.042413793103448345
0 0.7426023166023166 0.8531773399014778 0.02145173745173743 0.03967980295566506
0 0.7760617760617761 0.8518103448275861 0.026594594594594637 0.0314778325123152
0 0.6996988416988417 0.9558004926108374 0.09352123552123544 0.045160098522167576
0 0.7597606177606178 0.9489655172413792 0.024880308880308902 0.03694581280788178
1 0.821104247104247 0.39887931034482754 0.3003011583011582 0.03967980295566506
1 0.8202471042471042 0.49261083743842365 0.2968648648648649 0.0410467980295567