0 0.6256973293768546 0.22039850560398505 0.11297477744807119 0.057721046077210486
0 0.7409124629080118 0.21858032378580325 0.11127596439169139 0.05876712328767123
0 0.8556379821958457 0.22104607721046077 0.11322700296735913 0.06317559153175593
1 0.7853560830860534 0.39484433374844335 0.29635756676557873 0.06582814445828146
1 0.7860534124629079 0.4970112079701121 0.29368694362017794 0.07056039850560394
0 0.7518175074183977 0.7219800747198007 0.3583456973293769 0.06844333748443342
0 0.6615652818991098 0.7904109589041096 0.17682492581602383 0.04834371108343703
0 0.8425816023738872 0.7907347447073475 0.17809347181008905 0.054109589041095946
0 0.6688056379821958 0.8621793275217934 0.058175074183976314 0.052004981320049805
0 0.7132715133531158 0.8632378580323785 0.025660237388723976 0.04824408468244086
0 0.7428041543026705 0.8617434620174347 0.027566765578635074 0.04099626400996273
0 0.7452893175074183 0.9160896637608966 0.02181008902077158 0.02559153175591526
0 0.670200296735905 0.965653798256538 0.09588278931750742 0.0573972602739725
0 0.7320178041543026 0.9658032378580323 0.029606824925816084 0.05667496886674968