0 0.5565515436944009 0.03018418201516793 0.07400837257980113 0.060357529794149524
0 0.6346729461015175 0.03327193932827736 0.06877551020408154 0.057269772481040086
0 0.7284877027734171 0.02940411700975081 0.06204604918890642 0.03405200433369448
0 0.8185714285714285 0.028634886240520043 0.0971794871794872 0.04178764897074757
0 0.9187388801674516 0.03637053087757313 0.07774463631606497 0.03868905742145178
0 0.424981684981685 0.36217768147345614 0.056064887493458976 0.04333694474539545
0 0.49899005756148623 0.3598483206933911 0.08895866038723188 0.03560130010834238
0 0.6010308738880167 0.361397616468039 0.10914181057038208 0.04178764897074762
0 0.9718158032443748 0.9433477789815818 0.04186289900575615 0.06655471289274113
0 0.12932496075353217 0.6113651137594799 0.08671376242804817 0.06810400866738885
3 0.29416012558869703 0.3219284940411701 0.2728571428571429 0.5695666305525461