0 0.6416913946587537 0.20467418546365918 0.10632789317507413 0.047343358395990014
0 0.7554376854599407 0.20676691729323307 0.1030341246290802 0.04037593984962409
0 0.8704228486646883 0.20328320802005012 0.11209940652819 0.04176691729323306
0 0.7628560830860533 0.7135839598997494 0.35525964391691384 0.06265664160401002
0 0.6734272997032641 0.7825062656641605 0.17804154302670624 0.04734335839598994
0 0.8539391691394658 0.7818170426065163 0.1829896142433235 0.04315789473684217
0 0.6833160237388725 0.8556140350877193 0.05605341246290797 0.04595238095238104
0 0.7274183976261127 0.8570050125313283 0.02225519287833828 0.04315789473684217
0 0.7591468842729971 0.8618796992481202 0.03956231454005938 0.04734335839598994
0 0.7566765578635015 0.9120050125313283 0.026379821958456933 0.011140350877193108
0 0.6824925816023739 0.9607393483709272 0.09726261127596449 0.05568922305764418
0 0.7492581602373887 0.9607393483709272 0.03132047477744801 0.04734335839598994
1 0.7991246290801187 0.4859398496240601 0.28107566765578623 0.04734335839598994
1 0.7970623145400594 0.38708020050125314 0.2868471810089021 0.044561403508771864