1 0.8050264950794853 0.3928765432098766 0.2963361090083271 0.04643209876543212
1 0.8046328538985618 0.4888024691358025 0.29712339137017413 0.0448518518518519
0 0.7693868281604845 0.7136913580246914 0.36383800151400447 0.06048148148148149
0 0.6776003028009084 0.7810617283950617 0.1802649507948523 0.04914814814814808
0 0.8594322482967448 0.7804197530864198 0.18121120363361098 0.047864197530864176
0 0.6838304314912945 0.8533333333333334 0.058031794095382346 0.04346913580246918
0 0.7309008327024981 0.8531975308641976 0.02822861468584403 0.04114814814814806
0 0.7592884178652536 0.8546172839506173 0.02822861468584403 0.046037037037036994
0 0.6859576078728236 0.9570987654320988 0.09289174867524605 0.04934567901234571
0 0.7495155185465556 0.9594074074074074 0.02760030280090843 0.039580246913580176
0 0.7693868281604845 0.9066913580246914 0.010567751703255137 0.026740740740740843
0 0.7557456472369417 0.9102962962962964 0.008826646479939502 0.019530864197530785
0 0.6416426949280848 0.20913580246913582 0.11465556396669192 0.051370370370370386
0 0.7580317940953822 0.20874074074074075 0.10140802422407261 0.04441975308641977
0 0.8751249053747161 0.210679012345679 0.10692657077971233 0.048283950617283966