2 0.285428027901078 0.035560588901472255 0.1384971464806595 0.054020385050962634
0 0.8190932149651237 0.18779161947904868 0.2572479391249206 0.06607021517553797
0 0.9101014584654408 0.4052548131370328 0.05447685478757124 0.03770101925254809
0 0.9101712111604311 0.7219139297848245 0.053183259353202214 0.04507361268403166
0 0.18714013950539 0.03646659116647792 0.02233988585922639 0.029048697621744057
0 0.1549270767279645 0.03929784824462061 0.01988585922637921 0.02853907134767837
0 0.12502219403931517 0.0413590033975085 0.022048192771084326 0.02441676104190261
0 0.09612555485098288 0.042514156285390715 0.0175840202916931 0.034971687429218565
0 0.416861128725428 0.5731710079275198 0.4183703233988586 0.07496036240090606
0 0.41585288522511094 0.6637599093997735 0.425003170577045 0.07906002265005656
0 0.4162143310082435 0.7605209513023782 0.4242802790107799 0.08108720271800669
0 0.4157767913760304 0.8511098527746319 0.4205326569435638 0.07488108720271788
0 0.4136207989854153 0.9453001132502832 0.424857324032974 0.07176670441676092