0 0.12486855941114616 0.24558823529411763 0.015772870662460567 0.023529411764705882
0 0.14721345951629863 0.24558823529411763 0.013144058885383806 0.020588235294117647
0 0.17218717139852788 0.25221176470588236 0.015772870662460567 0.01911764705882353
0 0.19978969505783387 0.2492705882352941 0.013144058885383806 0.01911764705882353
0 0.22607781282860148 0.25 0.01840168243953733 0.01764705882352941
0 0.25039957939011565 0.24705882352941178 0.011829652996845425 0.020588235294117647
0 0.2753732912723449 0.2485294117647059 0.01708727655099895 0.01764705882352941
0 0.3062565720294427 0.25074117647058825 0.02103049421661409 0.01911764705882353
0 0.3292639327024185 0.24632941176470588 0.011829652996845425 0.013235294117647059
0 0.35292323869610936 0.24558823529411763 0.014458464773922187 0.01764705882352941
0 0.3765825446898002 0.2492705882352941 0.011829652996845425 0.016176470588235296
0 0.39957939011566773 0.2478 0.015772870662460567 0.016176470588235296
0 0.10055730809674027 0.24338823529411766 0.014458464773922187 0.013235294117647059
1 0.7091272344900105 0.25074117647058825 0.08280757097791798 0.025
0 0.7840483701366983 0.2514705882352941 0.03548895899053628 0.023529411764705882
0 0.842534174553102 0.24705882352941178 0.049947423764458466 0.023529411764705882
0 0.8957728706624606 0.25221176470588236 0.03548895899053628 0.022058823529411766
0 0.8944584647739222 0.16838823529411764 0.01971608832807571 0.007352941176470588
0 0.42586750788643535 0.425 0.03680336487907466 0.026470588235294117
0 0.42586750788643535 0.6485294117647059 0.03943217665615142 0.029411764705882353
0 0.42981072555205047 0.8676470588235294 0.02103049421661409 0.023529411764705882
0 0.8813144058885384 0.4228 0.03811777076761304 0.030882352941176472
0 0.8826288117770767 0.6485294117647059 0.03548895899053628 0.029411764705882353
0 0.8826288117770767 0.8647058823529412 0.030231335436382754 0.026470588235294117
0 0.7847003154574133 0.986764705882353 0.04468980021030494 0.026470588235294117
0 0.8399053627760252 0.9852941176470589 0.0341745531019979 0.01764705882352941
0 0.8924815983175605 0.9875058823529411 0.03943217665615142 0.010294117647058823
2 0.704521556256572 0.9852941176470589 0.08412197686645637 0.01764705882352941
0 0.11895899053627759 0.9816235294117647 0.01971608832807571 0.01911764705882353
0 0.14919032597266035 0.986764705882353 0.01971608832807571 0.020588235294117647
0 0.17022082018927445 0.9823529411764705 0.01708727655099895 0.020588235294117647
0 0.1971608832807571 0.9830941176470588 0.02103049421661409 0.016176470588235296
0 0.22411146161934806 0.9838235294117647 0.011829652996845425 0.01764705882352941
0 0.2477707676130389 0.9875058823529411 0.01971608832807571 0.010294117647058823
0 0.2773396424815983 0.9823529411764705 0.013144058885383806 0.020588235294117647
0 0.30691903259726605 0.9786823529411764 0.02234490010515247 0.022058823529411766
0 0.33057833859095687 0.9823529411764705 0.011829652996845425 0.020588235294117647
0 0.352260778128286 0.9852941176470589 0.015772870662460567 0.01764705882352941
0 0.3765825446898002 0.9838235294117647 0.014458464773922187 0.01764705882352941
0 0.4107570977917981 0.9838235294117647 0.027602523659305992 0.01764705882352941
0 0.09726603575184017 0.9794117647058823 0.015772870662460567 0.014705882352941176
0 0.0749211356466877 0.9816235294117647 0.028916929547844375 0.013235294117647059