0 0.9303023758099352 0.04791095890410959 0.08335853131749466 0.04323059360730594
0 0.2265766738660907 0.18065068493150685 0.17852051835853136 0.044531963470319624
0 0.40466522678185746 0.1769406392694064 0.16443844492440604 0.03712328767123286
2 0.314341252699784 0.25039954337899545 0.34788336933045355 0.05029680365296804
2 0.3149676025917927 0.3086529680365297 0.35223542116630663 0.04938356164383561
1 0.19901727861771057 0.36542237442922376 0.1326781857451404 0.04551369863013699
1 0.32943844492440605 0.3639383561643836 0.1158099352051836 0.04255707762557075
0 0.31441684665226777 0.4296118721461187 0.35053995680345573 0.05647260273972606
0 0.31420086393088553 0.4875 0.3537796976241901 0.03851598173515983
0 0.16971922246220303 0.5364155251141552 0.06790496760259179 0.038504566210045686
0 0.2631749460043196 0.5410045662100457 0.09128509719222459 0.04117579908675805
0 0.3150431965442765 0.607865296803653 0.3492872570194385 0.03789954337899549
0 0.3127969762419006 0.655958904109589 0.3509719222462203 0.03950913242009121
0 0.3171490280777538 0.7125913242009133 0.3534989200863931 0.04187214611872153
3 0.3135745140388769 0.775810502283105 0.34942764578833685 0.06067351598173527
3 0.7043088552915767 0.34442922374429225 0.3502807775377971 0.37207762557077634
3 0.7027645788336933 0.6091095890410959 0.3533693304535637 0.14803652968036538
3 0.5045140388768898 0.9147031963470319 0.9349460043196545 0.06449771689497717