0 0.4521470160116448 0.036275695284159616 0.034570596797671035 0.02418379685610641
0 0.49445414847161573 0.034014510278113655 0.0336608442503639 0.016626360338573152
0 0.8633551673944687 0.29474002418379686 0.11826783114992721 0.04534461910519952
0 0.8574454148471616 0.23730350665054414 0.06823144104803494 0.02418379685610641
0 0.8606259097525473 0.34386940749697703 0.11826783114992721 0.04383313180169287
0 0.8619941775836973 0.41414752116082226 0.008187772925764192 0.021160822249093107
0 0.8610844250363902 0.4882103990326481 0.11735807860262008 0.036275695284159616
0 0.6350072780203785 0.499552599758162 0.010917030567685589 0.016626360338573155
0 0.48808588064046576 0.7413905683192261 0.10462154294032024 0.05894800483675937
0 0.5940684133915575 0.7429020556227328 0.10189228529839883 0.05290205562273277
0 0.7055167394468705 0.7406287787182587 0.09188500727802046 0.04534461910519952
0 0.180589519650655 0.7330713422007256 0.05731441048034935 0.030229746070133012
0 0.2410844250363901 0.7330713422007256 0.050946142649199416 0.018137847642079808
0 0.3061353711790393 0.7360943168077388 0.060953420669577874 0.02418379685610641
0 0.37800582241630276 0.7376058041112454 0.05731441048034935 0.030229746070133012
0 0.12736535662299855 0.5569891172914148 0.025473071324599708 0.02871825876662636