0 0.9216800920598389 0.38622908622908625 0.0707249712313004 0.038198198198198134
0 0.8565937859608745 0.3855598455598455 0.04363636363636372 0.03685971685971684
0 0.9245569620253166 0.6590090090090089 0.06689298043728437 0.03678249678249676
0 0.8619792865362484 0.6566023166023166 0.05202531645569625 0.036241956241956204
0 0.9221634062140391 0.9352767052767054 0.07168009205983886 0.03375804375804378
0 0.8565937859608745 0.9367438867438868 0.04363636363636372 0.028120978120978003
0 0.6595281933256617 0.8851480051480052 0.0522669735327964 0.021441441441441545
0 0.7512197928653624 0.6091505791505791 0.051070195627157776 0.018571428571428506
0 0.8669044879171461 0.04951093951093951 0.23207134637514393 0.057606177606177596
0 0.6262025316455696 0.049111969111969106 0.23014959723820483 0.05036036036036035
0 0.3772382048331415 0.05018018018018018 0.23326812428078256 0.0482110682110682
0 0.13377445339470656 0.052458172458172456 0.24261219792865368 0.05706563706563707
0 0.11400460299194476 0.10433719433719432 0.02325661680092061 0.02567567567567566
0 0.1416915995397008 0.1042084942084942 0.01390103567318757 0.02326898326898325
0 0.17177215189873418 0.102998712998713 0.018941311852704236 0.022998712998713006
0 0.19970080552359032 0.10500643500643501 0.01486766398158805 0.02702702702702703
0 0.2257192174913694 0.10540540540540541 0.01654775604142692 0.02353925353925353
0 0.25316455696202533 0.10648648648648648 0.011507479861910242 0.021389961389961396
0 0.2850517836593786 0.10433719433719432 0.022531645569620236 0.02567567567567566
0 0.31273878020713464 0.10634491634491634 0.022773302646720325 0.018983268983268985
0 0.3373187571921749 0.10473616473616473 0.021576524741081703 0.0222007722007722
0 0.3663291139240506 0.10353925353925354 0.01726121979286536 0.02193050193050192
0 0.39640966628308405 0.10554697554697555 0.022301495972382044 0.02594594594594594
0 0.4226582278481013 0.1042084942084942 0.01965477560414274 0.02326898326898325
0 0.08619102416570772 0.10272844272844273 0.015581127733026457 0.02889317889317888
0 0.05550057537399309 0.10540540540540541 0.021334867663981596 0.02353925353925353
0 0.2566398158803222 0.3340926640926641 0.054418872266973554 0.021866151866151876
0 0.9364211737629459 0.10205920205920206 0.0450747986191025 0.02755469755469755
0 0.8802071346375143 0.10514800514800515 0.05010356731875715 0.02943371943371944
0 0.8128423475258918 0.10554697554697555 0.0640161104718068 0.02594594594594594