0 0.9119404186795492 0.170658747300216 0.0215378421900161 0.020982721382289425
2 0.43186795491143315 0.1416306695464363 0.3778180354267311 0.04933045356371491
3 0.642512077294686 0.41736501079913607 0.3059581320450886 0.28329373650107986
0 0.7710386473429952 0.5370950323974082 0.0215378421900161 0.019524838012959008
1 0.5356280193236715 0.5427645788336933 0.08816425120772947 0.02438444924406046
0 0.08413043478260868 0.31045356371490285 0.04880837359098228 0.016771058315334743
0 0.0849597423510467 0.3331965442764579 0.04053140096618358 0.017872570194384402
0 0.08223027375201288 0.35493520518358534 0.04334943639291467 0.01875809935205184
0 0.0973671497584541 0.37379049676025916 0.07527375201288246 0.020971922246220256
0 0.08239130434782609 0.39131749460043197 0.04037037037037038 0.016965442764578873
0 0.09546698872785829 0.411511879049676 0.0698148148148148 0.025388768898488113
0 0.08404991948470208 0.43137149028077754 0.04367954911433171 0.027829373650107972
0 0.08867954911433171 0.44889848812095035 0.05293880837359097 0.02383369330453569
0 0.08975845410628021 0.47474082073434126 0.05343800322061193 0.009848812095032402
0 0.07586151368760065 0.49049676025917927 0.025644122383252813 0.01827213822894164
0 0.0793317230273752 0.5134665226781858 0.03590177133655395 0.014492440604751576
0 0.07379227053140097 0.5328725701943845 0.009927536231884068 0.017818574514038878
0 0.0736231884057971 0.5582829373650108 0.019524959742351047 0.02246220302375805
0 0.07131239935587762 0.5772462203023758 0.028123993558776175 0.01780777537796977
0 0.0737037037037037 0.5971058315334773 0.024653784219001613 0.020237580993520528
0 0.07279388083735909 0.6173002159827213 0.0211755233494364 0.01978401727861764
0 0.07147342995169081 0.63914686825054 0.018526570048309172 0.022667386609071284
0 0.07693236714975846 0.658012958963283 0.052608695652173916 0.016004319654427578
0 0.08157004830917874 0.6810799136069114 0.04202093397745572 0.014222462203023837
0 0.06924315619967794 0.6997192224622031 0.01902576489533011 0.01244060475161985
0 0.07213365539452496 0.7160259179265658 0.019855072463768112 0.02197624190064785
0 0.07296296296296297 0.7365550755939524 0.02481481481481481 0.018650107991360673
0 0.07701288244766506 0.7598488120950324 0.03127214170692432 0.020853131749459984
0 0.08363123993558777 0.7801511879049675 0.044508856682769715 0.022408207343412527
0 0.08768921095008052 0.8007883369330453 0.050958132045088575 0.021069114470842323
0 0.08454106280193237 0.8238552915766738 0.05459742351046699 0.01928725701943834
0 0.08363123993558777 0.8417170626349891 0.05111916264090178 0.021274298056155556
0 0.5169323671497584 0.21338012958963284 0.03425120772946857 0.0267818574514039
0 0.47747181964573265 0.2188120950323974 0.043019323671497633 0.018131749460043218
0 0.4288325281803543 0.21560475161987042 0.038381642512077305 0.022343412526997838
0 0.3963204508856683 0.2182613390928726 0.02134460547504025 0.02589632829373652
0 0.36058776167471823 0.22070194384449243 0.04252012882447661 0.016576673866090737
0 0.30475040257648955 0.21737580993520517 0.041690821256038624 0.027667386609071278
0 0.2636392914653784 0.21792656587473003 0.03391304347826087 0.02877969762419004
0 0.22839774557165862 0.21781857451403885 0.03292270531400965 0.0267818574514039
0 0.19373590982286634 0.21659827213822894 0.03474235104669886 0.03143628509719224
0 0.15750402576489533 0.21571274298056156 0.03176328502415458 0.02434125269978404
0 0.9670611916264089 0.0695572354211663 0.06426731078905006 0.03028077753779697
0 0.9120933977455716 0.07167386609071275 0.03541062801932369 0.023844492440604742
0 0.870402576489533 0.07056155507559396 0.04466988727858295 0.030496760259179266
0 0.8420289855072464 0.06812095032397408 0.012737520128824608 0.030939524838012964
0 0.810426731078905 0.07011879049676027 0.045499194847021016 0.031382289416846655
0 0.7665861513687601 0.06944924406047516 0.027302737520128892 0.028282937365010797
0 0.7339130434782608 0.06967602591792656 0.033091787439613454 0.02340172786177105
0 0.4557165861513688 0.06845572354211663 0.030942028985507297 0.028056155507559393
0 0.40798711755233497 0.06911447084233262 0.04963768115942032 0.03116630669546437
0 0.3528099838969404 0.06623110151187905 0.050128824476650555 0.03249460043196545
0 0.30772946859903383 0.06944924406047516 0.04103059581320454 0.03715982721382289
0 0.2604911433172303 0.06999999999999999 0.050789049919484734 0.038261339092872576
0 0.21260064412238328 0.0708963282937365 0.03938003220611914 0.027613390928725695
0 0.17173107890499195 0.07056155507559396 0.033752012882447675 0.030496760259179266
0 0.12466183574879228 0.06690064794816415 0.04714975845410628 0.03560475161987041
0 0.0809903381642512 0.06967602591792656 0.03921095008051529 0.02340172786177105
3 0.499597423510467 0.025161987041036712 0.999194847020934 0.050313174946004326