0 0.12811942959001782 0.07209406494960806 0.22058823529411764 0.04619260918253079
0 0.36709447415329766 0.06998880179171332 0.20833333333333334 0.041993281075028
0 0.6138591800356507 0.07349384098544233 0.2250445632798574 0.0377939529675252
0 0.8656417112299465 0.07069428891377379 0.18493761140819964 0.034994400895856655
0 0.9241354723707665 0.4297312430011198 0.1036096256684492 0.027995520716685332
0 0.9224598930481284 0.4633258678611422 0.10249554367201426 0.01959686450167973
0 0.9180035650623886 0.49832026875699886 0.08021390374331551 0.027995520716685332
0 0.9285918003565063 0.7327883538633818 0.10583778966131907 0.03219484882418813
0 0.9185650623885919 0.7747816349384099 0.1036096256684492 0.026595744680851064
0 0.9202317290552585 0.8041769316909294 0.09581105169340463 0.020996640537514
0 0.9074242424242425 0.6914893617021277 0.02339572192513379 0.01959686450167973
0 0.9620142602495545 0.6900895856662934 0.025623885918003565 0.025195968645016796
0 0.9068627450980392 0.3919372900335946 0.03342245989304813 0.030795072788353865
0 0.9586720142602496 0.3884434490481523 0.012254901960784314 0.012597984322508398
0 0.9430748663101606 0.3170548712206047 0.02339572192513369 0.029395296752519597
0 0.7230392156862745 0.2596640537513998 0.06016042780748663 0.029395296752519597
0 0.7965686274509803 0.2582642777155655 0.053475935828877004 0.026595744680851064
0 0.8617468805704099 0.26035834266517355 0.04122103386809269 0.01959686450167973
0 0.9230213903743316 0.2547592385218365 0.05013368983957219 0.022396416573348264
0 0.05904634581105169 0.17847704367301231 0.062388591800356503 0.020996640537514
0 0.04066844919786096 0.2078723404255319 0.03899286987522281 0.029395296752519597
0 0.038440285204991084 0.23796192609182532 0.03899286987522281 0.01959686450167973
0 0.04958110516934046 0.2673572228443449 0.061274509803921566 0.030795072788353865
2 0.08355614973262032 0.3513437849944009 0.13146167557932265 0.027995520716685332
1 0.8110516934046346 0.31634938409854424 0.05124777183600713 0.01959686450167973
1 0.8895989304812835 0.3142553191489362 0.07909982174688067 0.02379619260918253
0 0.24454545454545454 0.5683090705487122 0.07241532976827095 0.022396416573348264
0 0.24955436720142601 0.8678611422172452 0.08244206773618538 0.036394176931690926
1 0.05124777183600713 0.4416349384098544 0.057932263814616754 0.020996640537514
1 0.05570409982174688 0.47452407614781633 0.06016042780748663 0.0167973124300112
1 0.046238859180035646 0.49972004479283316 0.05904634581105169 0.013997760358342666
1 0.046238859180035646 0.5914109742441209 0.054590017825311934 0.02379619260918253
1 0.055151515151515146 0.6243001119820829 0.07018716577540107 0.01959686450167973
1 0.05013368983957219 0.6494960806270996 0.04233511586452763 0.01959686450167973
1 0.08076648841354724 0.7369876819708846 0.10806595365418895 0.015397536394176932
1 0.06907308377896614 0.6802911534154535 0.09358288770053476 0.011198208286674132
1 0.04958110516934046 0.7103919372900336 0.06350267379679145 0.026595744680851064
1 0.06963458110516933 0.7656774916013438 0.11029411764705882 0.01959686450167973
1 0.0768716577540107 0.7957782754759238 0.10695187165775401 0.015397536394176932
1 0.04958110516934046 0.824468085106383 0.061274509803921566 0.01959686450167973
1 0.07520499108734402 0.8545688689809631 0.09692513368983957 0.020996640537514
1 0.04567736185383244 0.9371556550951847 0.05570409982174688 0.020996640537514
1 0.03732620320855615 0.9623516237402016 0.05681818181818181 0.026595744680851064
0 0.23340463458110516 0.31145576707726763 0.03899286987522282 0.020996640537514
0 0.2846524064171123 0.31215005599104145 0.030080213903743314 0.022396416573348264
0 0.32754010695187163 0.31075027995520715 0.031194295900178252 0.013997760358342666
0 0.37600713012477716 0.3177491601343785 0.03676470588235294 0.022396416573348264
0 0.42502673796791446 0.3156550951847704 0.04344919786096257 0.018197088465845463
0 0.46902852049910876 0.3086562150055991 0.026737967914438502 0.018197088465845463
0 0.5163814616755793 0.31494960806270994 0.02339572192513369 0.0167973124300112
0 0.5592691622103387 0.3142553191489362 0.031194295900178252 0.009798432250839866
3 0.4913101604278075 0.15817469204927212 0.5793226381461676 0.0755879059350504
3 0.8840285204991088 0.15817469204927212 0.1659982174688058 0.06159014557670773
1 0.8778966131907309 0.3884434490481523 0.017825311942959002 0.018197088465845463
1 0.8795721925133689 0.6963941769316909 0.014483065953654188 0.020996640537514