3 0.5223950617283951 0.5643142476697737 0.2999341563786009 0.5277629826897471
0 0.6495720164609053 0.7998934753661785 0.024057613168724293 0.0258721704394142
0 0.4261646090534979 0.8027163781624501 0.09480658436213996 0.025352862849533905
0 0.8927654320987655 0.2663249001331558 0.046691358024691376 0.028069241011984
0 0.8470288065843622 0.26121171770972035 0.04068312757201642 0.028069241011984
0 0.8000164609053497 0.26504660452729695 0.04479835390946507 0.025512649800266345
0 0.7450123456790124 0.2673501997336884 0.059827160493827206 0.026018641810918803
0 0.6829711934156378 0.2663249001331558 0.06236213991769546 0.028069241011984
0 0.6187078189300411 0.266711051930759 0.05413168724279834 0.0247403462050599
0 0.4996872427983539 0.26491344873502 0.03134156378600817 0.02320905459387484
0 0.45742386831275716 0.2640213049267643 0.044954732510287976 0.037802929427430076
0 0.40843621399176955 0.26466045272969374 0.040362139917695446 0.028841544607190447
0 0.3731440329218107 0.2647936085219707 0.023588477366255117 0.020905459387483342
0 0.33641975308641975 0.266711051930759 0.04511111111111107 0.0247403462050599
0 0.28300411522633745 0.26721704394141144 0.044320987654321006 0.03395472703062583
0 0.24018930041152262 0.26415446071904125 0.036246913580246884 0.029866844207723044
0 0.20212345679012347 0.2624900133155792 0.03134156378600822 0.03062583222370173
0 0.16413991769547326 0.26607190412782955 0.03134156378600822 0.023462050599201072
0 0.12590946502057612 0.2640213049267643 0.02928395061728394 0.027563249001331544
0 0.5776378600823046 0.1706924101198402 0.0273827160493827 0.037576564580559274
0 0.4356625514403292 0.08159786950732358 0.03782716049382719 0.03145139813581892
0 0.38406584362139917 0.08415446071904129 0.05492181069958849 0.03657789613848202
0 0.3294567901234568 0.07968042609853529 0.05017283950617287 0.037856191744340885
0 0.28158024691358025 0.08095872170439414 0.03197530864197533 0.03017310252996005
0 0.23274897119341564 0.08057256990679096 0.06251851851851853 0.03350199733688416
0 0.18621399176954734 0.08173102529960055 0.03276543209876544 0.023515312916111857
0 0.14506172839506173 0.08364846870838881 0.0454238683127572 0.027350199733688425
0 0.0988477366255144 0.08262316910785619 0.04795884773662551 0.02940079893475367
0 0.051283950617283955 0.08237017310252996 0.04938271604938271 0.035033288948069244
0 0.9582139917695474 0.08249001331557923 0.07154732510288052 0.03733688415446071
0 0.8994979423868313 0.08057256990679096 0.03324279835390936 0.023262316910785626
0 0.860477366255144 0.08390146471371504 0.03276543209876539 0.02171770972037283
0 0.8324609053497943 0.08390146471371504 0.017884773662551454 0.02171770972037283
0 0.7969300411522634 0.08428761651131823 0.043366255144032965 0.018388814913448737
0 0.7549053497942387 0.08351531291611185 0.03371193415637863 0.014806924101198408
3 0.49958847736625517 0.030745672436750998 0.9991769547325103 0.061491344873501996
3 0.852641975308642 0.17632490013315577 0.1421316872427984 0.08774966711051933