2 0.4480887096774194 0.07951327433628318 0.3316532258064516 0.04839601769911504
0 0.13306451612903225 0.015907079646017702 0.038306451612903226 0.031803097345132744
0 0.17943548387096775 0.016592920353982302 0.03024193548387097 0.033185840707964605
0 0.21471774193548387 0.013827433628318585 0.02620967741935484 0.02765486725663717
0 0.24849193548387097 0.01797566371681416 0.03125 0.02765486725663717
0 0.29486290322580644 0.015210176991150442 0.04334677419354839 0.030420353982300884
0 0.3397177419354839 0.016592920353982302 0.034274193548387094 0.024889380530973452
0 0.3795403225806452 0.020055309734513273 0.03528225806451613 0.029037610619469027
0 0.4269193548387097 0.01728982300884956 0.037298387096774195 0.029037610619469027
0 0.47076612903225806 0.013141592920353985 0.024193548387096774 0.020741150442477877
0 0.719758064516129 0.015907079646017702 0.02217741935483871 0.015210176991150445
0 0.7479838709677419 0.01728982300884956 0.024193548387096774 0.012444690265486728
0 0.7832661290322581 0.01797566371681416 0.03024193548387097 0.019358407079646017
0 0.8165322580645161 0.01728982300884956 0.016129032258064516 0.01797566371681416
0 0.8392177419354839 0.019358407079646017 0.021169354838709676 0.016592920353982302
0 0.8770161290322581 0.013827433628318585 0.028225806451612902 0.022123893805309734
0 0.9319596774193549 0.01728982300884956 0.06149193548387097 0.02350663716814159
0 0.14566935483870969 0.14933628318584072 0.07358870967741936 0.03595132743362832
0 0.2006048387096774 0.15071902654867256 0.03225806451612903 0.024889380530973452
0 0.23337096774193547 0.15210176991150443 0.02721774193548387 0.022123893805309734
0 0.2656290322580645 0.1555641592920354 0.023185483870967742 0.01797566371681416
0 0.2999032258064516 0.15141592920353983 0.023185483870967742 0.02350663716814159
0 0.3407258064516129 0.14933628318584072 0.038306451612903226 0.019358407079646017
0 0.3860887096774194 0.14795353982300885 0.03225806451612903 0.016592920353982302
0 0.4163306451612903 0.1458849557522124 0.024193548387096774 0.015210176991150442
0 0.4480887096774194 0.15071902654867256 0.03125 0.024889380530973452
0 0.48689516129032256 0.15279867256637167 0.034274193548387094 0.015210176991150442
0 0.5241935483870968 0.15486725663716813 0.028225806451612902 0.019358407079646017
0 0.6300403225806451 0.15003318584070796 0.05241935483870968 0.020741150442477877
0 0.6844758064516129 0.15141592920353983 0.05241935483870968 0.01797566371681416
0 0.7399193548387096 0.1534845132743363 0.05443548387096774 0.016592920353982302
0 0.7872983870967742 0.15210176991150443 0.03225806451612903 0.019358407079646017
0 0.8256048387096774 0.1534845132743363 0.028225806451612902 0.024889380530973452
0 0.8689516129032258 0.14933628318584072 0.03225806451612903 0.016592920353982302
0 0.4490967741935484 0.8842699115044248 0.10181451612903226 0.040099557522123894
0 0.5544354838709677 0.882887168141593 0.10685483870967742 0.040099557522123894
0 0.6643145161290323 0.8856526548672566 0.1028225806451613 0.04286504424778761
0 0.8150241935483872 0.5164601769911504 0.11189516129032268 0.03733407079646018
0 0.813508064516129 0.5613938053097345 0.11088709677419355 0.03595132743362832
0 0.9314516129032258 0.4307300884955752 0.03024193548387097 0.009679203539823008
0 0.8155241935483871 0.6768584070796461 0.11088709677419355 0.03456858407079646
1 0.7247983870967742 0.42726769911504425 0.07056451612903226 0.019358407079646017
3 0.8195564516129032 0.31319690265486727 0.27419354838709675 0.25857300884955753
0 0.14163709677419353 0.8566150442477876 0.059475806451612906 0.02350663716814159
0 0.20716129032258065 0.858683628318584 0.057459677419354836 0.022123893805309734
0 0.27268548387096775 0.8559181415929203 0.06149193548387097 0.022123893805309734
0 0.3372016129032258 0.8593805309734514 0.057459677419354836 0.02350663716814159
0 0.23337096774193547 0.8877212389380531 0.04939516129032258 0.019358407079646017