0 0.9725555555555556 0.3356385281385281 0.026322751322751324 0.0602056277056277
0 0.025661375661375663 0.336991341991342 0.02275132275132275 0.0629112554112554
0 0.9760582010582011 0.030616883116883115 0.016137566137566138 0.034588744588744585
0 0.9564179894179895 0.02724025974025974 0.01521164021164021 0.03864718614718616
0 0.7551587301587301 0.03142857142857143 0.024074074074074074 0.01673160173160173
0 0.7244074074074075 0.029675324675324678 0.02738095238095238 0.01755411255411255
0 0.698015873015873 0.03156926406926407 0.0208994708994709 0.019166666666666672
0 0.6707037037037038 0.028322510822510825 0.031084656084656083 0.025660173160173164
0 0.6412063492063492 0.0312987012987013 0.022354497354497356 0.025119047619047624
0 0.527978835978836 0.03196969696969697 0.04986772486772493 0.03729437229437229
0 0.47083597883597883 0.02724025974025974 0.05198412698412699 0.03864718614718616
0 0.4142222222222222 0.029404761904761906 0.05515873015873016 0.034318181818181824
0 0.36772486772486773 0.032380952380952385 0.02962962962962963 0.03377705627705628
0 0.3329365079365079 0.0316991341991342 0.03148148148148148 0.03242424242424242
0 0.29319047619047617 0.03142857142857143 0.03796296296296296 0.02755411255411255
0 0.8573439153439154 0.03278138528138528 0.16362433862433862 0.041082251082251074
3 0.21065079365079364 0.7265151515151514 0.401984126984127 0.506461038961039
0 0.3994708994708995 0.9547294372294372 0.008465608465608466 0.025670995670995702
1 0.043719576719576714 0.9527056277056276 0.052248677248677246 0.03243506493506496
0 0.01607407407407407 0.030757575757575758 0.015476190476190475 0.037023809523809535