0 0.07099395567494962 0.23432489451476793 0.06715916722632638 0.04370253164556963
0 0.12760241773002015 0.23357594936708861 0.026863666890530557 0.0391772151898734
0 0.1635795836131632 0.23583333333333334 0.02398253861652116 0.022605485232067516
0 0.19476158495634655 0.23809071729957806 0.024942914707857613 0.02712025316455694
0 0.22546004029550032 0.24186708860759493 0.0287844190732035 0.01356540084388187
0 0.271517797179315 0.23734177215189872 0.04221625251846878 0.025622362869198334
0 0.31564808596373406 0.23583333333333334 0.02110812625923435 0.022605485232067516
0 0.3497044996642042 0.23885021097046413 0.02398253861652118 0.022605485232067516
0 0.3837676292813969 0.23959915611814345 0.03069845533915382 0.02109704641350211
0 0.4259838817998657 0.23281645569620255 0.028784419073203425 0.02862869198312235
0 0.46051712558764274 0.23432489451476793 0.03646071188717257 0.022605485232067516
0 0.5742108797850907 0.23734177215189872 0.048932169241101345 0.03466244725738398
0 0.6332169241101411 0.23809071729957806 0.051806581598388246 0.024113924050632927
0 0.6874210879785091 0.23959915611814345 0.05468770987239763 0.018080168776371294
0 0.7421087978509067 0.23583333333333334 0.0335795836131632 0.01356540084388187
0 0.7780859637340497 0.24186708860759493 0.01726662189388854 0.01356540084388187
0 0.8212625923438549 0.23432489451476793 0.04989254533243785 0.025622362869198334
0 0.6720685023505709 0.07233122362869197 0.025903290799194047 0.02411392405063292
0 0.7022901276024177 0.07986286919831223 0.024942914707857537 0.02109704641350211
0 0.7392276695768972 0.07911392405063292 0.043176628609805215 0.025622362869198303
0 0.7684956346541303 0.07233122362869197 0.023028878441907295 0.02411392405063292
0 0.7943989254533244 0.07685654008438819 0.023028878441907295 0.02109704641350211
0 0.8318132975151108 0.07609704641350211 0.03837474815312281 0.0195886075949367
0 0.05756212222968435 0.0745886075949367 0.046051040967092005 0.02862869198312237
0 0.10265950302216253 0.07609704641350211 0.032619207521826725 0.022605485232067516
0 0.14439220953660176 0.0753481012658228 0.041255876427132306 0.0180801687763713
0 0.18180658159838817 0.0753481012658228 0.03741437206178644 0.02109704641350211
0 0.22786433848220283 0.07309071729957807 0.05276695768972468 0.0195886075949367
0 0.2710342511752854 0.0776054852320675 0.0335795836131632 0.022605485232067516
0 0.3127669576897246 0.07383966244725738 0.05180658159838817 0.02411392405063292
0 0.3679382135661518 0.08137130801687764 0.04701141705842848 0.024113924050632896
0 0.41063129617192745 0.08213080168776371 0.023028878441907295 0.0195886075949367
0 0.07483546004029551 0.31343881856540085 0.0671591672263264 0.03617088607594933
0 0.07339825386165211 0.35714135021097043 0.06811954331766286 0.030137130801687815
0 0.07531229012760243 0.4015928270042194 0.06619879113498993 0.02862869198312235
0 0.07004029550033579 0.4415295358649789 0.061403626595030215 0.024113924050632927
0 0.07387508394895903 0.48748945147679323 0.059482874412357285 0.03164556962025317
0 0.06811954331766286 0.5311919831223628 0.06523841504365345 0.022605485232067457
0 0.06859637340496977 0.5786603375527427 0.04701141705842846 0.027120253164557
0 0.0671591672263264 0.6208544303797469 0.053727333781061114 0.03315400843881863
0 0.06811954331766286 0.6525000000000001 0.05564808596373406 0.027120253164557
0 0.05900604432505037 0.6999683544303797 0.045090664875755554 0.04370253164556969
0 0.47251175285426467 0.7075 0.14103425117528542 0.037668776371308055
0 0.6193015446608462 0.7052426160337554 0.12184687709872402 0.04219409282700422
0 0.7565010073875085 0.7052426160337554 0.13719946272666217 0.03917721518987352
0 0.3261987911349899 0.715042194092827 0.10937541974479517 0.04068565400843875
3 0.577568838146407 0.4513291139240507 0.28974479516453994 0.31193037974683546
0 0.7238817998656816 0.7677848101265823 0.07963062458025524 0.02862869198312247
0 0.8030288784419073 0.7677848101265823 0.07099395567494965 0.025622362869198275
3 0.9248757555406314 0.5816772151898734 0.1285627938213565 0.283301687763713
2 0.3880859637340497 0.15370253164556963 0.34443250503693745 0.05425105485232068