0 0.1488095238095238 0.19279510022271715 0.08928571428571429 0.02923162583518931
0 0.8965833333333333 0.06542316258351893 0.12648809523809523 0.022271714922048998
0 0.8936071428571428 0.09814031180400891 0.12946428571428573 0.026447661469933183
0 0.8921190476190476 0.12876391982182628 0.11160714285714286 0.020879732739420936
0 0.8876547619047619 0.34799554565701557 0.10267857142857142 0.022271714922048998
0 0.8869047619047619 0.3807126948775056 0.11904761904761904 0.018095768374164812
0 0.895095238095238 0.4106347438752784 0.11458333333333333 0.022271714922048998
0 0.15178571428571427 0.48789532293986637 0.0744047619047619 0.020879732739420936
0 0.8898809523809523 0.6284855233853006 0.10714285714285714 0.02366369710467706
0 0.9032738095238095 0.5922939866369711 0.08333333333333333 0.026447661469933183
0 0.8943452380952381 0.65771714922049 0.11904761904761904 0.026447661469933183
0 0.895095238095238 0.6876391982182628 0.1056547619047619 0.02783964365256125
0 0.907 0.8094432071269487 0.09077380952380952 0.02923162583518931
0 0.8891428571428571 0.8414587973273943 0.12351190476190477 0.02366369710467706
0 0.8913690476190477 0.8727728285077951 0.13988095238095238 0.022271714922048998
0 0.8943452380952381 0.9020044543429844 0.12202380952380952 0.02505567928730512
1 0.8430119047619048 0.803173719376392 0.013392857142857142 0.008351893095768375
1 0.8392857142857143 0.5936859688195991 0.01488095238095238 0.009743875278396437
1 0.8430119047619048 0.3083296213808463 0.025297619047619048 0.020879732739420936
1 0.8340833333333333 0.022271714922048998 0.010416666666666666 0.01670378619153675
0 0.9055119047619048 0.030623608017817373 0.08779761904761904 0.02783964365256125