0 0.07310714285714286 0.1223027027027027 0.07254464285714286 0.012162162162162163
0 0.05133928571428571 0.14054054054054055 0.03794642857142857 0.01891891891891892
0 0.047437499999999994 0.1614918918918919 0.030133928571428565 0.006756756756756757
0 0.05133928571428571 0.1804108108108108 0.020089285714285716 0.012162162162162163
0 0.04408928571428572 0.19594594594594594 0.012276785714285714 0.008108108108108109
0 0.04632142857142857 0.21419459459459458 0.032366071428571425 0.012162162162162163
0 0.04632142857142857 0.23176216216216217 0.023437499999999993 0.014864864864864866
0 0.04575892857142857 0.25203243243243245 0.026785714285714284 0.014864864864864866
0 0.06696428571428571 0.27095135135135134 0.06919642857142858 0.00945945945945946
0 0.05803571428571429 0.28716756756756756 0.046875 0.012162162162162163
0 0.07310714285714286 0.3081081081081081 0.07700892857142858 0.013513513513513514
0 0.0546875 0.32972972972972975 0.04241071428571429 0.008108108108108109
0 0.055249999999999994 0.3493297297297297 0.04575892857142857 0.00945945945945946
0 0.05022321428571429 0.3655459459459459 0.029017857142857144 0.00945945945945946
0 0.05580357142857143 0.38716756756756754 0.044642857142857144 0.012162162162162163
0 0.05580357142857143 0.40338378378378376 0.03571428571428571 0.00945945945945946
0 0.04966964285714285 0.4196 0.021205357142857137 0.006756756756756757
0 0.05580357142857143 0.4391891891891892 0.03794642857142857 0.010810810810810811
0 0.05580357142857143 0.46014054054054054 0.04017857142857143 0.012162162162162163
0 0.0546875 0.4777081081081081 0.04017857142857143 0.006756756756756757
0 0.13169642857142858 0.035816216216216216 0.033482142857142856 0.031081081081081083
0 0.17132142857142857 0.03513513513513514 0.03459821428571429 0.021621621621621623
0 0.21261607142857142 0.031762162162162155 0.0234375 0.020270270270270268
0 0.25391071428571427 0.032432432432432434 0.0390625 0.02702702702702703
0 0.29297321428571427 0.032432432432432434 0.027901785714285716 0.016216216216216217
0 0.35547321428571427 0.03648648648648649 0.0546875 0.024324324324324326
0 0.39788392857142857 0.033783783783783786 0.025669642857142856 0.021621621621621623
0 0.4341517857142857 0.03513513513513514 0.05580357142857143 0.02972972972972973
0 0.48828571428571427 0.033783783783783786 0.05022321428571429 0.021621621621621623
0 0.5474375 0.02837837837837838 0.05022321428571429 0.016216216216216217
0 0.7728839285714285 0.033783783783783786 0.04575892857142857 0.016216216216216217
0 0.8225446428571429 0.032432432432432434 0.03125 0.013513513513513514
0 0.8828125 0.03446486486486486 0.05803571428571429 0.01486486486486486
0 0.9229910714285714 0.031762162162162155 0.020089285714285716 0.012162162162162158
0 0.9715446428571429 0.026356756756756756 0.03236607142857143 0.006756756756756757