0 0.1286520737327189 0.2226302729528536 0.23425115207373273 0.051004962779156345
0 0.3769815668202765 0.22607940446650124 0.22145161290322585 0.046873449131513686
0 0.6214746543778803 0.22194789081885855 0.193294930875576 0.04135235732009924
0 0.8736520737327189 0.2198759305210918 0.20609447004608306 0.028945409429280377
0 0.8134907834101383 0.27570719602977667 0.044804147465437906 0.02481389578163772
0 0.8775 0.27915632754342434 0.044804147465437906 0.02343672456575681
0 0.9498156682027651 0.281228287841191 0.04096774193548381 0.022059553349875968
0 0.865979262672811 0.5231637717121588 0.029447004608294868 0.028945409429280446
0 0.9267741935483872 0.5238461538461539 0.056324884792626845 0.027568238213399536
0 0.867258064516129 0.7892183622828784 0.039677419354838775 0.03171215880893293
0 0.9306221198156682 0.7885359801488833 0.05888248847926256 0.02481389578163772
0 0.11585253456221198 0.2819106699751861 0.016635944700460828 0.028945409429280377
0 0.14465437788018434 0.28398263027295284 0.010241935483870953 0.011029776674937949
0 0.1676958525345622 0.2819106699751861 0.02304147465437788 0.015161290322580678
0 0.19713133640552996 0.2805334987593052 0.025599078341013857 0.01240694789081886
0 0.22785714285714287 0.27915632754342434 0.017926267281105992 0.015161290322580678
0 0.24705069124423962 0.2750248138957816 0.012799539170506928 0.015161290322580678
0 0.283536866359447 0.2777791563275434 0.014078341013824916 0.015161290322580678
0 0.31426267281105985 0.2784615384615385 0.021762672811059893 0.01653846153846152
0 0.06336405529953917 0.27364764267990077 0.03456221198156682 0.01791563275434243
0 0.08064516129032258 0.09167493796526055 0.12800691244239634 0.13923076923076924
0 0.2220967741935484 0.09167493796526055 0.1344124423963134 0.13372208436724567
0 0.3635483870967742 0.08892059553349876 0.12544930875576035 0.1447518610421836
0 0.5017972350230415 0.09098014888337469 0.12544930875576035 0.1378535980148883
0 0.6432373271889401 0.09167493796526055 0.12417050691244237 0.13923076923076924
0 0.783410138248848 0.09442928039702234 0.13313364055299534 0.13923076923076924
0 0.9248617511520737 0.0896029776674938 0.1292857142857143 0.13509925558312652