0 0.9557222222222223 0.08737742303306727 0.0265158730158729 0.043489167616875705
0 0.9133333333333333 0.08827822120866591 0.024714285714285612 0.028711516533637408
2 0.7578492063492064 0.08827822120866591 0.3486666666666666 0.0494412770809578
0 0.48178571428571426 0.08737742303306727 0.04365079365079365 0.033124287343215514
0 0.4166666666666667 0.08672748004561004 0.05411111111111116 0.031824401368301024
0 0.35164285714285715 0.08815279361459522 0.041309523809523775 0.036750285062713786
0 0.2898650793650794 0.08750285062713796 0.06385714285714289 0.03545039908779932
0 0.22934920634920636 0.08633979475484606 0.03480952380952382 0.03519954389965793
0 0.1810952380952381 0.08503990877993159 0.03030158730158731 0.032599771949828965
0 0.1388888888888889 0.08905359179019384 0.032468253968253945 0.03234891676168758
0 0.09407142857142857 0.08750285062713796 0.023992063492063495 0.04581527936145953
1 0.03742857142857143 0.08581527936145952 0.04058730158730158 0.03623717217787913
0 0.9431825396825397 0.34777651083238315 0.05736507936507952 0.04599771949828966
0 0.9648253968253969 0.19050171037628277 0.014071428571428585 0.044492588369441255
0 0.8914126984126984 0.4803192702394527 0.09451587301587314 0.0477765108323831
0 0.8896111111111111 0.6859179019384264 0.09812698412698402 0.04849486887115162
0 0.8913253968253968 0.8921664766248574 0.10335714285714287 0.050513112884834614