0 0.9653080985915492 0.06411967779056386 0.010809859154929753 0.01879171461449942
0 0.9538028169014084 0.06463751438434982 0.006197183098591517 0.017744533947065596
0 0.9504049295774648 0.11576524741081702 0.05501760563380282 0.027928653624856168
0 0.8851848591549296 0.11602991944764096 0.0606250000000001 0.02217491369390105
0 0.8093573943661971 0.11367088607594937 0.07302816901408454 0.03210586881472958
0 0.7428433098591549 0.11393555811277331 0.054022887323943565 0.02635212888377446
0 0.6895246478873239 0.11524741081703108 0.04541373239436613 0.028975834292289997
0 0.5274735915492959 0.1147180667433832 0.03341549295774651 0.030023014959723825
0 0.48355633802816905 0.11237054085155351 0.04761443661971824 0.029493670886075945
0 0.4310387323943662 0.1172036823935558 0.04861795774647884 0.02243958573072497
0 0.3919278169014085 0.11406214039125433 0.02441021126760565 0.02871116225546604
0 0.35121478873239437 0.11406214039125433 0.045017605633802804 0.02871116225546604
0 0.2950968309859155 0.11642117376294592 0.046813380281690097 0.029228998849252022
0 0.24848591549295773 0.11589182968929804 0.037614436619718326 0.030276179516685847
0 0.21057218309859158 0.1138089758342923 0.03181338028169015 0.02400460299194478
0 0.17185739436619718 0.11654775604142693 0.03241197183098591 0.02112773302646722
0 0.13054577464788733 0.11406214039125433 0.03981514084507043 0.01825086306098966
2 0.4357394366197183 0.03352128883774453 0.4121302816901409 0.05384349827387802
0 0.046540492957746475 0.498722669735328 0.028107394366197178 0.0225891829689298
0 0.04504401408450704 0.3443153049482163 0.028107394366197188 0.0225891829689298
0 0.05514964788732394 0.4786881472957423 0.05088028169014084 0.016202531645569666
0 0.06237676056338028 0.45444188722669737 0.06309859154929578 0.02115074798619102
0 0.05749119718309859 0.2803567318757192 0.059436619718309845 0.01693901035673191
0 0.05382042253521127 0.2136248561565017 0.05242077464788732 0.02423475258918297
0 0.06470950704225352 0.39280782508630613 0.06998239436619719 0.021024165707709992
0 0.06110035211267605 0.43258918296892984 0.059436619718309845 0.01693901035673191
0 0.05454225352112676 0.41204833141542 0.048547535211267596 0.01883774453394707
0 0.05365316901408451 0.3242807825086306 0.05088028169014084 0.016202531645569666
0 0.06321302816901408 0.23767548906789412 0.06998239436619719 0.021024165707709992
0 0.05088028169014084 0.3000345224395857 0.04309859154929578 0.02115074798619102
0 0.06142605633802817 0.3687571921749137 0.06463908450704225 0.024234752589182906
0 0.053045774647887324 0.2576409666283084 0.048547535211267596 0.01883774453394707
0 0.0575968309859155 0.7379746835443037 0.059436619718309845 0.01693901035673191
0 0.060757042253521125 0.717433831990794 0.06242957746478872 0.01883774453394694
0 0.06786971830985915 0.6945684695051784 0.06998239436619719 0.021024165707709992
0 0.06403169014084506 0.674867663981588 0.06463908450704225 0.024234752589182906
0 0.05014964788732394 0.64897583429229 0.03755281690140845 0.02258918296892993
0 0.06404049295774648 0.6296662830840045 0.06198943661971833 0.016202531645569538
0 0.06415492957746478 0.5437859608745684 0.06998239436619719 0.021024165707709992
0 0.051822183098591545 0.6075949367088608 0.04309859154929577 0.02115074798619115
0 0.060545774647887324 0.5850172612197928 0.059436619718309845 0.01693901035673191
0 0.051214788732394365 0.5673878020713464 0.048547535211267596 0.01883774453394707
0 0.059207746478873245 0.52409666283084 0.05242077464788732 0.024234752589182906
0 0.04265845070422535 0.8054315304948216 0.022218309859154926 0.011921749136938895
0 0.04765845070422535 0.8282968929804373 0.034436619718309865 0.016996547756041407
0 0.03588028169014084 0.8495742232451093 0.010889084507042257 0.016547756041427053
0 0.05621478873239437 0.8713578826237055 0.05376760563380282 0.01944764096662841
0 0.04804577464788732 0.8945799769850402 0.036329225352112686 0.01944764096662841
0 0.05838028169014084 0.9162945914844649 0.05477112676056338 0.02103567318757189
3 0.598943661971831 0.3715304948216341 0.7444014084507043 0.4297238204833142