0 0.34017971758664955 0.15279672578444747 0.03594351732991014 0.030013642564802184
0 0.3395378690629012 0.19986357435197818 0.03465982028241335 0.0286493860845839
0 0.34403080872913994 0.2489768076398363 0.038510911424903725 0.017735334242837655
0 0.6392811296534018 0.16166439290586632 0.05391527599486521 0.03137789904502047
0 0.6270860077021823 0.19577080491132332 0.03979460847240052 0.0286493860845839
0 0.6290115532734275 0.24283765347885403 0.0410783055198973 0.027285129604365622
0 0.9043645699614891 0.1548431105047749 0.07060333761232349 0.015006821282401092
0 0.9159178433889602 0.20122783083219645 0.04749679075738126 0.0286493860845839
0 0.9197689345314506 0.2503410641200546 0.029525032092426188 0.023192360163710776
0 0.5109114249037228 0.9004092769440655 0.26187419768934533 0.0791268758526603
1 0.15853658536585366 0.3969986357435198 0.13478818998716302 0.02455661664392906
1 0.44030808729139925 0.39631650750341063 0.13350449293966624 0.023192360163710776
1 0.7291399229781772 0.3922237380627558 0.13607188703465983 0.023192360163710776
1 0.18485237483953787 0.4331514324693042 0.17458279845956354 0.017735334242837655
1 0.4704749679075738 0.4324693042291951 0.19897304236200256 0.021828103683492497
1 0.7265725288831836 0.43860845839017737 0.14120667522464697 0.023192360163710776
1 0.15468549422336328 0.4713506139154161 0.12708600770218229 0.02592087312414734
1 0.4621309370988447 0.46248294679399726 0.17201540436456997 0.02455661664392906
1 0.748395378690629 0.4665757162346521 0.1643132220795892 0.02455661664392906
1 0.15019255455712452 0.5088676671214188 0.1258023106546855 0.02455661664392906
1 0.45892169448010267 0.504774897680764 0.17843388960205392 0.02455661664392906
2 0.506418485237484 0.7005457025920873 0.5224646983311938 0.045020463847203276
2 0.5025673940949936 0.7639836289222374 0.5121951219512195 0.040927694406548434