3 0.884752808988764 0.17652795838751625 0.2089550561797753 0.32669700910273086
0 0.3565393258426966 0.10864759427828348 0.0513932584269663 0.02910273081924577
0 0.35783146067415733 0.2717685305591678 0.27119101123595507 0.05479843953185954
0 0.633067415730337 0.2663849154746424 0.2698539325842697 0.049817945383615087
3 0.4919325842696629 0.3461638491547464 0.55438202247191 0.09247074122236673
0 0.7042247191011236 0.35817945383615085 0.07760674157303364 0.03691807542262677
0 0.36130337078651686 0.5811183355006502 0.05093258426966297 0.03488946684005207
0 0.7227865168539326 0.7549414824447334 0.07226966292134825 0.04443433029908982
0 0.2919662921348315 0.8298049414824448 0.11699999999999999 0.04966189856957094
0 0.41434831460674154 0.8332899869960988 0.11957303370786512 0.047958387516255016
0 0.15046067415730335 0.17522756827048114 0.06870786516853931 0.03513654096228868
0 0.08696629213483147 0.25514954486345903 0.11399999999999998 0.03024707412223666
0 0.09712359550561797 0.28693107932379713 0.13680898876404493 0.02446033810143043
0 0.07851685393258427 0.31306892067620284 0.0946067415730337 0.02472041612483744
0 0.06484269662921348 0.3378283485045514 0.06975280898876404 0.02511053315994795
0 0.06365168539325843 0.4109752925877764 0.06986516853932584 0.015370611183355072
0 0.14325842696629212 0.4094018205461638 0.0717752808988764 0.023771131339401785
0 0.05417977528089887 0.43416124837451237 0.0683932584269663 0.024161248374512407
0 0.06189887640449439 0.45812743823146945 0.06885393258426967 0.02875162548764631
0 0.05259550561797753 0.48827048114434335 0.03525842696629213 0.03412223667100131
0 0.14785393258426965 0.4349544863459038 0.07847191011235954 0.019960988296488975
0 0.13429213483146066 0.4630559167750325 0.04885393258426965 0.024148244473342066
0 0.14229213483146066 0.48971391417425225 0.06235955056179774 0.03123537061118333
0 0.08479775280898877 0.5541222366710014 0.11492134831460674 0.026501950585175547
0 0.09791011235955058 0.5853185955786736 0.13715730337078652 0.02719115734720412
0 0.057719101123595504 0.6140312093628089 0.06610112359550561 0.024447334200260018
0 0.0682808988764045 0.6441222366710013 0.08857303370786516 0.02598179453836153
0 0.07701123595505618 0.6739141742522757 0.10625842696629213 0.023875162548764574
0 0.0692247191011236 0.7015474642392718 0.0891123595505618 0.02049414824447333
0 0.07004494382022472 0.7283355006501951 0.09475280898876402 0.021612483745123395
0 0.0798314606741573 0.7976853055916775 0.09698876404494382 0.024538361508452393
0 0.08506741573033708 0.8245513654096229 0.10347191011235955 0.02427828348504561
0 0.05807865168539326 0.8992847854356306 0.050831460674157315 0.020988296488946814
0 0.058415730337078656 0.9235370611183356 0.050168539325842684 0.020143042912873874
0 0.05777528089887641 0.9494928478543563 0.050224719101123604 0.02574772431729513
0 0.10169662921348313 0.9767620286085825 0.1380561797752809 0.03009102730819259
0 0.7414719101123595 0.0318075422626788 0.03368539325842699 0.019141742522756827