0 0.05746960486322188 0.08958566629339305 0.04274316109422492 0.0335946248600224
0 0.11351063829787233 0.0881858902575588 0.031344984802431614 0.030795072788353865
0 0.15625379939209727 0.08469204927211646 0.02944528875379939 0.026595744680851064
0 0.20041793313069908 0.08678611422172453 0.037993920972644375 0.01959686450167973
0 0.24506079027355623 0.09169092945128779 0.028495440729483283 0.029395296752519597
0 0.3025303951367781 0.08609182530795072 0.06743920972644377 0.029395296752519597
0 0.36379179331306993 0.0881858902575588 0.047492401215805474 0.025195968645016796
0 0.4241109422492401 0.08609182530795072 0.057940729483282674 0.03219484882418813
0 0.4877507598784194 0.083986562150056 0.04274316109422492 0.027995520716685332
0 0.9455775075987842 0.0881858902575588 0.01804711246200608 0.041993281075028
0 0.8125987841945289 0.37864501679731244 0.023746200607902737 0.026595744680851064
0 0.19709726443768996 0.37444568868980965 0.01804711246200608 0.026595744680851064
0 0.08121580547112461 0.7481858902575588 0.06174012158054711 0.03499440089585666
0 0.1515045592705167 0.7509854423292274 0.06363981762917933 0.03499440089585666
0 0.22179331306990882 0.746080627099664 0.05604103343465046 0.025195968645016796
0 0.11208206686930092 0.6893952967525195 0.13867781155015196 0.03499440089585666
0 0.501048632218845 0.9392497200447928 0.3011018237082067 0.0671892497200448