0 0.24724033358605005 0.5480637254901961 0.06655041698256253 0.03132352941176464
0 0.3121076573161486 0.5480637254901961 0.061493555724033366 0.028590686274509853
0 0.8895602729340408 0.35675245098039216 0.11962092494313889 0.04084558823529417
0 0.8878771796815769 0.40372549019607845 0.11793783169067472 0.03948529411764709
0 0.8866110689916604 0.5276470588235295 0.1187793783169068 0.04765931372549018
0 0.8878771796815769 0.581421568627451 0.10445792266868856 0.02995098039215693
0 0.886194086429113 0.29888480392156863 0.07075815011372247 0.023149509803921553
0 0.643161485974223 0.6699387254901961 0.00926459438968918 0.008174019607843227
0 0.7366717210007582 0.6161519607843137 0.0075815011372251705 0.009534313725490162
0 0.7429871114480667 0.5637254901960784 0.008423047763457089 0.01361519607843139
0 0.7720470053070508 0.6944485294117646 0.0075815011372251705 0.01361519607843125
0 0.5311296436694465 0.9490686274509804 0.16595147839272167 0.046299019607843106
0 0.6970735405610311 0.9511151960784314 0.1608946171341925 0.04493872549019617